0.4639965427	0.4856961054	0.568866863	0.5698776246	0.5858451795	0.5524012331
0.4750832501	0.4796739445	0.5357471734	0.5791567909	0.5508038109	0.562034309
0.5083764275	0.5483844179	0.5359403647	0.5696728211	0.5828354871	0.5956456375
0.5471129361	0.5153755558	0.5981335708	0.5078358819	0.572823107	0.5870396958
0.4110887887	0.5343424957	0.5471612702	0.5382736217	0.5767493536	0.5740709168
0.4764652015	0.4920179053	0.5242405599	0.5055896004	0.5430737073	0.570049693
0.4697802198	0.593062667	0.5278855132	0.5501357915	0.566611704	0.5306823876
0.5232600733	0.5376213452	0.5433415033	0.538943235	0.6009365798	0.5849902755
0.5029366467	0.5436031987	0.4846444405	0.5470885286	0.5307413897	0.5676415563
0.5296703297	0.5243121054	0.5750268386	0.5756969134	0.6003470403	0.5709538864
0.578525641	0.582340066	0.6021387246	0.5740171797	0.5323367289	0.5642906191
0.5056668821	0.5037168918	0.5603975001	0.5955237063	0.5845311714	0.5637491967
0.4277597403	0.5392435415	0.5331950729	0.5520926378	0.5583447259	0.5761426426
0.4045454545	0.5756841198	0.5553057781	0.5743488027	0.5531321375	0.5517666207
0.4477501257	0.5500301169	0.5563166001	0.5356742216	0.567309606	0.5520758479
0.5923436041	0.5420087266	0.5336659664	0.5646226119	0.557969457	0.5666946968
0.4091673033	0.5534690799	0.5217660321	0.5738388026	0.5995534226	0.5828107601
0.4613553114	0.5962061427	0.5835264294	0.5575977025	0.5739095098	0.5734006787
0.5092331688	0.5716938108	0.5883191971	0.5471598969	0.5738259453	0.584670736
0.4818681319	0.5561447099	0.5639699267	0.57850801	0.5970664217	0.5794925686
0.4532467532	0.5574568609	0.5863553114	0.6008017191	0.5729993063	0.5662196842
0.5896533613	0.5478185009	0.5497695974	0.5358641053	0.5637323066	0.5837215848
0.5436331213	0.5491181408	0.5495871639	0.5525929442	0.613895972	0.5764761333
0.4632644316	0.5022860106	0.5790441176	0.5793939092	0.6078880081	0.5716097914
0.446986347	0.5794353318	0.5541707368	0.5404829529	0.5748632658	0.5705670228
0.5466458378	0.5192002442	0.5262447248	0.5448120915	0.551203136	0.6054473453
0.4921620047	0.5758928571	0.5730594161	0.5656637174	0.5711164953	0.5718418183
0.5346736597	0.5818645171	0.5625357622	0.5610622108	0.6112860583	0.5784725186
0.4725274725	0.4891776728	0.5367350786	0.5314647975	0.557022218	0.5526992839
0.4847069597	0.5280736012	0.5470170761	0.555397709	0.5767073041	0.5921860364
0.4664835165	0.6257084193	0.5740618042	0.5887808168	0.5635551785	0.522326101
0.481893719	0.5483100308	0.5198310812	0.5724906039	0.5693763538	0.5655425674
0.5338396897	0.52100571	0.5492192992	0.5992010747	0.5680670757	0.5517281145
0.4774886878	0.5855859365	0.5681816958	0.5387719817	0.5344910538	0.5747962285
0.5543237808	0.5772536309	0.5880489336	0.583203602	0.5781891191	0.5796482089
0.4829359366	0.5721250714	0.5657372677	0.5859813765	0.5610192667	0.5958795462
0.4265796703	0.5736916882	0.5845429625	0.5413886751	0.6060803167	0.578877395
0.4909929896	0.5557479081	0.5146460179	0.5672160818	0.5563508714	0.5582045867
0.488209707	0.5096994101	0.5684381523	0.5831779853	0.5773814584	0.5603124597
0.4817765568	0.5294170924	0.556482836	0.5311546603	0.5860037185	0.5702753419
0.4910964036	0.550662998	0.5381823242	0.563521171	0.5403848847	0.5888644547
0.4727674286	0.5524853211	0.5242652572	0.5674606541	0.5694682738	0.5824987502
0.5001968061	0.5177339205	0.5472966605	0.5322824702	0.5541940086	0.5795859866
0.5142951411	0.5561604922	0.5542751502	0.5742528509	0.5294459054	0.5704143159
0.5375808016	0.5877477678	0.5544247827	0.5784044387	0.5283981301	0.5718049943
0.4856523379	0.5111236802	0.5507496273	0.5749075271	0.5758850369	0.5684104428
0.5092436975	0.5304955461	0.5821759259	0.5528354611	0.5451275178	0.5602750517
0.4908959505	0.5522992767	0.5717823027	0.5394550813	0.5372128065	0.5914320445
0.5434173669	0.5201189129	0.5147159077	0.5814434866	0.5660243991	0.5683969176
0.4622710623	0.5068638051	0.5656583863	0.5769949301	0.5270221037	0.5780617059
0.4955393871	0.541109136	0.5247542304	0.5822791448	0.5517940857	0.5597906295
0.4956501832	0.5169528388	0.5055808979	0.5656224999	0.5573422669	0.5980921454
0.4254599567	0.5700623315	0.5612254461	0.5319192482	0.53915479	0.5643271948
0.5470924908	0.4959691248	0.5304202956	0.5436097281	0.5556202037	0.6024444761
0.4885585003	0.5183271385	0.5091040904	0.5719625452	0.5904003079	0.5526281059
0.5534569597	0.5236263736	0.5539825793	0.5785888233	0.5171749084	0.5652421353
0.4462121212	0.5529203027	0.5485702614	0.5301152043	0.607292029	0.5762902614
0.4478604729	0.5129957461	0.5787683292	0.5543678141	0.5645665493	0.5799552922
0.5223335488	0.534302952	0.5433522374	0.580963249	0.5639810001	0.538386344
0.5464377126	0.592135989	0.5919514173	0.6291970677	0.5926120968	0.5812387799
0.4554320679	0.5263337765	0.5875154121	0.5525873212	0.5055252264	0.5757910438
0.4005822609	0.5673494398	0.4971508475	0.5545315613	0.5935996266	0.5800448118
0.5281922756	0.547378663	0.576807411	0.5634201277	0.5487420333	0.6032192698
0.5412321339	0.5109140655	0.5119150865	0.5883523699	0.57254874	0.5721066004
0.5718312325	0.5561313493	0.5260114205	0.586099552	0.5361413574	0.5553579178
0.5668528775	0.5892069328	0.548500832	0.5862965976	0.5738411833	0.5792920708
0.5748101164	0.5255384053	0.5468868958	0.5958830605	0.5152565662	0.5762820725
0.5687957875	0.5396017381	0.5543786687	0.5585428562	0.5523086799	0.5746881127
0.4945875203	0.5461220711	0.5796873878	0.5894737207	0.6034299881	0.5769791354
0.4040792541	0.4981856379	0.5369219968	0.5716448455	0.5669594565	0.5406389281
0.5131410256	0.5448505743	0.4818611808	0.5782402544	0.5549309832	0.5595047621
0.4163336663	0.5092504309	0.5241494616	0.5529773541	0.534539072	0.5939173614
0.5638870933	0.511790293	0.5120065392	0.5644565434	0.5837868379	0.6045420307
0.5017568216	0.5979429272	0.4840465907	0.556348766	0.5498926246	0.5896477175
0.464010989	0.5337649279	0.5807737512	0.5172033344	0.5791312038	0.5646884958
0.5469225949	0.5686487736	0.5603838971	0.5507885534	0.5894883277	0.5751028156
0.5358287546	0.528523825	0.5517053223	0.5240809028	0.5644833813	0.588388862
0.5177193313	0.482414889	0.5461943694	0.5447526008	0.5755295195	0.5905336328
0.5436813187	0.517335524	0.5348292095	0.5453866803	0.5622862187	0.574998103
0.517032967	0.4845487845	0.51004517	0.6002614533	0.5547088451	0.5738706149
0.5337328113	0.5940738796	0.5215639888	0.5661490878	0.6083671755	0.5802403681
0.5339994972	0.5504232867	0.5260035064	0.5399381868	0.5870722007	0.5866361251
0.4349792364	0.5254991536	0.5903626817	0.5728296928	0.5946298249	0.5620986171
0.5082417582	0.4916895604	0.5352502345	0.5621852053	0.5851225254	0.5824096644
0.4026556777	0.478523621	0.5505656767	0.6196609016	0.5915151	0.5863120342
0.4704682572	0.6125600932	0.5808930399	0.555728024	0.565774642	0.557833184
0.5493158802	0.4635991019	0.5515943343	0.6070662906	0.5834669648	0.5597003586
0.5439393875	0.5477788551	0.5192421528	0.5696362359	0.5547502334	0.5500902686
0.5353116246	0.5699696545	0.52031351	0.5957158226	0.5561759388	0.5588266124
0.384032634	0.5857156324	0.5191988818	0.5651609404	0.5851949349	0.5728804802
0.4955357143	0.5427926412	0.5518878095	0.5426286546	0.5363665338	0.5797982111
0.5037025066	0.5484526503	0.5780531016	0.6095277078	0.5927979734	0.5737303572
0.531959707	0.497501212	0.5193150331	0.5374952866	0.6014266766	0.5898501675
0.5149954212	0.5684963407	0.5927992215	0.5539211299	0.5631879709	0.5907913685
0.5489724736	0.5123730919	0.5410485978	0.6042141376	0.5240656647	0.5698763895
0.5171846944	0.5720084998	0.5485523055	0.5717794256	0.5419069231	0.5983507478
0.4712804353	0.5711966214	0.5547152194	0.5642089614	0.5767463814	0.5645492332
0.4364468864	0.5531760197	0.5520760013	0.5865782808	0.5681035781	0.5619698188
0.5109203297	0.6017346345	0.5426789305	0.5879883414	0.5599898029	0.5663150805
0.4773122711	0.4899285355	0.5432241835	0.5972479098	0.5766009481	0.5474057764
0.4372627373	0.5771945375	0.549270306	0.5996721394	0.5889082057	0.5929895912
0.481959707	0.4927507133	0.5138011226	0.5685334129	0.547065859	0.5575780201
0.5818977591	0.5700728773	0.5712119036	0.5911647047	0.5676661535	0.6001578229
0.4302884615	0.5405596854	0.5795653113	0.57442081	0.5857679502	0.5729065641
0.4941558442	0.4720695359	0.543816429	0.5832717818	0.576221695	0.5637930044
0.4817765568	0.5659540419	0.599893312	0.5787714065	0.5502185233	0.5687213754
0.4865842491	0.5006242736	0.5893217915	0.5691409795	0.6285033521	0.5721584655
0.4215172083	0.571650475	0.5335549076	0.5675835151	0.6036843239	0.5936830269
0.4274059274	0.5683033062	0.57734881	0.5867510011	0.586132025	0.5772166394
0.4223672161	0.5095767794	0.5144504597	0.576022813	0.5558281261	0.5898451067
0.5441849817	0.5370892588	0.5398580586	0.5262876507	0.5547609455	0.5974784224
0.5379807692	0.5675563815	0.537206421	0.555747412	0.5594648716	0.5519086626
0.4710622711	0.5384590695	0.5915119309	0.5480138412	0.5857568	0.5579276647
0.4773122711	0.4914969834	0.5880476156	0.5824648085	0.5809462837	0.5782371346
0.4629555494	0.4620702397	0.5402428046	0.5787411387	0.5835163027	0.5713287697
0.5332963605	0.5119848901	0.518302689	0.5253289925	0.5731486758	0.5808462066
0.4683254611	0.5149467159	0.5527326754	0.5569503526	0.5660091452	0.5707822529
0.5142440892	0.5280286245	0.5888974179	0.5636795502	0.564742881	0.5722365539
0.5421932234	0.5563144168	0.563911003	0.600650104	0.5962083423	0.5632441292
0.5480681492	0.5447714663	0.5380547586	0.5234440509	0.5924420922	0.5483670795
0.5591804029	0.6003979358	0.5364114078	0.5416209199	0.5818454409	0.5971383186
0.5062392265	0.5497680499	0.5544276258	0.5693806355	0.5681246158	0.5806427965
0.501007326	0.5223524025	0.5145547535	0.5373693059	0.5588537946	0.567668055
0.597275641	0.5626119881	0.5943715204	0.5707703755	0.5969143589	0.5638166518
0.4544954637	0.4825441715	0.5752838686	0.5143303082	0.5661113804	0.55392552
0.4860368798	0.5490290347	0.5444976184	0.5902776451	0.5470915101	0.5733199837
0.5426228184	0.5593648998	0.6056589495	0.5171961413	0.5684284098	0.5841873916
0.546929541	0.5270762938	0.5198762409	0.5720195407	0.5923424417	0.5729234145
0.5158810574	0.4817128047	0.5674287844	0.5762144718	0.5587000826	0.5666728237
0.4685479961	0.5274994613	0.5903594771	0.5458078466	0.5384848292	0.5646455428
0.4961538462	0.4977874647	0.5611464086	0.5840992529	0.557839251	0.5528028441
0.5203525641	0.5285813043	0.556068165	0.5897471691	0.5961788001	0.5658672661
0.5141456583	0.5066371311	0.5691602923	0.5988554	0.5944972206	0.5737017931
0.45121337	0.5563254148	0.5446963712	0.5418051822	0.5724676794	0.5730208783
0.5763830532	0.5148142911	0.5512310266	0.550035014	0.519453361	0.5577040641
0.3899433899	0.5384254022	0.4957985449	0.5390861976	0.5552204985	0.5511843538
0.5325589615	0.4949748168	0.5216696294	0.5090764219	0.5581850176	0.5756497343
0.4827651515	0.5421183166	0.5781160969	0.5708551666	0.5784574086	0.5787251719
0.4725903182	0.4658707102	0.5743240355	0.604227909	0.5498412557	0.5807105811
0.4747252747	0.5214516488	0.5415324463	0.5675450764	0.5682473151	0.5662225526
0.4219551282	0.5218817335	0.559521565	0.5892161056	0.5611633108	0.5905621095
0.5344407635	0.5953558481	0.4822535716	0.5440431301	0.5528412519	0.5614209969
0.5132783883	0.5291916417	0.5795118689	0.5705338065	0.560583611	0.5737924586
0.4434294872	0.5069711538	0.5688783768	0.5661552296	0.5505737997	0.5694637329
0.5516042373	0.5580821752	0.5489048397	0.5402817056	0.5687389919	0.5708530756
0.6027310924	0.5977318508	0.592022162	0.5921811505	0.5142858444	0.5435654698
0.530242674	0.4026192557	0.6366104584	0.5369791667	0.5729499796	0.5450198389
0.562131904	0.5011170814	0.5197663197	0.5690658606	0.5695499354	0.566560493
0.4801282051	0.5551497522	0.4917730146	0.6106632118	0.5448521426	0.5670948161
0.504222897	0.517204303	0.4685973748	0.5734798086	0.5298357035	0.5450146435
0.5214250211	0.5515412896	0.5806103211	0.5570106568	0.5660126578	0.5775477603
0.5393054658	0.536032612	0.5503096849	0.5457495629	0.5710284444	0.5649726362
0.5966251885	0.4664377289	0.5542320833	0.5896601362	0.5518002586	0.5706212009
0.5738970588	0.5673106101	0.5628865008	0.5615654131	0.5029834789	0.5494096725
0.554029304	0.4483248133	0.5220297791	0.6073018581	0.5433449149	0.5755532271
0.4978574058	0.5003447533	0.5166427255	0.5489276961	0.562489595	0.5696493752
0.5585784314	0.5245160885	0.5065681187	0.5904620502	0.5571177528	0.5530157957
0.5379120879	0.5631945744	0.5461144928	0.5596021185	0.5793181152	0.5409483654
0.4288961039	0.5930759804	0.5209066533	0.5847774957	0.5520023522	0.5799970762
0.4541496086	0.5342731991	0.5756879014	0.5656798353	0.5656753356	0.561328115
0.5774725275	0.5353219718	0.5628350114	0.5623810422	0.5483178913	0.5636464192
0.5417582418	0.5805661046	0.5453709417	0.5783213927	0.5336886621	0.5549115638
0.5105010121	0.6161281905	0.5687224626	0.5581915172	0.5171148378	0.5795856949
0.5133726568	0.5807146253	0.5419290118	0.5593362552	0.5815344459	0.5851760222
0.4556818182	0.5485576923	0.5445364276	0.5183057037	0.5504316994	0.5717760061
0.3956753773	0.5632943241	0.5990327755	0.5335182791	0.5825397818	0.5575093126
0.5353479853	0.5581959707	0.5341745673	0.5238945781	0.5549639181	0.5612679432
0.5079899267	0.5002044728	0.5606490459	0.6000677835	0.5593670545	0.5464278289
0.4839514652	0.5399179864	0.6063372279	0.5638886993	0.5835317662	0.5976361388
0.5612983014	0.5222985348	0.5798035642	0.5396349565	0.5379950184	0.5828499747
0.4376373626	0.4884278711	0.5581316015	0.5503078809	0.5766902692	0.5592457515
0.4572344322	0.5442651099	0.5340251388	0.5865091468	0.583389885	0.5868933363
0.474627211	0.596163781	0.5829423436	0.5173962078	0.5904904014	0.5633634973
0.5571953782	0.5738238885	0.5143061982	0.5837584038	0.5753558859	0.5660491916
0.4757177871	0.5059321194	0.5227477316	0.5468097552	0.5508907841	0.5744084661
0.5817746796	0.5974769716	0.6133714518	0.5615004175	0.5777343245	0.5777333773
0.5247252747	0.5763633608	0.5621770301	0.5369472235	0.6148164576	0.541197813
0.4770327712	0.5811272265	0.5388406292	0.5588775743	0.5588261085	0.5586188085
0.5344685951	0.5703919726	0.5753875482	0.5925789553	0.5706698053	0.5995203897
0.5628209617	0.5522233894	0.6046535393	0.5582074176	0.567729467	0.5729969059
0.565364415	0.5571165966	0.548240621	0.5786165132	0.572774373	0.5707018725
0.5758241758	0.5477436167	0.5393126324	0.5777144934	0.5407496709	0.578168842
0.5093406593	0.577649523	0.5696909128	0.5837487762	0.5706473102	0.5613618723
0.5382952423	0.566165697	0.5866969224	0.5347034808	0.5649662541	0.5977342796
0.5405421784	0.534184443	0.5872811034	0.5781947542	0.582666858	0.5608878933
0.477118837	0.5578760603	0.5664119921	0.5767095139	0.5779754061	0.5704642049
0.4126373626	0.5192493985	0.5525300336	0.5738125802	0.5447004956	0.5907430426
0.5082875458	0.5706346962	0.6270770881	0.5411563416	0.5597368563	0.5926421942
0.4946428571	0.5502802957	0.5538280891	0.5535820797	0.5516411697	0.5623527086
0.4908216783	0.5505784044	0.5402485916	0.5712886631	0.5896675229	0.5924066308
0.563489819	0.5609315521	0.514237572	0.5692927262	0.5091284421	0.5819353106
0.4244276557	0.5048229548	0.5006110991	0.5760196589	0.5231847483	0.5941918782
0.4761003702	0.5714231847	0.5562824624	0.5269888109	0.5787386233	0.580305229
0.5599897651	0.5301971721	0.5386194008	0.5323189678	0.5479669922	0.5639170266
0.5345993188	0.4953254058	0.5436696473	0.5468848344	0.4847405862	0.5857452001
0.562254902	0.5255680798	0.5600096641	0.6086849527	0.536137642	0.5604858003
0.5418913195	0.580361925	0.5894531373	0.537343447	0.5543477846	0.5998194717
0.5180009941	0.5651440063	0.5618043585	0.5627080925	0.5745332364	0.5323486526
0.5118078	0.6404912285	0.5384698391	0.5920056374	0.5476879085	0.5804985157
0.4617257742	0.5259525605	0.5527019141	0.548484587	0.5574635779	0.5777477016
0.3729582917	0.5003422639	0.544982074	0.5732882604	0.5533660212	0.5697729996
0.6053746499	0.5481522562	0.5464257442	0.5648982349	0.6060552446	0.5690042225
0.4596590909	0.5492698682	0.5764149364	0.5581685181	0.5788052393	0.5716930835
0.5645833333	0.5292434281	0.5666858511	0.5575956825	0.5765683439	0.5655680798
0.5131764069	0.6033891762	0.5302356642	0.6094669177	0.5836947448	0.5709445871
0.5003088415	0.4782738095	0.5641169288	0.5155003697	0.573244297	0.5518691568
0.5565422323	0.5646289437	0.5328036343	0.5339662788	0.5843556431	0.5830975795
0.5164639282	0.5751144689	0.5202637239	0.5079551984	0.5713260007	0.5818580151
0.5004578755	0.5000273011	0.5488451857	0.5802456922	0.5316016663	0.5770854053
0.459915697	0.5170199254	0.5615007541	0.5597694687	0.5767565265	0.5736226098
0.4980998168	0.5675649106	0.5809781177	0.5385778915	0.5635732242	0.5601773878
0.5244074553	0.565394054	0.6020270715	0.5903791046	0.5822411507	0.5467329647
0.5489670868	0.526426549	0.522153092	0.5942492567	0.568940961	0.5462644532
0.4137820513	0.5675729907	0.5570852486	0.5730804906	0.5679804101	0.5771822989
0.6080532213	0.5217318017	0.5642936448	0.6021527943	0.5696183022	0.5763521016
0.5444327731	0.5066277473	0.5461415763	0.5446153214	0.5415872118	0.5848754758
0.5021629106	0.4992943331	0.5488613919	0.5388503959	0.5607240665	0.5733207406
0.4502932117	0.5384164243	0.5901921329	0.5908904579	0.5440753987	0.5990409139
0.5363095238	0.5323521175	0.5233200079	0.5765677745	0.56298647	0.5754733955
0.4253663004	0.5600315126	0.5646076604	0.5499628537	0.5898812217	0.5815377018
0.5166491597	0.5702624968	0.5558890707	0.5424705793	0.5708498528	0.5894048079
0.4551282051	0.5477301498	0.529982597	0.5471454242	0.5484052222	0.5850548737
0.4663775767	0.579858887	0.5329122675	0.5797235949	0.5450880256	0.5825286846
0.5979532164	0.4641597985	0.5789706638	0.5779552706	0.555295195	0.5574251488
0.511996337	0.5979676165	0.4788107948	0.5555808243	0.5256289054	0.5779497504
0.542032967	0.6064050941	0.5861145527	0.5841375037	0.5779730499	0.5780366074
0.5579616462	0.5743429086	0.5305850332	0.5334271293	0.5279626827	0.5891201585
0.5061786253	0.5467520021	0.573002855	0.6315738796	0.5562234906	0.5833378199
0.4934065934	0.522353688	0.5667542017	0.5278873088	0.5721839375	0.5763659706
0.3953463203	0.5926733193	0.5735437765	0.5598957093	0.5554403195	0.5865771093
0.4904678655	0.5876853592	0.5334491489	0.5438887093	0.5369142691	0.5648141852
0.5201694139	0.5587911497	0.5790291136	0.5261786926	0.5200609603	0.5753389578
0.5641281513	0.5438415751	0.5672075173	0.4966026433	0.6002289197	0.5470359603
0.6053571429	0.6034223946	0.584855146	0.5784412542	0.5566506056	0.5852435928
0.5615667421	0.5462602349	0.5131182271	0.5810479961	0.5712420333	0.5544925207
0.4700695138	0.5334834895	0.5336327165	0.5445389884	0.5824361341	0.5588499776
0.4852106227	0.4869180656	0.5279100787	0.5196922359	0.5672375827	0.5861976497
0.53003663	0.548145439	0.5414903788	0.5453861874	0.527913969	0.5681830319
0.5534798535	0.5404095292	0.5658178015	0.5417166097	0.5821975565	0.5735452484
0.5391712454	0.558348147	0.5361022964	0.5089072488	0.5666290491	0.5676263316
0.3461538462	0.5090888278	0.6195527812	0.5575384132	0.5962151041	0.5976650512
0.5210851648	0.5198187229	0.5667629348	0.6005669576	0.5605973992	0.5805818459
0.5230890433	0.517924253	0.5252956738	0.5646937621	0.5737147888	0.5860621269
0.491025641	0.5686517978	0.5161679823	0.6013204202	0.5289410508	0.5872416296
0.5664148352	0.5442857592	0.5772839905	0.5786803925	0.5269238849	0.6011751192
0.5367216117	0.4967712478	0.5752617072	0.574853435	0.5455185338	0.5490882088
0.5007824284	0.5508443762	0.5265383718	0.549944959	0.5003504829	0.5847992696
0.5049086942	0.5249983344	0.5727157217	0.592143071	0.5633339382	0.5490488723
0.4749582525	0.5690201064	0.5661760217	0.5465494371	0.5324033028	0.5798167366
0.5063041126	0.5076393389	0.5556224413	0.577442032	0.5533976155	0.566568729
0.4598630536	0.5265967284	0.5497086655	0.5616282706	0.5751210464	0.5619876898
0.48371004	0.5482506464	0.5528291017	0.5536974157	0.5796074131	0.6071429705
0.5410943223	0.525709707	0.5958089432	0.5188314749	0.5637977769	0.5532325784
0.5392045455	0.5128566899	0.5309156666	0.615520844	0.5515893145	0.5664087327
0.5389355742	0.5733492385	0.5398656899	0.5971848515	0.5866806156	0.5627645061
0.5539858426	0.5550707581	0.5300168785	0.5167379173	0.5900158106	0.5778090891
0.5377006572	0.5281173687	0.5655822248	0.5824086399	0.5339566479	0.6059717039
0.573077939	0.5932650275	0.5717660199	0.5921868326	0.53736156	0.5873911329
0.4906593407	0.5684710102	0.5519169262	0.5607121492	0.5645278565	0.5775263857
0.6217127236	0.4372377622	0.4639162036	0.586356912	0.5311387151	0.5870964766
0.500206044	0.4972110406	0.5511065324	0.5761922304	0.5729732419	0.5523742284
0.5148374501	0.5851895009	0.5756333944	0.5901492809	0.5532212885	0.5674058853
0.5199202758	0.569969879	0.542268528	0.5313091422	0.5701862267	0.5821995529
0.596100829	0.4756557039	0.5358864025	0.5698604602	0.5581078498	0.574614443
0.4779304029	0.5400869963	0.5546968146	0.5466695821	0.564876969	0.5715884191
0.4111853832	0.5350052521	0.5853372039	0.5812068822	0.5556345993	0.5652384189
0.5146634411	0.5517343273	0.5813678395	0.6125041523	0.5327599117	0.5681392749
0.5340116175	0.5626770901	0.5558607901	0.5735444498	0.5683340468	0.5589064275
0.5295302736	0.5804869795	0.5471281428	0.5602685826	0.5743012461	0.5762209634
0.4527555778	0.4845626392	0.6130917099	0.5804595801	0.5670856586	0.562690575
0.5299980721	0.5480823098	0.5262627215	0.5350999346	0.5943893624	0.5897030378
0.529563941	0.5318550537	0.5452849302	0.572681679	0.5559167621	0.5547139885
0.528282257	0.5488499246	0.6023474189	0.4758510791	0.5517701824	0.5620744349
0.4610905434	0.5631692944	0.5871266669	0.5757763682	0.537779304	0.5635116799
0.5291397328	0.5063543687	0.5090485767	0.5514817597	0.5949999102	0.5480248273
0.5505265568	0.5025011141	0.5006733463	0.5474938138	0.5438067406	0.5922593355
0.488372167	0.5429818139	0.5565294978	0.573121234	0.5906862732	0.5638485616
0.5441580478	0.5797400591	0.522607077	0.5797689631	0.5841767739	0.6092494008
0.5532589959	0.584334363	0.5657611294	0.5785559008	0.5512675723	0.6028203049
0.4754724442	0.5744815234	0.5392587804	0.575009386	0.5876350855	0.5951185598
0.5741892911	0.5093375171	0.5504880604	0.6033420419	0.5489743345	0.5895975279
0.5222540939	0.4830749316	0.5531208851	0.5674009449	0.5825467751	0.5670423136
0.4959478022	0.5177783613	0.5632826052	0.5619910114	0.5220179807	0.5746749604
0.5729166667	0.5403249969	0.5455527724	0.536013027	0.6167989213	0.5431132838
0.4604624542	0.5248210198	0.5490765076	0.5492789584	0.5739553257	0.5799944575
0.4745915849	0.5397379785	0.5334478022	0.5569563698	0.5661944544	0.5504798714
0.4308737831	0.5519980224	0.5810307884	0.5724650699	0.5477917739	0.5486604647
0.4282898474	0.5165318138	0.6012946204	0.5629049056	0.5860218467	0.5749031457
0.558024043	0.4979121111	0.5673631508	0.5399776898	0.5040772708	0.5788697931
0.5294871795	0.5424948826	0.5600248686	0.585914116	0.5516297918	0.5832999283
0.4971153846	0.5681689022	0.5846916972	0.5627447496	0.5346477787	0.5739649723
0.5533664048	0.5869330424	0.5381863485	0.5454173058	0.5724201293	0.5723183913
0.5541666667	0.497584707	0.5477643408	0.5589313872	0.5493115188	0.5848866463
0.4392857143	0.5191620879	0.5196796667	0.5399924014	0.5404402645	0.5960649125
0.45378996	0.4871283741	0.5644239747	0.5957438964	0.5121550182	0.5731564795
0.4642369327	0.5396558303	0.5917564934	0.5650015308	0.5202387237	0.6014374738
0.4787441725	0.5819940476	0.5564327013	0.5953702956	0.5685239305	0.5488326893
0.3461871462	0.5361494682	0.5245873794	0.512376441	0.5307524012	0.5496620139
0.5508173844	0.4760302198	0.5525142749	0.5714877502	0.5986447784	0.561077295
0.5276556777	0.5097635208	0.5602514609	0.5521601098	0.5631974239	0.5923929334
0.4760989011	0.6167497127	0.5382896107	0.54952474	0.548865596	0.5948890128
0.4810855811	0.5709010932	0.5853996086	0.5856970681	0.5825699382	0.5734852095
0.4354395604	0.5406414675	0.5735698533	0.5658971441	0.5482559026	0.5701754291
0.4774496337	0.5460663111	0.5734034778	0.5646651449	0.5757009086	0.5794349188
0.455540293	0.5200434982	0.5614403456	0.5792642192	0.5834722166	0.6069126578
0.5731652893	0.5761485419	0.53394459	0.5846325549	0.5641282316	0.5702369824
0.4533989295	0.5683152428	0.5302979077	0.5430385597	0.564071161	0.5640825145
0.5962979423	0.559620098	0.55570787	0.5837895764	0.5557221863	0.5787045752
0.5728641457	0.6087761471	0.5657920647	0.5642871319	0.5496367496	0.5707008899
0.554581448	0.5481961054	0.5402982617	0.5479937648	0.5662757667	0.5804697878
0.5142614738	0.5303795437	0.5321805803	0.539206791	0.5830745227	0.5794493744
0.4616550117	0.4920052986	0.5695216233	0.5397096062	0.5577661962	0.5692044237
0.5328296703	0.5542454482	0.5590233833	0.5849390601	0.5911147921	0.5805592406
0.5065934066	0.5320102079	0.5622658251	0.5888906845	0.5736876032	0.5738808985
0.5451070172	0.5351419414	0.6036668941	0.6014588578	0.5872219245	0.5667149429
0.5824404762	0.4737315381	0.577299253	0.554066214	0.5554719945	0.5813282877
0.4714285714	0.5632507811	0.5460577821	0.4633949894	0.569423217	0.5589349039
0.5277701465	0.5300090228	0.5725458365	0.6010331258	0.5452677684	0.567224518
0.5387591575	0.5873728793	0.5674785726	0.5659689049	0.5802778959	0.5412774304
0.5234930511	0.5414976568	0.5638986938	0.5758302359	0.5887256698	0.5545117342
0.4706105169	0.5429285176	0.5476351528	0.5416861937	0.5591896502	0.578082414
0.5215232072	0.5236593676	0.541913329	0.5349267364	0.5640936665	0.5662616889
0.5206003555	0.5607010432	0.600316583	0.5848829157	0.5532876356	0.5867343484
0.4660027473	0.6097338936	0.5637439086	0.5511536961	0.5438266554	0.5761904266
0.485953997	0.5916134723	0.4928108656	0.531338545	0.6220473318	0.56251364
0.5274954212	0.57656351	0.5756543429	0.5718596253	0.5470194151	0.5875875455
0.5606967787	0.5547295841	0.5772154746	0.5528016392	0.5714610622	0.5646900859
0.4585164835	0.5434333028	0.5907724628	0.5764957147	0.5851631813	0.5810519275
0.4617216117	0.5252024291	0.5491250988	0.5154840881	0.5351387828	0.5292525708
0.4308608059	0.5609015436	0.5743328123	0.5932052688	0.5911969206	0.5808082189
0.5679981203	0.5274170886	0.5375318288	0.5512527387	0.5595497558	0.5527041279
0.4210339905	0.5786007594	0.594510582	0.5530379021	0.5604272362	0.5496575337
0.4628402235	0.6257561679	0.5350787557	0.5596814848	0.5798410005	0.5643817988
0.4859086991	0.552881922	0.5239689776	0.5309547377	0.5977417856	0.6054258927
0.377039627	0.5261626445	0.5105994496	0.5696979593	0.5984874753	0.5947669324
0.4659465534	0.5566082202	0.589595533	0.553375597	0.5895100325	0.5758783373
0.4913344825	0.5921011758	0.5194695011	0.5346068437	0.593607898	0.55249613
0.4247710623	0.5789284009	0.5692213424	0.5271364423	0.6125761953	0.5561275556
0.5280340983	0.5331346962	0.5498028001	0.5878836715	0.5599642489	0.5745586723
0.5541666667	0.5689594107	0.5622650455	0.5910923023	0.5440190692	0.5791347949
0.5232142857	0.5353479853	0.5527061038	0.5152306897	0.5914787582	0.5926606226
0.564300079	0.5487918514	0.5742423161	0.5830279649	0.5731399307	0.597394958
0.4570929071	0.5277481624	0.5517076061	0.6123360461	0.5957082705	0.5854663076
0.5267013688	0.5087638207	0.5913089455	0.5996352531	0.578521988	0.5832845081
0.5630180277	0.5542351235	0.5597689892	0.5507715426	0.5693637232	0.5717682837
0.3622211122	0.5633675556	0.606760554	0.5521297824	0.5686122074	0.5499702995
0.4717157842	0.500005623	0.5264201621	0.5560706332	0.5782399059	0.5885378424
0.5060672515	0.5543059903	0.5915747107	0.4851816382	0.5946708069	0.5860596967
0.4943404635	0.5394574176	0.5904263765	0.575363811	0.5717605146	0.5512987857
0.4681110556	0.5824887327	0.5805470265	0.5866641706	0.6128805942	0.55893508
0.5214060793	0.5097220214	0.5652155307	0.5029169054	0.5740956464	0.5695605506
0.4643910012	0.4989989177	0.5162671479	0.5384300732	0.5256985417	0.5679454936
0.5268772894	0.5509194849	0.5711221241	0.5437046409	0.5681763988	0.5739338149
0.5526610644	0.5191178511	0.5283811118	0.5772441272	0.5648421148	0.5631084793
0.5432153631	0.5832040509	0.5523335103	0.5122225813	0.5467410286	0.5798277439
0.4297785548	0.5089487106	0.4947137557	0.60193274	0.5688056186	0.5535691392
0.5421486408	0.5380992782	0.5387217472	0.593448837	0.578686702	0.6002057909
0.5398284314	0.6207498384	0.5855870981	0.5714707619	0.5637359424	0.579909103
0.4818681319	0.5465524671	0.5530427497	0.5811593941	0.6181498524	0.5487182533
0.5549221612	0.5650638781	0.5706021511	0.5810871624	0.6039300693	0.5657997103
0.5720238095	0.555625808	0.5332524215	0.5538063244	0.5568550954	0.5866329897
0.5733982392	0.5288023863	0.6020458622	0.5579214581	0.5648420779	0.5929492117
0.5699754902	0.5392067287	0.5935955793	0.561881103	0.5820301083	0.5604970642
0.4997037276	0.5337318931	0.5462680158	0.5862750296	0.5606999944	0.5901320074
0.4623168498	0.510555376	0.571105066	0.5437352744	0.570107915	0.5704038731
0.5243401207	0.585784739	0.5788850189	0.5933659741	0.5223802844	0.5406357491
0.3909423909	0.5455660149	0.5564361507	0.5602254057	0.5566751059	0.5808108814
0.5180631868	0.5145442793	0.5795022924	0.5454715219	0.5535018684	0.5810634045
0.5557059362	0.5401101167	0.5217509221	0.5890464192	0.5686269845	0.5670484942
0.462429972	0.5916181267	0.5793358853	0.5841503445	0.5718887812	0.5729323048
0.5845893142	0.5174861291	0.5624835404	0.5242082978	0.5746058143	0.5585127843
0.5334235617	0.5524967679	0.580474187	0.5935588996	0.5824638189	0.5500446011
0.4798534799	0.6056073796	0.5626153122	0.5620198735	0.6006924693	0.5249669388
0.4419413919	0.577332247	0.5150995519	0.511235177	0.5948962621	0.5559383176
0.5008863685	0.5562367575	0.5141261108	0.5919529392	0.5692684955	0.5825919742
0.5176817055	0.5217394125	0.5884006796	0.6029862789	0.5734406448	0.5878523734
0.5407738095	0.5518302496	0.5797830896	0.5551368426	0.5743765144	0.5685459052
0.5017058105	0.5028024671	0.5832883169	0.5595734277	0.5327847643	0.5534656501
0.4625988047	0.5867719946	0.6241783679	0.5381177952	0.5848885553	0.54187702
0.5225705667	0.5570283883	0.5379817035	0.5556032923	0.5365119916	0.5553093353
0.5699168736	0.5752302844	0.471787363	0.5411404466	0.5822363176	0.5734362653
0.4928821179	0.5725333082	0.5660477866	0.5440675832	0.5639416165	0.5769076991
0.4288877789	0.5327956357	0.5649441646	0.5903595893	0.5804842801	0.5381085534
0.4412087912	0.57395766	0.5554942062	0.4898130566	0.5970538857	0.5740438436
0.5212068633	0.4597615008	0.5314750179	0.5776164641	0.5321243626	0.5678473569
0.4739385614	0.5689984648	0.5422771673	0.6095284403	0.596250482	0.5665194352
0.4817927171	0.5681561086	0.5951605856	0.5811746325	0.5789843812	0.5790223225
0.3643439893	0.5037017989	0.4911614336	0.5343638898	0.5754727505	0.5702207678
0.5078754579	0.5479638009	0.5173462975	0.5645852411	0.5567958263	0.5802727654
0.4506410256	0.5562625455	0.5810513231	0.5364662503	0.4983910697	0.5927835909
0.4876602564	0.5461857179	0.5626304795	0.5585631748	0.5389955233	0.591283724
0.5839129073	0.5203512174	0.5633181905	0.5132398175	0.553994205	0.6007870567
0.496747003	0.5436240842	0.5885244471	0.570164272	0.5753397256	0.6058180377
0.5234432234	0.5425835398	0.5902576404	0.5617869263	0.5598704319	0.5583589534
0.5800595238	0.4671334181	0.6060116984	0.6143694219	0.5509352167	0.5870685197
0.5096854126	0.5320679321	0.5703808289	0.5540817638	0.5596272355	0.5601023604
0.510989011	0.4705092497	0.5712569716	0.5181917041	0.6107357336	0.5673581267
0.5383811858	0.5060572973	0.5519443247	0.5611514904	0.5783147455	0.5568756978
0.5518557423	0.55678596	0.5815065489	0.5606124982	0.5765474232	0.5462385239
0.5407024348	0.4966866467	0.5668552036	0.5473005548	0.5545718493	0.6024545054
0.4147374684	0.526285418	0.5695141732	0.5176795856	0.6050288355	0.5734705774
0.528731685	0.549054173	0.6118718428	0.5625200764	0.5741320023	0.5482983565
0.528451124	0.5670973838	0.5460838181	0.5485386448	0.5507124003	0.5930895678
0.5297202797	0.5032181462	0.6104870963	0.5535011954	0.575445885	0.584932448
0.4447802198	0.5874915536	0.5114455398	0.5521510046	0.552575676	0.5662986416
0.4805839993	0.5451343999	0.5578956583	0.5520494518	0.5670050392	0.5649738293
0.5385046326	0.5411401099	0.5158308195	0.5474696582	0.555576271	0.5554206595
0.5503245529	0.4915178571	0.5503294908	0.5380225269	0.5889471936	0.5586295065
0.5001602564	0.5355491548	0.5485962975	0.5457390649	0.5548738834	0.5894910278
0.5778244631	0.5611618365	0.5367219926	0.5109238204	0.5548560508	0.5405792962
0.4042540793	0.5820465686	0.5704613061	0.5060630546	0.5578600961	0.6049463449
0.3663003663	0.5481213639	0.5461740465	0.5753594429	0.542537249	0.5775275907
0.4204961705	0.5277187478	0.5139113338	0.5630033961	0.5717774971	0.574263234
0.5375457875	0.5670733678	0.5130928304	0.5758751547	0.5731096191	0.5881969879
0.557921123	0.5795172556	0.557144773	0.551310697	0.586506363	0.5697158573
0.3748543124	0.56041532	0.5573898596	0.5662055367	0.5749974209	0.5699543622
0.4467032967	0.5478839143	0.5926565565	0.5847769936	0.5445766897	0.550930411
0.4024725275	0.5883099883	0.4887594296	0.5813617282	0.5716512246	0.579805256
0.4833333333	0.5172343921	0.5745574422	0.5852315271	0.5825580779	0.5550713586
0.4580669331	0.5692112422	0.5231307908	0.561009497	0.5418117044	0.5883227763
0.4833791209	0.5479180134	0.5654308518	0.5449383439	0.5352076763	0.5588899214
0.438490676	0.521668956	0.5488395999	0.6078254471	0.5533046365	0.5729589079
0.5093837535	0.5478105024	0.5850430343	0.5512094421	0.5321442855	0.5909247192
0.5	0.5825733499	0.5801262599	0.5448460955	0.5609374161	0.5747168047
0.491616839	0.5371867286	0.567028927	0.5584406123	0.5170300361	0.5840721265
0.4612644708	0.5737861597	0.5521853827	0.5173704155	0.5638791029	0.5562980486
0.5722137877	0.5737455559	0.5485662099	0.5744375314	0.5510715467	0.5731793568
0.4770387701	0.5263949898	0.5739107856	0.5274084232	0.5529722144	0.5522413667
0.5350382461	0.604143324	0.556560093	0.5760008374	0.567733696	0.5799136983
0.5218864469	0.5127747253	0.5888453458	0.5594576175	0.5543005752	0.5870945014
0.5204441392	0.5459115242	0.5650406103	0.525826328	0.5373038649	0.5738619415
0.5119047619	0.5835786322	0.5406436292	0.5464631967	0.5657757516	0.5644307294
0.5097837212	0.562003732	0.5398181067	0.5543009284	0.572921614	0.5731399955
0.4640047453	0.477071662	0.5563718009	0.5869048741	0.572841611	0.5805612022
0.4577726195	0.5788454569	0.5560644557	0.5724332653	0.5985001484	0.5765109441
0.4536525974	0.5411199095	0.496262765	0.5574081556	0.5743097657	0.5362659017
0.5031279178	0.5126821096	0.6033381751	0.5597193753	0.5912779545	0.5398493689
0.4614468864	0.5503088415	0.5394320685	0.4943673871	0.590880206	0.59443416
0.4386446886	0.5594724108	0.5704144031	0.5362184996	0.5989769673	0.5798206611
0.4366798643	0.5431682288	0.5462350809	0.56531682	0.5431145312	0.5688314279
0.4534382284	0.6068119252	0.5519166506	0.5535436071	0.5061357107	0.5567304432
0.4675824176	0.5608156066	0.6198004674	0.5489647607	0.5423489011	0.546257517
0.476531838	0.5622258665	0.537517507	0.5555004061	0.5596014082	0.5780769046
0.4940746753	0.4639011756	0.5531286502	0.5918416116	0.5885325214	0.5445328227
0.4294955045	0.5415420976	0.5604499237	0.5800982412	0.5455211713	0.5780553034
0.5635046326	0.4608958411	0.5816209526	0.5597824631	0.5643982883	0.57755744
0.5268943475	0.5237355169	0.576373055	0.5625983585	0.5817039157	0.5747144988
0.5062271062	0.5430695326	0.5552923205	0.5575911935	0.5928278558	0.6099459858
0.3548446651	0.5313353109	0.5523353302	0.6390997585	0.567745013	0.5729340201
0.473992674	0.5124892265	0.6202741645	0.5819106649	0.5780024061	0.5873932238
0.5089137578	0.5594213718	0.5480043921	0.5695068702	0.5758327947	0.576947419
0.5248369321	0.5033270039	0.5631474441	0.5478127705	0.5518563188	0.5648013412
0.4676053114	0.5483117985	0.5319035948	0.5616538932	0.5604806876	0.5704204823
0.5614253394	0.5117380169	0.5803092605	0.5255740073	0.5544600008	0.5739467058
0.4708791209	0.531387179	0.5967050372	0.5567836473	0.5268166148	0.5703714264
0.534981685	0.5891923436	0.5417182899	0.5844225831	0.5406722311	0.5662430374
0.51666532	0.5359276323	0.5311951529	0.5835027803	0.5813962414	0.5484905869
0.5148580586	0.5565184611	0.4833015568	0.5268623635	0.5458349713	0.5746624252
0.5009157509	0.4721064883	0.5465289748	0.580694826	0.5859151414	0.5725303193
0.3943722944	0.6299755563	0.5650755613	0.5374342451	0.6078607813	0.5408894032
0.5040319974	0.4949999959	0.5506529805	0.566489612	0.5612816922	0.5740586752
0.5164304993	0.5803975436	0.5578996983	0.5906514511	0.5388720593	0.5619802349
0.5510504202	0.5349922137	0.5828525641	0.5721608967	0.6100137693	0.5739598877
0.4117673993	0.5219618617	0.534627056	0.5778017643	0.5185309488	0.5700013338
0.3815934066	0.5074435336	0.5540197197	0.5841413311	0.5515170859	0.5894847348
0.4506243756	0.5406086936	0.5903539013	0.5321365076	0.5837664485	0.5767916357
0.4614448052	0.5407123106	0.5655121023	0.5801450919	0.5308548383	0.5723327999
0.5445827049	0.5911255207	0.5623008842	0.5801144187	0.506823642	0.5943679525
0.5278708134	0.5214878259	0.5615261917	0.550085893	0.5662992889	0.5902903705
0.5054945055	0.4710279304	0.525431921	0.5853565944	0.5779553152	0.579637863
0.411261655	0.5246213958	0.5753901234	0.5781637174	0.5742907175	0.5977913734
0.5782581454	0.6249037115	0.566787869	0.5608046145	0.6153249936	0.5757674339
0.4763049451	0.5467793848	0.5663569274	0.5660746949	0.5461979524	0.6026604577
0.5118055105	0.5428260154	0.5357777027	0.589848236	0.5769229433	0.5493042291
0.5440368455	0.5226015406	0.5667018303	0.5749048085	0.5521754252	0.5839141713
0.4961120987	0.5090942146	0.5638960712	0.5708505037	0.5562116968	0.5446925174
0.4804864253	0.5582408604	0.6019782913	0.5283205421	0.5530786194	0.5962361063
0.5757932019	0.5475739334	0.5536151213	0.5816723121	0.5731571546	0.5663136088
0.5204719708	0.5713810119	0.5829549127	0.521860972	0.5787726386	0.5681507822
0.5893382353	0.5967452686	0.529422375	0.5145923113	0.5775049379	0.5597488844
0.4009790455	0.5393400309	0.5742355905	0.5569018169	0.5748902469	0.5743108581
0.5486950549	0.5328441167	0.5123435503	0.5482229565	0.5661808934	0.5735782965
0.4460622711	0.5601568023	0.5489543237	0.5876704865	0.5569556905	0.5611962788
0.486996337	0.5576312576	0.5511895784	0.5468490762	0.5528867409	0.5771106098
0.5138840326	0.5449761635	0.5494922969	0.5837886808	0.5416794957	0.5866169832
0.47397431	0.5925386501	0.59943446	0.5861143656	0.5389627774	0.5777162788
0.4823717949	0.5687951142	0.5352451399	0.6003353264	0.6268198305	0.5368903523
0.498992674	0.5565242528	0.5325184211	0.5345494477	0.5921272987	0.5712248856
0.5041235725	0.5098133484	0.5453464055	0.5476709565	0.5296262071	0.5682312659
0.4819264069	0.5492424855	0.475775309	0.5602861792	0.5582800584	0.5617474682
0.5214495064	0.562658216	0.5405661354	0.5828878085	0.5695591337	0.5755306473
0.4030525847	0.5102907509	0.5358722898	0.5469665751	0.612897468	0.5686662926
0.4470588235	0.5823787528	0.5579158587	0.5183028879	0.5587334874	0.5615557359
0.4875	0.569047619	0.5738162573	0.5615981649	0.5294991773	0.5744817891
0.5940934066	0.5658613445	0.5239253394	0.6124042254	0.6048730896	0.5634717241
0.4972527473	0.5889005602	0.5644657222	0.5528290643	0.552478623	0.5815937303
0.520453566	0.4855361142	0.586427891	0.5764277421	0.5719261784	0.578430243
0.4876479729	0.4947080085	0.5855419091	0.5433560865	0.5240288878	0.5847663201
0.5016941392	0.5281297134	0.5691777993	0.5694428121	0.534396744	0.605706456
0.5161401099	0.5240209545	0.5362791327	0.5353116316	0.550253268	0.5855545231
0.3879120879	0.5291395084	0.566309181	0.5707332587	0.5796262479	0.5850324635
0.5833993213	0.5786097857	0.560401853	0.5342521143	0.5425599727	0.5811471123
0.5358974359	0.5978383341	0.5211161388	0.5732234822	0.5575338469	0.5921734176
0.4576688018	0.5141739388	0.5741059458	0.5840317454	0.554307596	0.5958654815
0.4647435897	0.5253537312	0.5513170653	0.5967151511	0.5500439511	0.5579223717
0.5461473984	0.5497090553	0.5817650193	0.5648917227	0.6061542053	0.5612264924
0.4404512155	0.5430768427	0.5432690811	0.5381252315	0.571998783	0.5936884963
0.4875377074	0.4636364657	0.5103026467	0.6095683153	0.5847825021	0.5700245263
0.5145059189	0.5196865634	0.5243776627	0.5943340216	0.5012210012	0.6030267434
0.5200549451	0.479758538	0.5865613553	0.5794786918	0.4940334373	0.5745626692
0.5719416613	0.5588100797	0.5441037312	0.582761751	0.5832165019	0.5712245984
0.518697479	0.534813226	0.5632644725	0.546070494	0.5354639238	0.5699233298
0.2628205128	0.5695391618	0.5833584716	0.5401905188	0.5371555487	0.565819323
0.5223012282	0.5870185574	0.5780414302	0.6113847437	0.5838043166	0.5776240068
0.460607897	0.5732792105	0.5286922228	0.5675718583	0.5187740283	0.5689796792
0.4883470696	0.5764822596	0.5339948078	0.5221418282	0.5662521547	0.5857402938
0.5415979853	0.555868886	0.4977301021	0.5216665687	0.5608360267	0.5672500491
0.4330710956	0.5464285714	0.599326764	0.5841931965	0.569081688	0.5681652771
0.5428973074	0.5830919564	0.5449075413	0.553381096	0.5570073799	0.5874239639
0.457967033	0.4788951857	0.5102224551	0.5042847267	0.5629881311	0.5984712987
0.5235910289	0.5024900345	0.5627661962	0.5409478754	0.5881383323	0.5837056702
0.5327838828	0.5538488472	0.5862507182	0.5654831484	0.5857948368	0.5590118821
0.4592324342	0.5018759427	0.5392644121	0.5837555606	0.587998177	0.5763205667
0.4368589744	0.5562271062	0.6130479385	0.5809620322	0.5643447278	0.5780590759
0.5361721612	0.5350519374	0.5849841972	0.5326534501	0.5676653644	0.5967064154
0.5435710123	0.51834487	0.5788566281	0.5706784223	0.5659600122	0.5749903861
0.532760989	0.5300655839	0.5530279898	0.5381000535	0.5609444082	0.5681847128
0.5072604683	0.5774051928	0.5936629139	0.5824561876	0.5731302229	0.5667947032
0.4916895604	0.5608931714	0.5604220627	0.5653890039	0.5652818273	0.5967059482
0.4467150497	0.534773985	0.5923642391	0.5649900345	0.6229094843	0.5734893939
0.5146493213	0.4658846636	0.541675767	0.5611626527	0.5721644846	0.6025244802
0.5438092545	0.5325294191	0.5795253358	0.5648655776	0.592647692	0.5500339579
0.4721840659	0.5271062862	0.5465656348	0.5580987726	0.5468903959	0.5805662679
0.5410687352	0.469866305	0.574043549	0.5369601293	0.5621370619	0.5590840942
0.5475678733	0.5214970283	0.5673311846	0.5884647575	0.5625162595	0.5934880133
0.4993508942	0.5436900915	0.5116303488	0.5349738894	0.534745467	0.5492584381
0.5501687855	0.5412468863	0.6141143851	0.5478470876	0.5731323218	0.5827151164
0.575	0.5573354342	0.5858157996	0.5679188561	0.5450327695	0.5823070402
0.4771124709	0.4395260989	0.5678486138	0.5572641303	0.577055015	0.5722763947
0.5183379121	0.5395382191	0.6168468242	0.5643574493	0.5996872082	0.5531623483
0.5338423831	0.5061541604	0.5469730841	0.5626476282	0.5483766968	0.5768953587
0.5355082418	0.5423225059	0.4862305042	0.5896780389	0.5665478081	0.5737397297
0.4945054945	0.5019397452	0.5630947419	0.5547906444	0.5468572685	0.5639660544
0.4845695971	0.5749046093	0.5557681833	0.5491370477	0.5916485076	0.5821142939
0.4396520147	0.5503624847	0.5033424908	0.5467217015	0.5889251787	0.5784835911
0.524513844	0.5946415105	0.5491593782	0.5798836328	0.5566461308	0.6021128433
0.5499084249	0.4429070317	0.5187323434	0.531913122	0.5456099005	0.5582454422
0.4529595405	0.5168498168	0.5282398021	0.6148927655	0.5548935121	0.5674524098
0.4456285136	0.510410831	0.5780508492	0.5631551718	0.5989100012	0.5504451934
0.5107769424	0.4654981048	0.5579533062	0.5482843137	0.5862115649	0.5755363711
0.4757660554	0.5920834476	0.5704846581	0.5938691635	0.5717821137	0.5669606254
0.423992674	0.5617115115	0.5620316503	0.5899830631	0.5601859333	0.6022478968
0.5271978022	0.5887477106	0.531584564	0.5513975302	0.5825101734	0.5545916957
0.4453379953	0.5532069174	0.563638853	0.5303908	0.5792225409	0.5982711932
0.4716117216	0.5803674675	0.5439488616	0.5957660223	0.5937572721	0.5586931833
0.4688275777	0.555098129	0.5083647562	0.5754997352	0.5794013133	0.5664733714
0.5283156236	0.5420954229	0.5433039455	0.5319615128	0.5813970571	0.5734811261
0.5868955241	0.5463033698	0.5218120795	0.5703014134	0.4953222745	0.5745975733
0.5603349673	0.4681511471	0.5719738716	0.6054549612	0.5604802306	0.5717406718
0.5607462756	0.5444193062	0.5441553681	0.5856260876	0.579139942	0.573366117
0.5974222179	0.4960439683	0.6181063547	0.5863057082	0.5840535445	0.5848280557
0.5186072506	0.5297870076	0.5275141919	0.5429027178	0.5852870203	0.5840076283
0.4989842029	0.5611979728	0.5715094453	0.583420195	0.5506570064	0.5537632618
0.3899586933	0.5589512408	0.5688548924	0.5428008674	0.5787234064	0.5674636597
0.4945252116	0.4877174908	0.5354456954	0.6046856926	0.5460915473	0.5722861287
0.5869047619	0.5341890544	0.5141654728	0.5547711072	0.563969333	0.5391939916
0.5136904762	0.540241866	0.5191980792	0.5749601131	0.5480997979	0.5887687164
0.5488984055	0.527715177	0.5770533524	0.5717445835	0.5611140524	0.5768454499
0.4916645446	0.5469010361	0.5743704474	0.6149487359	0.5425970074	0.5947510769
0.49375	0.5516238867	0.5780641744	0.5738663722	0.56922147	0.5786303057
0.517669551	0.519673583	0.5883666686	0.5642102582	0.5613402662	0.5790043571
0.4578754579	0.5043115585	0.5570243482	0.5682585872	0.5953378922	0.6000511696
0.5163003663	0.4781687267	0.5906507959	0.5702684313	0.5476829938	0.5584176088
0.4673864148	0.5615283613	0.5235104084	0.5734806967	0.5614316239	0.5865932857
0.4433379121	0.4797980818	0.5307565936	0.5815528442	0.5939485308	0.556897816
0.5967787115	0.4925272032	0.5723248701	0.4745709866	0.5597918817	0.5718834043
0.5512955182	0.6212330766	0.5488162573	0.5712366677	0.5580034345	0.5819632633
0.5595150356	0.4830990088	0.5687348871	0.5557628222	0.5705454431	0.5963209658
0.5314398836	0.4973817849	0.5819017025	0.5792524061	0.5663230616	0.5725974367
0.5251741722	0.5889948996	0.5274533473	0.5591352205	0.5605755764	0.5518128395
0.4911838162	0.5322229853	0.5569819893	0.5640224123	0.5731964759	0.543340587
0.5213390776	0.5376417464	0.5732510953	0.5703996983	0.5557492099	0.5663231892
0.5740292237	0.5121987694	0.5358728296	0.5952167726	0.5382877988	0.5732093573
0.560279304	0.5070722986	0.5358157366	0.5693232421	0.5617367845	0.5623892263
0.5433572619	0.5219185194	0.5793214024	0.5524000305	0.517592994	0.5954110153
0.5525946276	0.5804274308	0.5503142283	0.5351855849	0.5561212725	0.5561067993
0.5271291209	0.5249390187	0.56087948	0.5677496625	0.5620273354	0.595571866
0.436492674	0.5068782321	0.5378655658	0.5658092826	0.5928702507	0.5521186356
0.487293752	0.5412188914	0.4948989736	0.5172246398	0.5899431318	0.5615630966
0.5908123675	0.4647408964	0.5430791001	0.5443397971	0.5165602535	0.5654764639
0.4376373626	0.4903199741	0.5490917987	0.5412763079	0.5636396696	0.5749614846
0.4506033183	0.5642527203	0.6254729017	0.5713719926	0.5442220525	0.5744248317
0.4712454212	0.4784866449	0.5412659666	0.5690934662	0.5882582682	0.553089237
0.5657509158	0.5997811625	0.56944405	0.5776224297	0.5884369286	0.5517204091
0.4087946367	0.5572950334	0.5388928065	0.586607385	0.5661577303	0.5887236723
0.4891941392	0.5447934623	0.5700694515	0.5386672559	0.5651176833	0.5607031767
0.5637506285	0.5892593357	0.5894028529	0.5391321913	0.5730664189	0.5460452177
0.4946699134	0.5415865385	0.5938467098	0.6025442211	0.5985261277	0.5771312137
0.4966647388	0.5211343191	0.5524581628	0.5589240825	0.5987452318	0.565955776
0.5162774725	0.565154331	0.5444680864	0.5750723847	0.5855705582	0.5644056904
0.6030578898	0.5864174837	0.5522045357	0.5562067936	0.5318021345	0.5693515746
0.4393772894	0.57447681	0.5533987527	0.5723295087	0.5746330523	0.5825452074
0.4868293471	0.577637086	0.5469926702	0.5985296362	0.5784876527	0.565384932
0.4808702327	0.5585330691	0.573664081	0.5350210639	0.5582495502	0.5625352174
0.478696671	0.5626286091	0.531709671	0.5703144078	0.6175716582	0.5583152735
0.55295195	0.5783573045	0.5701251778	0.5598380888	0.5398712888	0.5564816459
0.5599264706	0.5595581502	0.5936569286	0.5539770075	0.5635043306	0.5391690499
0.546474359	0.5524819543	0.5709011011	0.5865111556	0.5635460455	0.5698742378
0.4635531136	0.4362061958	0.5612888745	0.5401158541	0.5542641672	0.5685372627
0.5271062271	0.4677210453	0.5583118099	0.5408634768	0.5586672534	0.5604115776
0.5006531459	0.529366875	0.5421722749	0.5763113182	0.5777916369	0.5742885651
0.5000915751	0.5453296703	0.514326564	0.5429697039	0.5735619308	0.5556948418
0.5436826654	0.5286951986	0.583296319	0.6047803804	0.5406763326	0.5876832329
0.331018981	0.5808339665	0.5257426805	0.5280745704	0.510427783	0.5808102877
0.5226805466	0.5952285266	0.579735737	0.5542258089	0.5932106993	0.6047925464
0.4600732601	0.4874457038	0.5416912064	0.5802483915	0.5745957135	0.57947432
0.4973262032	0.5235344721	0.5271900485	0.5989405713	0.5604949544	0.5625035444
0.4503663004	0.5921974472	0.5569169121	0.5615983894	0.5857037768	0.5728718981
0.5330044955	0.54375202	0.5645614054	0.5544820086	0.5969208135	0.5512806069
0.6112421892	0.5403745152	0.4891353336	0.5851762643	0.6121977077	0.5551416106
0.4554801408	0.5335393773	0.5349576894	0.527587209	0.5998661388	0.5554232543
0.5351634885	0.5641941392	0.5737293208	0.5070367133	0.5167308719	0.5978701304
0.4770833333	0.5434618078	0.5732443618	0.5337459738	0.5699375135	0.5744817246
0.4931035876	0.5213360985	0.5420470869	0.5987473988	0.5545380183	0.5641820308
0.5296797565	0.5282657294	0.5892710367	0.5721132405	0.5367629988	0.5998191983
0.522985348	0.5191651078	0.5657328446	0.5541746228	0.5344988019	0.556106687
0.5224358974	0.5563177835	0.5034475329	0.5951575273	0.5578620481	0.5368762215
0.5215416936	0.6162346383	0.5447077976	0.4866015214	0.5893337558	0.5747606717
0.3818618881	0.5396490968	0.5431936664	0.5593277036	0.5807678828	0.5960436418
0.5759623546	0.5677259348	0.5354479542	0.5273088431	0.6042158654	0.5723183501
0.5428602443	0.5216226176	0.5601506201	0.5620168907	0.5503961432	0.5707474616
0.5421245421	0.5651489442	0.5643958223	0.5343831108	0.5477035207	0.5712010773
0.5266681031	0.5412583708	0.5504607264	0.505523643	0.5617498025	0.5835451382
0.4812271062	0.5299751719	0.6016339948	0.5869587536	0.5432041406	0.5809747809
0.4362180711	0.544873366	0.4868990079	0.5670040131	0.5521163537	0.5728904813
0.5451336675	0.5151739525	0.5971993284	0.5637227141	0.569724602	0.5639273255
0.5239468864	0.5021751125	0.532980933	0.5621316796	0.5130502912	0.5592884107
0.4774455077	0.5358480335	0.5425939472	0.5674286702	0.5724780938	0.5860912793
0.5014652015	0.5673101612	0.5336873638	0.5621691373	0.5670220139	0.5572131096
0.4695221037	0.5773381063	0.5559330784	0.5618322531	0.5491437252	0.5693082498
0.4818622962	0.5742135316	0.5389772429	0.5714764794	0.6194001359	0.5598844798
0.583638182	0.4691719841	0.5652566796	0.5639951654	0.5506079348	0.5653402849
0.4523186372	0.525393187	0.5595800713	0.5933538479	0.5639518149	0.5672183121
0.4739495798	0.5108733179	0.5269182207	0.5435453639	0.5399642347	0.5766099522
0.3513819514	0.5542609351	0.5551939095	0.5716895645	0.5753379236	0.5521809054
0.4496783853	0.5522016178	0.5614507611	0.563599481	0.5601578873	0.556037955
0.5272050318	0.4996666345	0.5762176936	0.5520797126	0.5574236685	0.5622530804
0.4430465368	0.5715470804	0.5542896646	0.5415417609	0.5739754866	0.5563383233
0.3601710789	0.5165917416	0.5704567448	0.5261195504	0.5808160274	0.5852065188
0.5278980823	0.5497554529	0.573506518	0.5793688445	0.5771037842	0.5663190976
0.4601648352	0.5755303112	0.5666462486	0.5558427415	0.5741512645	0.5790553397
0.5285485348	0.5858624219	0.52003428	0.5546325471	0.6006284376	0.5711857003
0.5386217949	0.5574253565	0.5819976979	0.5097184066	0.5696306519	0.5706271019
0.4865613553	0.5365374864	0.5805327327	0.5792825885	0.5877393238	0.5772293569
0.5714716656	0.5180605546	0.5187688537	0.5372487984	0.5555839422	0.5625730814
0.4989094239	0.5662700657	0.5907704381	0.5521383856	0.5757901481	0.5994879375
0.4386363636	0.4782363266	0.568742101	0.5737363417	0.5284289472	0.5572921005
0.4835393773	0.5616268943	0.5519808351	0.5441509063	0.53285942	0.5599601403
0.509342006	0.5525627559	0.5759090805	0.5553132819	0.5343710456	0.5550159494
0.5368495475	0.5206531214	0.5698644629	0.620729514	0.5714853284	0.5775865017
0.5177372872	0.5557173831	0.5664270499	0.5297689851	0.5690802137	0.5890585552
0.5248212164	0.5144459707	0.5750936699	0.5975616537	0.5591029232	0.5462281673
0.4854062604	0.5875603531	0.5651762167	0.5480165657	0.5710600807	0.5747500869
0.4700778388	0.5393490088	0.5298498887	0.5189435973	0.5529589447	0.5922683571
0.5517040622	0.5725374331	0.5359292997	0.5928911248	0.5736281456	0.5806135933
0.5039000215	0.470544587	0.5598597187	0.53790691	0.6071959216	0.5762615745
0.4441954245	0.5387548457	0.5694884364	0.5862222782	0.5775748761	0.5751953224
0.5448287007	0.4807129349	0.5723351633	0.5585106264	0.5214717227	0.5649100961
0.5052588343	0.5285077077	0.5540778666	0.5609855476	0.5543909264	0.5812400628
0.5673992674	0.551291621	0.5802550777	0.5566284061	0.5917675599	0.5576743954
0.4515567766	0.5332859983	0.5840599488	0.5378182683	0.5570084327	0.5751321745
0.4279241592	0.5358573412	0.5376828781	0.5944553243	0.5480548468	0.5580061427
0.467701049	0.5706237594	0.5760941129	0.550458661	0.5365806579	0.5960493463
0.4732695001	0.5482055322	0.542488598	0.4953023815	0.5333696438	0.5898664998
0.5255952381	0.5364590067	0.5623632359	0.5550820911	0.5810385267	0.5792962728
0.4831418581	0.512915169	0.5609492947	0.5471957373	0.5302350754	0.5438439113
0.529896574	0.5574516986	0.5697255753	0.5602998411	0.5458075146	0.59354608
0.4946746881	0.5827098147	0.5581418402	0.5414282033	0.5733140252	0.5999643986
0.5411607592	0.5485368111	0.581195833	0.5610936041	0.5766370536	0.5555736627
0.5152113238	0.5631582846	0.5810243542	0.5359853076	0.5702582153	0.5547920934
0.484981685	0.5719048517	0.5611950156	0.6107406289	0.5602977088	0.5855657627
0.4863273981	0.5720678015	0.5830801551	0.5098294459	0.5515427301	0.5642474186
0.4683379121	0.5371397598	0.5982821079	0.5562873589	0.5031443148	0.5775424657
0.5481872294	0.5762331215	0.5427636619	0.5677781369	0.5832539472	0.5909822582
0.3597902098	0.5413362781	0.6170492612	0.5967243713	0.5575476854	0.5614282353
0.4555631868	0.5654102025	0.5654818214	0.5752192687	0.561943816	0.5793081669
0.5454522193	0.518977591	0.5236528586	0.5603921604	0.5520919663	0.5750056903
0.4993952126	0.6252363445	0.5620096543	0.5596309838	0.532950334	0.5997152312
0.3263569764	0.5735202094	0.5851426974	0.5401190157	0.5681152731	0.5968659439
0.5164742786	0.524456834	0.5587313637	0.5800311192	0.5676467392	0.5626273499
0.4590034965	0.4619478561	0.5536544746	0.5072578769	0.5707799051	0.5708649806
0.3953629704	0.5374649248	0.5760590437	0.5872774591	0.5655539395	0.5646428733
0.5624084249	0.5784718678	0.5855244722	0.5499997739	0.5802568639	0.5569965329
0.4177322677	0.5317671299	0.5551564857	0.5351988257	0.5590681266	0.5660904816
0.4949818564	0.5472969637	0.5423759247	0.5757299723	0.5804516888	0.5731277359
0.4537545788	0.5673864738	0.598808626	0.5652264912	0.5354266558	0.5696967452
0.4071595072	0.4968286809	0.5419539611	0.5593271924	0.5464721407	0.5574334549
0.4475274725	0.5696014759	0.535985853	0.5778076649	0.5650553613	0.5614589051
0.4483287546	0.5357076135	0.5603846453	0.5870466135	0.5629332759	0.5774386026
0.3515068265	0.5518477813	0.5827826413	0.6017550652	0.5599403787	0.5652528764
0.5672578647	0.5438806904	0.6016069034	0.5795806033	0.5160760318	0.5670126341
0.4224296537	0.5299888225	0.5528026168	0.5548378511	0.587570836	0.5680825137
0.4421016484	0.473084942	0.5405479747	0.5856683859	0.578446224	0.5470861968
0.5030448718	0.4849628313	0.5800735893	0.5711509165	0.5593561311	0.5676464753
0.4633928571	0.5251845989	0.5788334351	0.5603243237	0.5359169589	0.5546946685
0.5096153846	0.5603834483	0.5451440852	0.5347601133	0.569647795	0.5856536089
0.5318181818	0.5761646442	0.5510190518	0.5607957606	0.5496713976	0.5463967515
0.4949404762	0.5139981954	0.5954909742	0.5637518629	0.6096071004	0.6106656843
0.5276171197	0.5045053598	0.5262426979	0.5451414341	0.551955407	0.5608982392
0.5169184982	0.518062942	0.5858700531	0.5625793834	0.5896298391	0.5667726432
0.4818327506	0.4731967787	0.5559445141	0.5337946571	0.528838343	0.5793150578
0.5654761905	0.5366364028	0.5470052945	0.56081944	0.5815019213	0.5923104684
0.5354180134	0.5182550905	0.6173734991	0.5642684022	0.5793484525	0.5624081423
0.4969968757	0.5360098847	0.5416684129	0.546225782	0.5307063757	0.5852684927
0.5569031459	0.5779943708	0.534912854	0.5585445498	0.6000920949	0.5735036382
0.4312354312	0.5294410859	0.5575553753	0.5913380501	0.5681019007	0.5661145227
0.523142707	0.5969832434	0.5067688031	0.5699649293	0.5572721422	0.5797394906
0.5041208791	0.5471544387	0.588326121	0.5470170761	0.5545249006	0.5449800717
0.3791208791	0.542156373	0.5599408353	0.5639972976	0.5994828086	0.5606772186
0.4874136893	0.5363373555	0.5342788454	0.5754184315	0.5473408046	0.5563979661
0.5618760325	0.5737715683	0.5450114836	0.5664461952	0.5519044028	0.5885627303
0.5731617647	0.5220059728	0.5605845543	0.5227379749	0.5539867485	0.5771487418
0.4695930295	0.5635070199	0.536337639	0.5548215577	0.5830969297	0.5822499688
0.4535943223	0.5928184314	0.60183225	0.5668378974	0.545745989	0.5651103933
0.5083104396	0.4852131819	0.5238554746	0.5735291009	0.5774238343	0.5645663678
0.3559794372	0.4961720265	0.564149848	0.5899160652	0.5634271529	0.5989784888
0.4633449883	0.4775344141	0.5403413716	0.5482052568	0.5903389357	0.593756535
0.5807773109	0.5527182989	0.4890443012	0.5528885942	0.5547828187	0.5871598635
0.4754014368	0.5394117718	0.5539019124	0.58093778	0.535582571	0.5872844394
0.5074196637	0.5282012514	0.556122788	0.5784838936	0.5714426097	0.5715846327
0.5481105904	0.5463650642	0.5868695983	0.5823111937	0.5404697427	0.5766580171
0.4583333333	0.5524045195	0.6125981747	0.5691058576	0.5505558296	0.5514768838
0.5768894096	0.5557759642	0.5417878203	0.5630548663	0.5703026467	0.5956922945
0.5405677656	0.5915524223	0.5427721516	0.61247286	0.5557113488	0.5569612326
0.5358556884	0.5268880629	0.5681316147	0.5654340827	0.5893562552	0.5791907641
0.5610321051	0.5059355269	0.5655135965	0.5775619805	0.5835307963	0.5482131755
0.4394855145	0.5954939668	0.5343543847	0.5551371117	0.5758421412	0.5803327795
0.4609432234	0.5845838684	0.5428244822	0.5286357804	0.5616831861	0.5615996259
0.5332722833	0.5423698646	0.5703258508	0.5791354683	0.5910210197	0.5466030154
0.4832213538	0.5138453458	0.5349704196	0.5627962724	0.5447832723	0.5891395887
0.5904411765	0.5809427297	0.5236938035	0.5856483273	0.574414151	0.5591005086
0.518697479	0.5260390624	0.5619301149	0.6004394588	0.5638166684	0.5612701572
0.4705128205	0.5670417205	0.5211297439	0.5499444167	0.5884002096	0.5763139301
0.512916128	0.5463057776	0.5231813508	0.5791243699	0.5777657142	0.5613871094
0.5519800869	0.5057977358	0.5309976244	0.5810440683	0.5882308051	0.5750395453
0.491025641	0.5688806292	0.4645900067	0.5736529708	0.5890581232	0.5813944151
0.4159640604	0.5796427225	0.5651700016	0.5618771649	0.5859689004	0.5616385983
0.5567182001	0.4134781885	0.5818115708	0.5785350115	0.5480592679	0.6001994995
0.5604395604	0.5580868886	0.5532202411	0.5715640091	0.5590188471	0.5692790659
0.5234997845	0.5508351738	0.549779993	0.5513861649	0.554461323	0.5830636812
0.5051847662	0.5803091345	0.5715934514	0.5107240492	0.5318269231	0.5630774759
0.4637803717	0.4734927965	0.5713957518	0.5535754686	0.5545971358	0.6093846197
0.375990676	0.5971555373	0.5546805047	0.5375428278	0.5417252914	0.5771076258
0.4552364302	0.5719383891	0.5408293504	0.5381431987	0.5988764615	0.5725059703
0.5292124542	0.587328911	0.5643304859	0.5750558754	0.5504211883	0.560386693
0.5601904223	0.5580025431	0.553889563	0.5563894949	0.555091118	0.5668502913
0.4633699634	0.5476682019	0.5825972753	0.5136714985	0.5487843121	0.5601368598
0.4064102564	0.5742961287	0.5896316646	0.5722158136	0.54329185	0.5671536756
0.5139450011	0.5618381006	0.603582651	0.5713816756	0.5703028168	0.572582857
0.4471369317	0.5041967428	0.5519566025	0.5600929197	0.5807954889	0.5675604525
0.4872955476	0.5606294441	0.5091431444	0.5256608008	0.5439553012	0.5511609508
0.5123410903	0.5823838915	0.6010490735	0.5514844847	0.5322053437	0.5766813082
0.5378663004	0.5593450259	0.5015786909	0.600305841	0.5521326498	0.571655156
0.5241298734	0.566832995	0.5381271506	0.5478116246	0.5783016236	0.5640341268
0.4483261836	0.4579374025	0.5403160479	0.5812292976	0.5554416632	0.6109746955
0.5012865403	0.5057631707	0.5783480272	0.5824814499	0.5472856555	0.5598492699
0.440285205	0.5674547062	0.5249669942	0.5823455344	0.5614652015	0.5712017435
0.4401806527	0.5530850481	0.5887451042	0.5288337211	0.5759028699	0.5867697007
0.5119047619	0.5568203243	0.5644821818	0.5264715687	0.5275698716	0.5739621447
0.5046703297	0.5889712616	0.5918348378	0.5743043093	0.5645308274	0.5548655629
0.5180465368	0.5864253157	0.5992445055	0.5667476374	0.5535758836	0.5742925139
0.4753413253	0.4857735284	0.567642121	0.5509581717	0.5742628016	0.5715985666
0.4726965437	0.4864758403	0.5852061652	0.581828078	0.5591646537	0.5712187567
0.5175054113	0.5367038051	0.5799583801	0.5988876851	0.5839107951	0.5712514165
0.5632253711	0.549512987	0.4992346297	0.5630809856	0.5517390698	0.5474169993
0.5508928571	0.5585312381	0.5690205492	0.5331328995	0.5981648645	0.5707769991
0.5059326638	0.5683998599	0.5717541718	0.5108457107	0.5886941477	0.5656277666
0.4763736264	0.5861975239	0.5820334915	0.5499433616	0.5301282992	0.554361378
0.4714423648	0.5186136662	0.5287319842	0.5856773537	0.5956860099	0.6047216629
0.5770774977	0.5281153487	0.5754477004	0.5521873294	0.5939474251	0.5646249414
0.3878205128	0.5487219888	0.552074505	0.5677194435	0.58821662	0.5395030174
0.4615800866	0.5903724952	0.5467295347	0.571018728	0.5836094431	0.5852669239
0.524772409	0.5293436547	0.5405206313	0.5646524517	0.5681122868	0.5762917954
0.5237762238	0.569481254	0.5581801727	0.5678873194	0.5817949319	0.5502643551
0.4745650183	0.47708468	0.5031618708	0.592372623	0.5186789488	0.5634225022
0.3848255911	0.5739920006	0.6022861011	0.5826294959	0.5758995717	0.5766690435
0.4111846487	0.5516173777	0.5122811034	0.5633827569	0.6074524452	0.5993615614
0.5487206421	0.6153109962	0.5357888843	0.5343279307	0.5760278615	0.5633007002
0.4765567766	0.5548174413	0.5889720846	0.5757188444	0.5646918359	0.550948284
0.5456959707	0.5231076489	0.5760556573	0.5743232102	0.5735265388	0.5522325398
0.5439432858	0.5674197126	0.5621302423	0.5758087302	0.5592954869	0.5916038187
0.5337009804	0.5445370602	0.5517406749	0.5503315108	0.563350434	0.5622651688
0.5806453351	0.5945746247	0.5653196205	0.4688248494	0.5643646305	0.5803535564
0.6203081232	0.478781562	0.5774800442	0.5699399967	0.5741975744	0.5513131135
0.555877675	0.5791841737	0.606003977	0.5658955794	0.5482841342	0.5725483912
0.5440408856	0.5340176572	0.5673724832	0.5489742692	0.5629178175	0.5747927109
0.5188186813	0.5093479437	0.5540650504	0.5511111454	0.6051739029	0.5792822932
0.3613969364	0.4819706233	0.582498578	0.5924349548	0.5893232421	0.5416983915
0.5346009383	0.5583820387	0.5643403051	0.5913264738	0.5820276713	0.5409235413
0.4604166667	0.5815173185	0.529317197	0.5758018024	0.6005826784	0.5667396007
0.5060606061	0.6130669576	0.4764264739	0.590854487	0.565574499	0.5805871496
0.5071428571	0.5609272468	0.5731029591	0.569835482	0.6125049946	0.5810141651
0.4602210655	0.5471896976	0.5898524198	0.5637765743	0.5666561264	0.5869831937
0.5397723192	0.5259581717	0.561497163	0.5566729737	0.507145828	0.5460848175
0.4866300366	0.5403240142	0.559092419	0.5756815794	0.5607240038	0.5790669642
0.4375048412	0.5186528728	0.5521423974	0.6007267533	0.5645930768	0.5828212358
0.5559173669	0.5685125332	0.5749037863	0.5589695333	0.567659024	0.5511933689
0.4159382284	0.5623929379	0.558291137	0.5756964645	0.543341993	0.5540698395
0.5221093599	0.5331921755	0.5109337966	0.5632048813	0.5452225539	0.5841976689
0.4551053114	0.5659525728	0.5714035355	0.5154700691	0.5685497754	0.6009242705
0.4536630037	0.5818018959	0.5856627327	0.5502813363	0.5708421944	0.5672994496
0.5657019859	0.440848551	0.5540233187	0.5403086803	0.5938980816	0.5852538352
0.4841346154	0.5734153682	0.596271811	0.542789318	0.5845829622	0.5925211905
0.5066982854	0.5553690859	0.5695476909	0.5803919324	0.5366241571	0.5740650434
0.3882783883	0.5384137309	0.5854153042	0.5861134796	0.5702254398	0.568565682
0.520852187	0.5400499623	0.6007456159	0.5518120983	0.5879352347	0.5766038056
0.3792873793	0.5424650899	0.5629339185	0.5638567927	0.5877426903	0.5631818328
0.4468146233	0.5084249084	0.5510284242	0.5661488161	0.6070722905	0.5882564537
0.476424311	0.4591078587	0.5603070269	0.5562618958	0.5809457536	0.6003651098
0.4513703209	0.5903406234	0.5873292614	0.5675070796	0.55600127	0.5563696675
0.5280482997	0.5677384213	0.5564818674	0.520215681	0.5854835949	0.595535667
0.4805860806	0.5680571267	0.5754329735	0.5529923508	0.5591035341	0.6091949614
0.5625	0.4855654762	0.5686267343	0.549770318	0.5734716101	0.5894103849
0.435026738	0.5126387093	0.5380293998	0.5788244532	0.5785372604	0.5582345033
0.4000973356	0.5388464477	0.543691793	0.5654315134	0.5545629534	0.5667640764
0.5372158479	0.5383075902	0.5920091755	0.5348425563	0.5852394892	0.5856993823
0.5665521978	0.5678921569	0.6073369305	0.5757890496	0.5520022624	0.5917320053
0.6066418875	0.5919903926	0.5185205318	0.5241388905	0.6029465465	0.5723610875
0.5613386549	0.5109329085	0.5370564341	0.5712817052	0.5046080145	0.5763504396
0.4920912421	0.5624593748	0.5505349362	0.5733932836	0.5510739321	0.5801930362
0.5184981685	0.491539445	0.572173631	0.5728674093	0.5210915589	0.5544012526
0.5074592075	0.5725743823	0.5594919378	0.5618932028	0.5559817767	0.5635735764
0.3736263736	0.6300011671	0.506725913	0.5492047373	0.5304713188	0.5717303062
0.4494018237	0.5711569412	0.5858200759	0.5569536366	0.5846336288	0.577953963
0.5139517345	0.5032238595	0.5939913572	0.5859542687	0.5457633633	0.5584217004
0.4030490343	0.5358361174	0.5872749212	0.5880467572	0.5493138492	0.5747445324
0.5368131868	0.5804288129	0.5001693117	0.5244086506	0.5990181808	0.5616716696
0.4363740426	0.6126874974	0.5932451084	0.5867986036	0.6090049502	0.5872408223
0.5134370016	0.5097298535	0.5340814779	0.5638505925	0.5544957085	0.5772169269
0.4634867583	0.5494047619	0.5450036132	0.5739999095	0.5790143508	0.5743436433
0.4478021978	0.5822708477	0.506634093	0.5754824118	0.5713512004	0.5935974444
0.5432530705	0.526017627	0.5261618749	0.5342211232	0.5729545442	0.5609763547
0.5532482224	0.5120205775	0.5539673562	0.5756036614	0.5485585901	0.576263767
0.4726675285	0.5443634184	0.5707159398	0.5220883589	0.5959931125	0.5786189011
0.5171011995	0.5632763682	0.5611970238	0.5961483472	0.5125684038	0.5802470519
0.439027639	0.5131974031	0.5699139912	0.5794233061	0.5459938135	0.5879291082
0.5574561404	0.4693543589	0.5608317472	0.5934168058	0.5177985263	0.5247379738
0.4863365801	0.4972988409	0.4867139805	0.5638768095	0.53315073	0.5577323378
0.4914835165	0.4915865385	0.5282435702	0.5077553112	0.5892487771	0.5768879755
0.4381181319	0.5752661726	0.5544225382	0.5127979863	0.5901883454	0.5590007127
0.5437759952	0.5284926471	0.5610565454	0.5357940772	0.5974538817	0.5946489735
0.5389194139	0.6116444014	0.5820469427	0.5781394179	0.599812994	0.5802302365
0.5300137363	0.5653480302	0.586561056	0.550812977	0.5589799159	0.5632244772
0.543557423	0.5331434497	0.6038170306	0.5551631719	0.5806719807	0.5356646473
0.5149918709	0.5545928916	0.5761254097	0.5725795446	0.5563793723	0.5961974483
0.5920500251	0.5821050316	0.511008232	0.5318297511	0.5377027221	0.559495363
0.496373357	0.5314614307	0.5415081872	0.5614723791	0.5752566796	0.5715275132
0.4809586247	0.5655287115	0.5516841002	0.5319106241	0.5288590494	0.5725973682
0.4956730769	0.4533929306	0.5789211119	0.5579942117	0.5700394132	0.5750382532
0.5274038462	0.5573313941	0.4902791925	0.5104474366	0.6068175766	0.5785295737
0.546428449	0.5859615058	0.5784702849	0.5870629392	0.5935877362	0.5852558172
0.5810457516	0.5576646189	0.5671874558	0.5516078386	0.5641936572	0.5728661988
0.5535772642	0.581891699	0.5328994535	0.5508659233	0.5900737279	0.5750827078
0.4625552144	0.4793643244	0.5645703468	0.5814563806	0.5904350195	0.5712990243
0.589654708	0.5461359107	0.566347343	0.5666209913	0.5729607798	0.5914275216
0.4882826732	0.5325800973	0.552757412	0.5549438001	0.5978687953	0.5891356006
0.5332013575	0.5445444874	0.5760145084	0.5459865196	0.5430291939	0.5560662295
0.4843677156	0.5129318394	0.5824157868	0.6010349096	0.5757534579	0.5830947157
0.4876602564	0.543417673	0.5161769195	0.5687173427	0.5621345974	0.5543091951
0.567550286	0.5430147059	0.5508838792	0.5878189417	0.6274222462	0.5916138076
0.5341851776	0.5580525479	0.5006400462	0.5575368651	0.5561164081	0.5636769407
0.5040200662	0.5421838374	0.5410639469	0.5621145861	0.5951604523	0.5975917948
0.4480769231	0.5437546662	0.6009001734	0.5769070525	0.5478771474	0.6067880745
0.5376144689	0.6348629516	0.5264802599	0.5847711343	0.5028578448	0.5810860751
0.5636204482	0.5308762928	0.5820754115	0.5416431704	0.632085214	0.5699090628
0.4960205236	0.5392951411	0.5864150147	0.5667614963	0.5607051518	0.5795483941
0.5485119048	0.5566964286	0.5627638021	0.5097243647	0.5827137792	0.5938651068
0.4759952466	0.5716103749	0.5670820701	0.5583746179	0.5538592617	0.5507752252
0.5263507326	0.5497608364	0.5780001081	0.6358094992	0.5270425245	0.5820969377
0.5366529304	0.626744711	0.5977526301	0.547330791	0.5929861938	0.5515405572
0.4601163542	0.5756466369	0.5477537169	0.5832622642	0.554685127	0.5739134837
0.5061139841	0.5363476801	0.5766106443	0.5219195117	0.574073192	0.5540210284
0.4474837662	0.5912546776	0.5452394419	0.5388913578	0.5465370895	0.5853206475
0.4634178322	0.5648580586	0.6282154528	0.5830000033	0.5705518651	0.5780657455
0.3482434232	0.4178357794	0.5923607803	0.5992851189	0.582973464	0.5631224806
0.4320283883	0.5764355742	0.5724474034	0.5743522269	0.5870308265	0.5769203767
0.5081690368	0.5334413759	0.569397893	0.5835645746	0.5634133514	0.5397454738
0.5695512821	0.5116001033	0.5819602031	0.5894284164	0.5395875366	0.5671536423
0.5536724305	0.491863345	0.5671679198	0.5401346917	0.5804716684	0.5693294771
0.4724088003	0.5586915535	0.5031251035	0.5474346324	0.572477385	0.5839840244
0.5325966925	0.4924517884	0.5331452045	0.5889314515	0.6256582964	0.5951675167
0.5420558608	0.5554491432	0.5625601523	0.5463507441	0.5499329854	0.5806961041
0.4661297036	0.5654683348	0.5408971461	0.5649596077	0.5643087782	0.5683704123
0.3955128205	0.5447115385	0.5271804312	0.5741725579	0.59779203	0.572394112
0.4641025641	0.5288008152	0.5557051723	0.5895685541	0.6056104345	0.5524797075
0.5097123465	0.5703974539	0.5648196661	0.5349391519	0.5445671653	0.5823864951
0.4139194139	0.5165629101	0.5196098206	0.5489638898	0.5570781261	0.5914824793
0.5774954212	0.5149309636	0.5713528416	0.5539446272	0.5805233247	0.5895556716
0.4652472527	0.5592625512	0.5394028765	0.5392111919	0.5672290455	0.5841706251
0.5148984594	0.511497163	0.5946557649	0.5679914545	0.5987040849	0.5759531563
0.4740796785	0.5442772301	0.5681866179	0.5596616388	0.5816784686	0.5758777364
0.5140796703	0.5550707462	0.6029071941	0.5286728794	0.5517772669	0.5788063106
0.4954212454	0.5597465218	0.5371423783	0.551552715	0.5616027523	0.5727976167
0.4953067766	0.5818955737	0.5752183274	0.5510090996	0.5605741966	0.6110149785
0.4538825145	0.525727214	0.5746610509	0.5628372171	0.5389977205	0.5751875616
0.5191641692	0.5564365169	0.513046866	0.5330017103	0.5511052583	0.5607878293
0.4160029513	0.5123342312	0.5735608346	0.555348667	0.54422154	0.5842638837
0.5781554187	0.5587752321	0.5609359552	0.5710715975	0.5761806902	0.5625275247
0.5026283765	0.5456043956	0.5395367976	0.5562352986	0.56054155	0.5444902803
0.3294538795	0.6073671223	0.5737718715	0.5878246415	0.574156961	0.5674475108
0.5391164799	0.5380680798	0.5389250864	0.5902535255	0.5515944745	0.5941903047
0.4481913919	0.5133277262	0.4978417008	0.5184436887	0.5723915511	0.5891086975
0.4681121166	0.5026327839	0.5606107808	0.5653909531	0.6024092235	0.5953582202
0.3610830346	0.5886525207	0.5802555266	0.5508659646	0.5547161975	0.5951941175
0.5185681965	0.5357070013	0.5996908671	0.5991052646	0.5708453638	0.5676351587
0.5335164835	0.5343592886	0.5132954177	0.5887331198	0.5783928571	0.5650327246
0.5638830532	0.4738542707	0.5473165043	0.5124875635	0.5591193202	0.5642220583
0.4391025641	0.5577001634	0.5736986619	0.5844952691	0.5944163104	0.5718876638
0.602246732	0.4968901165	0.5297892875	0.5389768728	0.5876808443	0.5780195525
0.4792685256	0.5762887139	0.5705288312	0.5953720262	0.5876090443	0.5560903295
0.4549208961	0.5639253699	0.5942160737	0.580038089	0.5531802593	0.572379067
0.4586538462	0.5604940983	0.5971942409	0.5698817023	0.5909738219	0.53163114
0.4965443054	0.5222858035	0.5450797139	0.589463141	0.5751911453	0.5850745986
0.4512737263	0.516555789	0.5394021692	0.5365161595	0.5674419767	0.5559792486
0.4259490509	0.567891055	0.524329796	0.6085123844	0.5676806136	0.5581228146
0.3860576923	0.5048305861	0.5853489655	0.581412938	0.5706483549	0.5889149769
0.4861811391	0.5314924047	0.6137651586	0.5793555027	0.5726435574	0.5498848247
0.5260760073	0.5517814906	0.5772030393	0.5777013471	0.5791496936	0.5835349828
0.4836247086	0.5860566485	0.5783308818	0.5743868533	0.5733907308	0.550936673
0.4366758242	0.576662043	0.5357995762	0.5989273594	0.569374166	0.585377433
0.5581043956	0.5600766268	0.598786567	0.5393243195	0.5516106443	0.5660162754
0.4994047619	0.5928932555	0.5399184944	0.5524451447	0.5560425999	0.5234911328
0.5391577785	0.5965107315	0.5511740166	0.5680815057	0.587598611	0.561601821
0.546023217	0.5446596908	0.5452587445	0.5796312106	0.5848478237	0.5910241975
0.5918489191	0.5207575072	0.5912088048	0.5839953551	0.5882762619	0.5943013666
0.5097567873	0.4673973902	0.5497514604	0.5649525923	0.5747882411	0.5781211704
0.5151098901	0.5848936066	0.5085164835	0.613609338	0.567425834	0.569561617
0.5365263413	0.5436532626	0.5583252532	0.5691890921	0.5838972337	0.5399095549
0.4050532801	0.57881922	0.5705661305	0.5715902868	0.5838857797	0.5664258849
0.5478075846	0.5446132299	0.5999075507	0.5953099188	0.5883716683	0.5818827472
0.5506868132	0.5256145171	0.5667404355	0.5726495608	0.596809676	0.56041125
0.3869047619	0.5859658691	0.5437673302	0.5871470721	0.5827694553	0.5853217981
0.5166024743	0.561545399	0.54232459	0.6005526943	0.5791879066	0.5930421241
0.5267191142	0.4836887345	0.5652658072	0.4937397162	0.5755990986	0.5746687308
0.4799948826	0.5909792156	0.5428647741	0.5667814486	0.5924586353	0.5538016067
0.4206730769	0.518977591	0.5670545141	0.5878207195	0.6092606564	0.5573978838
0.4188644689	0.5633194624	0.6155141971	0.5754026493	0.5503892225	0.5474837166
0.4804325576	0.568209303	0.5433617037	0.5722929945	0.5790273525	0.5681049068
0.4120879121	0.5587745169	0.579449921	0.5800957605	0.5369286433	0.5486484888
0.5229489873	0.5482555843	0.5229512182	0.5750374625	0.5342771333	0.605557155
0.4728021978	0.5551949888	0.5453040832	0.5503738253	0.5605582275	0.5795604475
0.3811688312	0.5762106766	0.567127771	0.5526333611	0.5805414318	0.5974301846
0.543956044	0.5676971818	0.5458538172	0.5467071773	0.5419547691	0.5872297991
0.4977564103	0.5913427871	0.5227801123	0.5646889247	0.5536019536	0.5946775782
0.5288961039	0.4984998661	0.5282257775	0.5616901771	0.5647199369	0.5632880041
0.4728695324	0.5511219173	0.5569752687	0.5586934372	0.5944353531	0.5572647163
0.5838011318	0.5593797134	0.5701159951	0.547204603	0.5652169726	0.5565138557
0.575297619	0.5347520127	0.534587578	0.5289336889	0.5592107531	0.567931653
0.5433006536	0.5572837669	0.5479193601	0.5861630592	0.5495065246	0.5473972098
0.5355933282	0.5503420599	0.5528751885	0.5926764208	0.5659863979	0.5699261415
0.5279866332	0.5523823399	0.618958698	0.5436419483	0.5917826618	0.5725789847
0.4572478992	0.580209883	0.6128657412	0.5417609845	0.5838816494	0.548129414
0.5291208791	0.4801282051	0.5129643641	0.5344256132	0.5736153307	0.5659814308
0.4499667	0.5713632568	0.5491422435	0.5562457473	0.5660464699	0.5844253285
0.5184772336	0.553663677	0.5679147986	0.5750868085	0.6175513019	0.5710529888
0.5606676004	0.5330772373	0.565541068	0.560611624	0.5803411007	0.5744318695
0.5068452381	0.4854846746	0.5471370133	0.549767114	0.5501143696	0.5632515631
0.588778909	0.5117675625	0.5756939955	0.5918536679	0.568110248	0.5643776957
0.4970951563	0.5571309818	0.5507704578	0.5827765882	0.5532676555	0.5372440401
0.6013480392	0.5065920599	0.5311031697	0.5298771474	0.5530170401	0.5962111566
0.4593119299	0.5910485112	0.5145152641	0.5594792564	0.5781729545	0.5890709594
0.5248397436	0.6111053345	0.5658434201	0.5860786369	0.5533791698	0.5524902432
0.506472694	0.5189498614	0.6093239635	0.5338413731	0.5840647588	0.570142314
0.4633787265	0.6024492202	0.5482362817	0.5667384903	0.5519021652	0.6197714908
0.5078296703	0.4852106227	0.543911611	0.5659427072	0.6034748211	0.5647957304
0.5716346154	0.5199583913	0.5215809517	0.5477570836	0.5442927798	0.5761147614
0.4456043956	0.5797275641	0.5546358691	0.5454615399	0.5558870215	0.5849317248
0.509364002	0.594572711	0.5927167718	0.5533674116	0.543529682	0.5635679697
0.5515513898	0.5364839205	0.5549502763	0.5675942838	0.5327691671	0.5738955949
0.475520313	0.5705628726	0.5841217935	0.5818742414	0.6079378735	0.5763716145
0.4727272727	0.556703162	0.5676374823	0.5928062639	0.5405505279	0.5953550715
0.4393502331	0.5337339744	0.5074485972	0.5821949502	0.5274828521	0.5768630971
0.4839431402	0.5540941289	0.566550849	0.5980292277	0.5691108238	0.5415668082
0.513003663	0.5543047478	0.5598498587	0.5995600686	0.5522968384	0.6006305025
0.5206730769	0.4970843903	0.5881416478	0.5801447316	0.5378045634	0.5788242665
0.4683129371	0.5725732364	0.6154995331	0.544495855	0.5716640914	0.5609153523
0.5638480392	0.550892507	0.5323233297	0.5351430738	0.584789916	0.5464724188
0.4932983683	0.5064770605	0.6021625283	0.5962086353	0.6007764445	0.5843745324
0.452716034	0.5648024189	0.5412057119	0.6152039873	0.5508537133	0.5615383391
0.5178800366	0.597354647	0.490737136	0.5827775155	0.5790537146	0.5643428811
0.5289148352	0.5426093514	0.5876603745	0.5589790724	0.5815783756	0.59466044
0.4663232601	0.5860547745	0.6071926139	0.5800338244	0.5703373016	0.5643943872
0.5857316746	0.5591063348	0.5511286937	0.566719861	0.5605109588	0.5366613733
0.4253663004	0.5319253663	0.5578327339	0.5444034825	0.6123519394	0.5932169696
0.5577749048	0.5269582746	0.6036468749	0.5951552736	0.6041680275	0.5370682828
0.4528388278	0.5126016484	0.5379017633	0.5868751347	0.6040107055	0.5777771818
0.5630364325	0.5697479604	0.5478038438	0.5792367596	0.5745106119	0.5764517769
0.4343497189	0.6114924259	0.5954878319	0.5990693114	0.5353472671	0.5770656633
0.5445741758	0.4503287154	0.529328433	0.576467446	0.5092427099	0.5615864818
0.419047619	0.5446812379	0.5154296548	0.5868274275	0.5959142577	0.5413982938