0.5261446886	0.5119040886	0.5950705068	0.5947031512	0.5935405526	0.5947307867
0.4998251748	0.5398887608	0.5500119935	0.6210073933	0.5780632671	0.5740745033
0.5834908964	0.5716433689	0.5670214453	0.5914632452	0.5952110716	0.6048589751
0.5846799077	0.6083652051	0.6132270013	0.5161936087	0.5832662586	0.5981618049
0.5098324878	0.5592766302	0.5611111505	0.5419537957	0.6052063227	0.5839767972
0.4944475867	0.5457852777	0.5503726794	0.5360291873	0.5638642373	0.5862042507
0.4898351648	0.6263607265	0.5522875817	0.5698252513	0.5738373718	0.5514165569
0.5647893773	0.5582440264	0.5583027267	0.5640016744	0.6310666561	0.6016869994
0.5327838828	0.6327692936	0.4970895662	0.5510240179	0.5349651724	0.6003816834
0.590955613	0.5633706367	0.5907607915	0.5959515056	0.6018162818	0.5900256179
0.5729557207	0.5969132862	0.6287310865	0.5795841118	0.5584144038	0.5842271128
0.5336309524	0.5573168457	0.5871899615	0.6134711661	0.598320046	0.579610735
0.4423409923	0.5534272444	0.5467791604	0.5787164225	0.5726656337	0.6030020919
0.4279470529	0.5927494075	0.5615152685	0.601821051	0.5674738742	0.5687264329
0.5272503232	0.5604359693	0.5779612902	0.5625299945	0.5860042838	0.5614964486
0.6438949939	0.5557598039	0.5584913453	0.5738255601	0.5796658407	0.5882533681
0.4584498834	0.5745291065	0.596631922	0.5925298762	0.611646334	0.59082002
0.4891712454	0.6265365998	0.5743863571	0.5670932315	0.5850606905	0.5826575712
0.5296775528	0.5929143773	0.5957127295	0.5667487677	0.5885711919	0.6096175748
0.5062271062	0.6039288809	0.5838862254	0.5949305886	0.6266432248	0.5948636846
0.4582500833	0.5945465686	0.6098790213	0.6152267688	0.5982789875	0.5678850497
0.6297022014	0.5626696833	0.5868076977	0.577790465	0.5675094548	0.5923209301
0.5978716824	0.597658775	0.5764933324	0.5665328952	0.6281184863	0.6039527032
0.4775953213	0.550017507	0.5826207834	0.5954946106	0.6250246705	0.5847863697
0.4983516484	0.5938377595	0.584864507	0.5525643764	0.5791258359	0.5789022849
0.578639661	0.55595889	0.5435595178	0.5473215816	0.5694717666	0.6276501704
0.4861888112	0.5797327264	0.5746117037	0.5928003358	0.5884071888	0.5787272531
0.5454751131	0.6025630179	0.5989944696	0.5770136302	0.639307767	0.5899349636
0.5335164835	0.5062592024	0.567273889	0.5492101648	0.5777879276	0.5906844615
0.5094594948	0.5706299828	0.56487377	0.5830725121	0.5776889695	0.5978010378
0.4998397436	0.6676197233	0.5965225564	0.5929813516	0.6033854763	0.5264464363
0.5829417293	0.6132880396	0.5514167127	0.6313435538	0.5756108786	0.5829277428
0.5438985851	0.5465181265	0.5768472132	0.6359369861	0.5964650597	0.5542516909
0.5211605796	0.630902825	0.5747031291	0.5867869736	0.5668098461	0.5935838441
0.6080394236	0.593184401	0.6080360766	0.6204465367	0.5779432367	0.5949491186
0.5163690476	0.6191465655	0.5847047152	0.5923857871	0.5808348596	0.6019600515
0.4334935897	0.6014223081	0.6182032271	0.5705328673	0.6064558644	0.58201829
0.620681606	0.5692518674	0.5351177639	0.5987315279	0.5756357428	0.5846442487
0.5387362637	0.539105033	0.6018029378	0.5942549619	0.6017310244	0.5856133327
0.5154761905	0.5369897281	0.5933934257	0.5698899811	0.6000379931	0.5739096067
0.5499084249	0.5869157363	0.5652225634	0.582917229	0.545276072	0.5993743425
0.5504385965	0.5906098674	0.5598707915	0.5811139841	0.5869073608	0.6006725264
0.5455513784	0.5604166667	0.5529432556	0.5521304676	0.5686252963	0.5956799332
0.5381493506	0.6239328407	0.5661664137	0.5848619416	0.5304411765	0.5870864898
0.5708333333	0.657072173	0.5846055089	0.614906321	0.545677373	0.5974620469
0.5673216081	0.5383088929	0.5820015726	0.6026361093	0.5944483853	0.588741327
0.5425945378	0.5497412514	0.6133361464	0.5790107596	0.56231619	0.5767116438
0.5472648675	0.6007465756	0.5814816311	0.5572969412	0.5747199399	0.604342206
0.6337871687	0.5624984289	0.5447389212	0.5980426001	0.6132167381	0.5761970872
0.4970695971	0.5499796342	0.5871962152	0.6174752906	0.535117252	0.5941763461
0.5716283308	0.5614964424	0.573395341	0.6003791471	0.5840333488	0.5719512984
0.5475894204	0.5394688645	0.5158999497	0.5899871639	0.5636439704	0.612380546
0.470817173	0.6118160638	0.6121679812	0.5708211245	0.5563652756	0.5760981096
0.58125	0.5543451646	0.5538801598	0.5503446174	0.579903109	0.6277389056
0.5333858543	0.5331632012	0.5266254579	0.594904799	0.6117371578	0.564798686
0.5708683473	0.5341716494	0.5639479544	0.6075955703	0.5250094268	0.5836296506
0.4477106227	0.5728776126	0.584957854	0.5672015871	0.6233270973	0.5964261351
0.5068681319	0.5612686741	0.5971820914	0.5678616592	0.5840144243	0.5905463413
0.5749245852	0.558717814	0.568586302	0.6001971074	0.5760710553	0.5555086413
0.5631625727	0.5979088346	0.5956491357	0.6512952879	0.6087975926	0.5914917771
0.4754201681	0.5311139841	0.6152328329	0.5891473534	0.5227093821	0.5913010336
0.433660702	0.6138567927	0.5290767375	0.5623206182	0.6016039155	0.5953088722
0.6234737485	0.5761711972	0.6056204961	0.5725988472	0.5896735145	0.6164185019
0.5900560224	0.5799009685	0.5299356825	0.6159933585	0.5958486431	0.5979560373
0.6081757703	0.5893728004	0.5569203536	0.62125561	0.5395180636	0.5841136117
0.6358018207	0.610285057	0.5777912447	0.6195430306	0.5904629834	0.5969089036
0.6205882353	0.5702865762	0.5592387596	0.5931016916	0.5254319386	0.6014109257
0.6502101785	0.559851974	0.5626387501	0.5676905203	0.5636778826	0.6050335988
0.5830662458	0.5745020309	0.6042727561	0.609680522	0.6093933127	0.5871281874
0.4277903469	0.5282051282	0.5705063863	0.6056090157	0.5914080734	0.5608207928
0.5591575092	0.5902160544	0.4944386088	0.5917801255	0.5842180549	0.5907384435
0.4345238095	0.5564906091	0.5433795371	0.5985997646	0.5453866803	0.6068857712
0.6234427745	0.5719414368	0.5130409215	0.5781389062	0.606868061	0.6235155007
0.5317752101	0.6266018908	0.4957100634	0.5777038278	0.5766751863	0.6009430162
0.4913110174	0.5537815126	0.6184779445	0.5544581144	0.5933765362	0.586371259
0.591660831	0.5938628977	0.5668034386	0.5746503088	0.6111833836	0.5866187285
0.5631410256	0.5561638117	0.5827737078	0.5922069513	0.5950778908	0.6110796717
0.6051672592	0.4964804191	0.569958692	0.5732803445	0.5888566254	0.6153746097
0.5377612583	0.5553109064	0.5462918546	0.5656223539	0.5721734475	0.5879572635
0.5506410256	0.5009109151	0.5551497522	0.6336921501	0.5817069708	0.605162456
0.5607398729	0.5993084734	0.53696467	0.6121252828	0.6221417325	0.5981948863
0.6063842204	0.5864687407	0.5614495641	0.5467406674	0.601770475	0.6088016539
0.4400241915	0.5469409879	0.6023858273	0.5989962179	0.6086502124	0.5729272795
0.5112637363	0.5170558608	0.558312684	0.5975000662	0.6034467957	0.5998479709
0.4542124542	0.5048198125	0.5881610764	0.6417649516	0.6219910306	0.5963597507
0.5635989011	0.6496790265	0.5812633094	0.5856470751	0.5834380162	0.5644203361
0.606035427	0.4906023307	0.5817952608	0.6323512873	0.5806157267	0.5840239858
0.5997091144	0.5782396117	0.5644942862	0.5875574589	0.5736180667	0.5558365761
0.5850544064	0.5874868048	0.5304458749	0.6087699748	0.5580302927	0.5830168245
0.4207664884	0.6031862745	0.577936026	0.5777330948	0.6045604219	0.6006795529
0.5178571429	0.6247788707	0.5843246487	0.6223379728	0.5714056446	0.6037255115
0.6449503519	0.5575206044	0.6094874252	0.6227995517	0.6059626111	0.5919287023
0.5963598901	0.5315978956	0.5443896002	0.5660068996	0.6241047283	0.5990757413
0.5397664835	0.5780491363	0.6143732493	0.5700595565	0.5921322773	0.6053673659
0.6287640056	0.5225106389	0.5551563203	0.6234859573	0.5381749623	0.583687169
0.5632020757	0.6179781207	0.5701243903	0.5997773468	0.5713183033	0.6060034492
0.5427130468	0.6087563956	0.5822452058	0.5713994935	0.5796150895	0.5935488065
0.4315018315	0.556557861	0.559061894	0.6094307755	0.5828497195	0.5762651042
0.5162774725	0.6037634268	0.5660904097	0.5991110906	0.58629523	0.5739017246
0.4967261905	0.5321341036	0.5809476972	0.6229590816	0.5902394514	0.5602510505
0.4693223443	0.5984732996	0.5831734285	0.6352783826	0.6010932592	0.6105887944
0.5161043635	0.5097187535	0.5474361967	0.59080007	0.574534446	0.5666785601
0.6252008226	0.627831173	0.5778407731	0.6034319933	0.6005470265	0.6119334134
0.4737179487	0.5594268477	0.6190430671	0.6091408881	0.6167096805	0.5897077974
0.5136904762	0.4902586996	0.5640067993	0.5934201097	0.5790023702	0.582018235
0.5058608059	0.6074669493	0.6118260237	0.6066168164	0.5903426514	0.5752540642
0.545764652	0.523026667	0.6232501188	0.5816548937	0.6670152757	0.5940767619
0.4515802911	0.5764196266	0.5438026155	0.6066669136	0.6314030457	0.6124073121
0.4686396936	0.5960084152	0.5873826409	0.6104309192	0.6260217427	0.5948649456
0.4984957445	0.523063905	0.5212636764	0.603339573	0.5775277608	0.5922113636
0.5591992566	0.5469679218	0.5496615313	0.5436101566	0.5749247601	0.6214044628
0.5899146197	0.6122143004	0.5622140523	0.5632430746	0.5854700666	0.5705938336
0.4839972527	0.61706198	0.6231041404	0.5751786494	0.5999666712	0.5705711252
0.5111105806	0.5055901207	0.5928239166	0.6014493402	0.5948713709	0.602355292
0.5343864469	0.4862382898	0.5600416876	0.6041968846	0.6040705979	0.5905024439
0.5481509912	0.5249198718	0.5639970653	0.536965239	0.5924437508	0.6022497042
0.4918803419	0.529929568	0.5906057722	0.5717237521	0.5748612387	0.5770257357
0.5321832579	0.568489415	0.594830197	0.5906566575	0.5809408561	0.5804824164
0.5613095238	0.5924098283	0.5692246028	0.6194544147	0.6094462684	0.5636543195
0.5841350535	0.5626604401	0.5669236566	0.5272131157	0.6150327695	0.5709351646
0.5839730123	0.6223885387	0.5650742618	0.5674620008	0.5899829324	0.6131250073
0.5445310817	0.5607695001	0.5598856209	0.6021466279	0.5926223695	0.5925652935
0.5362179487	0.5312372064	0.5132195827	0.5520290463	0.5690423977	0.580317418
0.612622549	0.5907885995	0.6193785431	0.5957165904	0.6039971771	0.5810045169
0.5312504489	0.4863776746	0.6205083473	0.5386921257	0.5833212178	0.5649803832
0.5214285714	0.5761444642	0.5780155596	0.5995153029	0.5799858883	0.5993198208
0.5712885154	0.5885827816	0.6170531517	0.5347267891	0.5913387069	0.6047814413
0.5717261905	0.6012860914	0.543107952	0.5822313372	0.6034281169	0.595258168
0.5814448215	0.49012956	0.5990999999	0.5964649321	0.599911657	0.5803146394
0.5114419894	0.5519087122	0.6332176531	0.5630125169	0.5454544119	0.5688712141
0.5315018315	0.558718889	0.6007704735	0.5864795556	0.5794344781	0.5722552591
0.5743778281	0.5791812558	0.5940527774	0.6066987026	0.6260471361	0.5821781379
0.5508675535	0.5320185297	0.6026241052	0.6161510204	0.6178766723	0.5872266143
0.4827838828	0.594207651	0.5492284948	0.5834632892	0.603455613	0.5915398598
0.6072829132	0.5398533452	0.5782981996	0.5914664997	0.5531865232	0.5706565977
0.4049284049	0.5808099269	0.5389470422	0.580236986	0.5783184544	0.5646623754
0.5504345328	0.5165367108	0.5202672736	0.521269376	0.5707456188	0.589081017
0.4933406055	0.5847202612	0.6242735184	0.5911758977	0.6042095615	0.5939412209
0.5074660633	0.53188519	0.6371036865	0.634703593	0.5686477403	0.5964462982
0.5158882784	0.532488345	0.5609952956	0.5879806334	0.576867396	0.5876392102
0.4490384615	0.5551181049	0.5941514325	0.6168148855	0.5679444085	0.6138028872
0.5854516807	0.6080975795	0.4977178595	0.5666717168	0.5618935773	0.5913843494
0.5210227273	0.5407134532	0.594609938	0.5838216216	0.5702112615	0.5954584732
0.5285714286	0.5169642857	0.5813891783	0.582493997	0.5644284117	0.585455942
0.6592962185	0.5819812659	0.5759565218	0.5605039477	0.5840133138	0.5891989802
0.6081438986	0.6539418399	0.6179134047	0.61866885	0.5557633053	0.558288066
0.547481685	0.4156562188	0.6735460682	0.564006376	0.6150685254	0.5706096838
0.5825863679	0.510587819	0.5370736927	0.6197340956	0.5739615205	0.5779330821
0.5100193924	0.6100730356	0.5191517633	0.6208218746	0.5742087355	0.5740213472
0.5560138327	0.5464117378	0.4819691338	0.5975132098	0.5535816634	0.5513960878
0.5520294656	0.6120145173	0.6190726628	0.5577587445	0.5905842678	0.5890926128
0.5637079832	0.5746484896	0.5643326989	0.5743208181	0.5948822578	0.5740767525
0.6395833333	0.4842948718	0.5646996794	0.6033133302	0.5564693721	0.5935964912
0.591888422	0.6039903445	0.5703893737	0.5751848335	0.5356804625	0.5535345386
0.5802197802	0.5009652521	0.5594849287	0.6561104697	0.5621579075	0.578648405
0.6330841952	0.522414534	0.5500706022	0.5695858472	0.5732456282	0.5815438863
0.630536253	0.5505059075	0.5228739398	0.6211602961	0.571335013	0.5724871731
0.5783788515	0.581243361	0.5641180851	0.5790114485	0.5984100759	0.5471685259
0.4519230769	0.6123871259	0.5503140865	0.5850586709	0.563987798	0.5965350357
0.4992539323	0.5826922433	0.5876948215	0.5913455809	0.5892253163	0.5800066862
0.5916437729	0.5744843113	0.6366612547	0.5818048609	0.5632049156	0.5799606072
0.5476190476	0.584339986	0.550481531	0.6165680451	0.5533640701	0.5759328399
0.6822474503	0.6610555187	0.6132836254	0.57824749	0.530821613	0.5984711382
0.5079513624	0.604865352	0.5562437956	0.5954706832	0.5923354342	0.5969272682
0.5003205128	0.5648897059	0.5498651811	0.5268825639	0.5743742369	0.6001628884
0.4923684503	0.5888990836	0.6348525836	0.5520072452	0.6130334045	0.5663684273
0.5347298535	0.5921499048	0.5825956451	0.5673262995	0.5875748147	0.5785159448
0.5489468864	0.5235812594	0.5784717733	0.6153096554	0.5743679686	0.5556754395
0.5321199634	0.5627026772	0.6612842359	0.6070605849	0.6088357347	0.6002412092
0.5731815162	0.5377632784	0.5989811759	0.5429946059	0.5814366658	0.6006645313
0.4511405261	0.5014975221	0.585830243	0.5651148811	0.5951475881	0.5672563352
0.4868777056	0.5638893378	0.5641009181	0.6084654214	0.6069389584	0.5915015362
0.4907336128	0.6465230644	0.5926097846	0.5416455481	0.6034738688	0.5794683919
0.6191176471	0.5998560457	0.5167121256	0.62190766	0.605449584	0.5804680631
0.530663291	0.5347439938	0.5306828928	0.5842737618	0.5672600031	0.5939331248
0.6354193192	0.6399009756	0.6295788018	0.5926029724	0.5909742872	0.5839457855
0.5227249874	0.5993365885	0.5778663602	0.5459310808	0.6457256783	0.5596432197
0.53164605	0.611883392	0.5673378128	0.5850676489	0.5703867048	0.570623788
0.5507689614	0.6145939297	0.5876024575	0.601333072	0.5979141623	0.6048764003
0.585577372	0.5756365957	0.6145118169	0.568667107	0.5895646497	0.5861843948
0.6356684982	0.6333450047	0.5841096268	0.5922693884	0.5937328994	0.581524748
0.6154761905	0.5672901853	0.605976645	0.6019898198	0.5504103348	0.6028267624
0.5245650183	0.6031664521	0.6015401437	0.6055496018	0.6066007118	0.5693591752
0.5787770236	0.59357695	0.6103018907	0.5506752423	0.577022712	0.6075273561
0.5746238239	0.5457249246	0.6140684636	0.5873106775	0.6182509063	0.5767641578
0.5128891941	0.6141252334	0.5812622069	0.5857775803	0.5961235582	0.5820744806
0.4411172161	0.54716611	0.5826667914	0.5879594466	0.5686485492	0.6078444013
0.5559710714	0.5741684174	0.652824156	0.5528717096	0.5863171551	0.6049675565
0.5125457875	0.5642443137	0.568498767	0.5708468003	0.5686069813	0.5833912151
0.5338432401	0.5866145497	0.5693386271	0.6009189845	0.5887295114	0.6227399971
0.5917519572	0.5930672269	0.5372127056	0.5952670964	0.5465942193	0.5962690292
0.444599763	0.5260564803	0.5249358077	0.584144867	0.5345213086	0.6079854429
0.5452811894	0.5813357394	0.5714960714	0.5713096018	0.5978936367	0.6208500063
0.57876221	0.5463982913	0.5709195532	0.5632057791	0.5673452721	0.5765652571
0.6207053975	0.5130757111	0.5667067682	0.5624776496	0.4935178873	0.598255667
0.5891339869	0.5376948215	0.5834126364	0.6148690389	0.5599864678	0.5721006928
0.5719552506	0.6340798971	0.6145080524	0.5549241812	0.5750277419	0.6216717841
0.636891295	0.5917842778	0.6089399356	0.5734482322	0.5912646341	0.5641988195
0.5980567227	0.6609454679	0.5648054037	0.5946192546	0.5551880339	0.5903814175
0.5053592241	0.5607237126	0.5539329407	0.5748003056	0.5788135639	0.5745961209
0.3939060939	0.528740214	0.555784005	0.6149223514	0.5544797987	0.590330691
0.6659418153	0.551091984	0.558826207	0.5876362168	0.6413327672	0.5862370818
0.4730082418	0.5858716243	0.614438938	0.5590793108	0.5929895492	0.5862777726
0.58125	0.5845890629	0.5766563745	0.5702441554	0.5891333585	0.581399145
0.577518315	0.63165311	0.5530125512	0.6450772423	0.6003107694	0.5897621844
0.5364612512	0.4766948125	0.5724830589	0.5390448094	0.5901730051	0.5695405274
0.6161912842	0.6066762282	0.5434742273	0.5574353139	0.6053758595	0.5966336287
0.5835959384	0.5967234971	0.5540175933	0.538732897	0.5977329117	0.592082329
0.5231738849	0.5260109172	0.5700907072	0.6105818314	0.5814170797	0.5956259545
0.5753213161	0.5398382835	0.5786075215	0.6095792484	0.599953206	0.6069774236
0.5531530561	0.591170505	0.617992576	0.5598880249	0.5708027185	0.5820218391
0.5432234432	0.5868516964	0.6094540808	0.5991484532	0.6108783223	0.5600062846
0.5876373626	0.6006577766	0.5388686885	0.6416150553	0.5974300287	0.5680423586
0.4348570547	0.6231967154	0.5670888351	0.5754139839	0.5658515586	0.6055549969
0.6382002801	0.5277171766	0.5937028658	0.6223730577	0.5938230595	0.5899342365
0.5627186131	0.5332417582	0.5753897848	0.5575150646	0.5497689973	0.6083290995
0.5335918983	0.5822122118	0.5597059123	0.5536214806	0.5714099961	0.5827830133
0.4978021978	0.5648210246	0.6130232097	0.5964363267	0.5769399791	0.6130503483
0.6365803271	0.5591890619	0.5631395293	0.5933461517	0.5704280309	0.5848556795
0.440232684	0.5959482275	0.5974635716	0.5813173346	0.5957497486	0.616560122
0.5698529412	0.6049878871	0.5766861929	0.5936570782	0.5854906781	0.6091339201
0.4943016542	0.550289845	0.5815413187	0.5641177085	0.5561766257	0.5919597329
0.5646978022	0.5956544477	0.5319879875	0.5925050714	0.5645801911	0.5947991635
0.6505310458	0.4964769911	0.6148389214	0.5948972462	0.583956044	0.5626897157
0.5904452165	0.6287543543	0.495595921	0.5766055942	0.5392152374	0.5940872307
0.5729988149	0.6101039279	0.6483596655	0.6059604965	0.6044995407	0.5909479227
0.626585506	0.6127336866	0.5740150007	0.5466912887	0.5371938274	0.6046350534
0.6097864146	0.562360801	0.5796585087	0.6294097447	0.5805470347	0.5946967059
0.5354893881	0.5343042986	0.5845686993	0.5729866947	0.5971915838	0.5952908856
0.4096153846	0.5999505386	0.5956433552	0.5831722108	0.5697158054	0.5962268274
0.4903846154	0.6172501389	0.5383849266	0.5565888156	0.5668885024	0.5693253496
0.5523984594	0.5802873618	0.6092320576	0.546926511	0.5340325361	0.5872637452
0.5893234217	0.5587225275	0.6036249655	0.5181148986	0.6140531428	0.5578782481
0.6440018315	0.6267568903	0.5919825881	0.6011753436	0.5861609387	0.6010169655
0.6027086948	0.5570990896	0.5420606763	0.613495696	0.5853700372	0.5598068364
0.4510611937	0.5496862325	0.5472847371	0.5644117541	0.6044472371	0.5771179339
0.5331528765	0.519204237	0.5816453133	0.537230437	0.5932183163	0.608139249
0.5579441392	0.5487798375	0.5598270674	0.5563477367	0.5580527324	0.5843551166
0.5868494251	0.5812053111	0.5854980667	0.5594449512	0.6045240411	0.5956550879
0.5797201573	0.6225402661	0.5678089884	0.5210876338	0.5876497569	0.5795722881
0.3685897436	0.5428670186	0.6277261782	0.592989609	0.6136736118	0.611017112
0.5608785822	0.5174377706	0.5797072889	0.6417604981	0.5679832169	0.6004194546
0.5519607843	0.5435109621	0.5425767315	0.5761118069	0.5850100506	0.5992010758
0.5109095561	0.5967672882	0.5268759427	0.6332233003	0.5412876004	0.59248736
0.5632352941	0.5608421399	0.6256974213	0.5919980416	0.5414252646	0.6199955347
0.5790750916	0.5568077552	0.586993494	0.5755635908	0.5509752747	0.5612202853
0.5306547619	0.5829412214	0.5456014896	0.5734682903	0.5227364547	0.6054623904
0.5537321339	0.5500855622	0.5861930596	0.605112352	0.5822630624	0.5848028773
0.5314831002	0.6455087804	0.6043628349	0.5503733705	0.5399696416	0.5959030424
0.5776987718	0.5545910993	0.5692455828	0.5995268502	0.5684489938	0.575652369
0.4798534799	0.5397615575	0.5481842096	0.583885619	0.6022722436	0.5688589678
0.5237148064	0.5688207014	0.5523363891	0.5890468122	0.5832574886	0.6234675513
0.5956766917	0.5778749641	0.6085910005	0.5414209259	0.5829720563	0.5718962051
0.5813873626	0.5824997307	0.5387939596	0.6321537429	0.5604514839	0.5901756914
0.5938909774	0.5946907012	0.5477344143	0.6202266543	0.6126146583	0.5873338993
0.5902296233	0.6228757343	0.5302305538	0.5406615497	0.6236440035	0.5960735219
0.566818394	0.5422351954	0.6065141722	0.5889859571	0.5496345648	0.6294962515
0.6167510121	0.6162422008	0.5967079353	0.6104372155	0.5569424693	0.6002586876
0.5210164835	0.5876979638	0.5989884607	0.6033225031	0.5750046355	0.5988194988
0.634635585	0.4610514486	0.4791259666	0.5963599964	0.5459948514	0.6019604583
0.5875	0.5071686279	0.5626556178	0.5984137084	0.5834486072	0.5538591293
0.5555619217	0.6103865787	0.5982905711	0.6006908533	0.5589212095	0.5801665693
0.593767507	0.5857872316	0.5588394449	0.5429820969	0.6241644033	0.5941587613
0.6119380985	0.5203626052	0.55814792	0.5761481676	0.5770312187	0.5991880933
0.5226190476	0.5867907419	0.5673307357	0.5605310604	0.575052625	0.5827077002
0.4452260158	0.5540391325	0.59674973	0.5989858874	0.5618414437	0.5873224469
0.5705128205	0.5589189319	0.6092877324	0.6347888717	0.5487997378	0.5902495045
0.5797911067	0.5873464771	0.5751300693	0.6017728085	0.5881533254	0.5745390089
0.577443798	0.6133577604	0.5617643121	0.5656201437	0.6068750449	0.5823662936
0.4716117216	0.5242700927	0.6094523482	0.5897144409	0.5835948846	0.5645915535
0.5761670863	0.5759379713	0.5299696491	0.5789832034	0.6208181881	0.608597749
0.548395026	0.6085575458	0.585562214	0.5998100041	0.5834195122	0.5693512368
0.5874142606	0.5921393557	0.6294681762	0.4785714796	0.5592580622	0.5715468422
0.5817038354	0.6154070839	0.5873326156	0.5871510944	0.5553861794	0.5830353975
0.5884036307	0.5174520945	0.5221074799	0.5693873013	0.6030530181	0.5633065172
0.5706959707	0.5073832418	0.5145725598	0.5821894244	0.5472567354	0.6126436378
0.5298144258	0.588598842	0.5892022902	0.6081539102	0.6080787612	0.5822563255
0.5656041263	0.5913054341	0.5343477078	0.6095216096	0.6082526452	0.6304440967
0.5699404762	0.602332058	0.5760035852	0.6035799104	0.5754087304	0.6170575634
0.5392399267	0.6028886555	0.5732473545	0.5824724483	0.5919904524	0.6098027261
0.5955452077	0.5477463101	0.5611872605	0.6282876781	0.5658107089	0.5995302139
0.6370057638	0.5640218098	0.5569846641	0.578360175	0.6106699016	0.6036734007
0.5467553688	0.5329203476	0.5902455953	0.5924281091	0.5529022925	0.5930414673
0.6033788515	0.5734960505	0.5526896442	0.5401630845	0.6536145889	0.5572532773
0.5086996337	0.5908008379	0.581263018	0.5756522481	0.5966941392	0.5972271513
0.5104395604	0.5612704697	0.5836336458	0.5734252359	0.5792306464	0.5756643709
0.4836996337	0.5750505955	0.5930544215	0.5871244854	0.5579424901	0.5751310686
0.4446060475	0.5312992767	0.6283614942	0.5736042654	0.6084188034	0.5928174738
0.597108155	0.6062428176	0.5901174111	0.5490876056	0.5132053649	0.5885011194
0.5855369712	0.5916987628	0.5973788388	0.6005825449	0.5612167979	0.5982940666
0.5479500891	0.621448382	0.6172651809	0.5777810264	0.5524059519	0.5990646043
0.6049288946	0.592065961	0.5899665343	0.5599729315	0.5932400262	0.5863601663
0.5862619407	0.5017547404	0.5629435107	0.5713743364	0.5633228708	0.5910149321
0.4812028658	0.5440702884	0.5411148535	0.5534247207	0.5796006685	0.6119710404
0.5434254471	0.5082128044	0.5935098398	0.6029207457	0.5613080873	0.6123746867
0.5181713711	0.5510470534	0.611518458	0.6285986873	0.5232231984	0.6112566649
0.5258470696	0.6085394245	0.5852371077	0.6113809044	0.5975759913	0.5541164303
0.3996336996	0.5429145781	0.5373597786	0.515243886	0.5501906745	0.570493662
0.5691102198	0.5108402015	0.6048825716	0.5641977304	0.6108133503	0.5733756006
0.5466117216	0.5183384222	0.5725950542	0.5557016481	0.5928187585	0.60204001
0.5491758242	0.6492647059	0.5542191483	0.5698147237	0.5599543418	0.6082728318
0.5020750083	0.6367646823	0.6169117647	0.6409037063	0.5949858857	0.595947788
0.4876602564	0.5888305322	0.6095645096	0.5908530399	0.5498932358	0.5845168469
0.4953067766	0.5912058734	0.6119902887	0.585009936	0.6079496252	0.5991158845
0.4978084416	0.5455251244	0.5856312791	0.5906539426	0.6006773155	0.6272935967
0.6103641457	0.5831415489	0.5470975626	0.6098245768	0.5839383527	0.582617004
0.44045195	0.5970985037	0.5656820848	0.6043006271	0.5870397525	0.5795917655
0.6550696594	0.5574748168	0.5970105946	0.6049912855	0.5853629974	0.5949782639
0.6084908964	0.656004583	0.5829204973	0.5830593372	0.5729500552	0.5912031398
0.6208172675	0.5899870554	0.5612892955	0.5787463568	0.588098416	0.5812291877
0.5631181319	0.5830692989	0.5533896172	0.5551558832	0.591970285	0.6006876685
0.4827017345	0.5252563205	0.6042401047	0.5626818035	0.5836437011	0.5892365581
0.5463235294	0.587254902	0.5990428718	0.6073368931	0.6086392808	0.5969816608
0.5311813187	0.5835133412	0.5773963373	0.6115284618	0.6047951137	0.5889866729
0.5759907168	0.5436927656	0.6300854102	0.6395055737	0.6196309732	0.5879207918
0.601774043	0.5119047619	0.5998286708	0.56444753	0.5810368398	0.5888228299
0.5013049451	0.593269656	0.5563546339	0.5127875087	0.5817424784	0.5705933426
0.5423534799	0.5854126266	0.5880413704	0.6210302044	0.5669885245	0.596435513
0.5760989011	0.5912121461	0.6005823697	0.588456069	0.6002558102	0.5753105928
0.5486034799	0.5604671676	0.6076742809	0.6116799765	0.6045191032	0.5723056864
0.5570054945	0.5605486425	0.58363022	0.5469776853	0.578071218	0.5960497043
0.5201465201	0.5602337409	0.5811008164	0.555351443	0.5637031256	0.5814253742
0.5430658802	0.6043390433	0.6309484905	0.6041118894	0.5722259599	0.5998277344
0.4828269769	0.623120915	0.5786529862	0.5636580729	0.5581878824	0.589704892
0.5042097608	0.6209334493	0.4945933832	0.5442666751	0.6449441004	0.5849753194
0.5544642857	0.6121949741	0.5985062187	0.6008797269	0.5663905947	0.6009336591
0.6093720822	0.580022653	0.6198688652	0.6262542078	0.5993447235	0.5795216784
0.4496794872	0.5696087409	0.60114005	0.5862558687	0.6161626445	0.5892836942
0.4997252747	0.5397954138	0.5857465985	0.5506434946	0.5545848596	0.5395575666
0.4598901099	0.6258797092	0.5802033049	0.6233450507	0.6037703658	0.6074225903
0.6186157796	0.5644331771	0.562004866	0.5709869857	0.571534894	0.5641285742
0.4568250377	0.6343837535	0.5970981769	0.5731409146	0.5879394707	0.5634340423
0.5000996961	0.6514424849	0.5633673251	0.5720414057	0.5947525677	0.572836718
0.4801820728	0.5704475059	0.5821930785	0.5450146565	0.6217209171	0.6260955793
0.3963120213	0.5496666345	0.5228780887	0.5860172915	0.6400186978	0.6048015873
0.5356566228	0.5845221439	0.5980831511	0.5721566526	0.6078807454	0.6016267
0.566567862	0.6078464449	0.5475805921	0.5599220702	0.6325465578	0.5660034702
0.4580586081	0.5999092787	0.6065117703	0.5614561093	0.6376525212	0.5781966889
0.5674679487	0.585506836	0.6147905507	0.599435222	0.5886734748	0.5849479515
0.5745192308	0.5923198125	0.5712817819	0.6146379216	0.5639294692	0.5941693117
0.595979225	0.5439688375	0.5622604384	0.5421779609	0.6108734648	0.6095147517
0.5922847985	0.5662094882	0.5998236384	0.6087740857	0.6197212677	0.6037919152
0.5147893773	0.5497416595	0.5552606299	0.6312027004	0.6194563757	0.5965044065
0.5602178523	0.5527510684	0.5998811367	0.6235902256	0.5892656724	0.6051798543
0.6266528879	0.5481028163	0.5810365374	0.5629605688	0.5769957983	0.5832318952
0.4006410256	0.6310993337	0.6371274229	0.5736654277	0.5765926364	0.5715062973
0.4960622711	0.5357020001	0.5485628979	0.6015912686	0.6047980103	0.62850816
0.592571644	0.6018517495	0.6217934148	0.4892280208	0.6134250171	0.6034475966
0.5190193385	0.5805975275	0.6036761083	0.5903101752	0.5809565014	0.5698507699
0.4801552614	0.5810852546	0.6050918444	0.6279706088	0.6357274549	0.5928842445
0.5392767363	0.5329951481	0.6060701339	0.5507715018	0.6072216835	0.5817768068
0.5190820102	0.5094436813	0.5334844894	0.5356564252	0.5340659504	0.5916750516
0.5712885154	0.5773286966	0.580128654	0.5565626775	0.5774459381	0.5906023519
0.5962054694	0.5350079455	0.5345797878	0.5942717091	0.6091182472	0.5831117599
0.5530960461	0.6010362799	0.5727439349	0.5411078591	0.551844879	0.6054258147
0.4513736264	0.5585306238	0.4971280762	0.6163110083	0.575817487	0.5612125171
0.6379493464	0.5519152212	0.5559043725	0.6091905445	0.600966003	0.6045237913
0.6201213819	0.6386292017	0.6294862974	0.6028103905	0.575924228	0.5877477064
0.5224025974	0.5665791317	0.5609713544	0.5989730406	0.6428569397	0.5787384036
0.6189017274	0.5973683373	0.5812284529	0.6039125021	0.6154056096	0.5872306151
0.6280403828	0.5814746732	0.5489351049	0.5796685239	0.5938150223	0.5959668365
0.6441248294	0.5569620943	0.6254325954	0.5578318359	0.5883113374	0.6106825936
0.6460609244	0.5588262228	0.6229586268	0.57757539	0.6122638705	0.5884690849
0.5345009158	0.5497407617	0.5807131186	0.5947726889	0.5742103893	0.5998741332
0.510384346	0.548734109	0.5992454033	0.5642353728	0.5809331656	0.5773178374
0.5502859477	0.6467194334	0.6022018502	0.5974047286	0.5554405386	0.5564741508
0.4107975358	0.578072479	0.5753757272	0.5810192667	0.5680504381	0.5951979
0.5549814156	0.5274738742	0.6048715854	0.5937402247	0.5776029663	0.6012642146
0.6424093085	0.572943825	0.5419762563	0.6026256606	0.5768577815	0.5927379133
0.4875942685	0.6264016825	0.5977926213	0.6010267231	0.5782299073	0.5911803051
0.5895582423	0.5695005566	0.5887041164	0.5243576277	0.5936820133	0.5772146859
0.5829977406	0.5864554155	0.591156916	0.6091388622	0.5912071752	0.557240816
0.5201465201	0.6348321785	0.5938527975	0.5800285499	0.6187160633	0.5508309726
0.4782051282	0.6022813916	0.5250162827	0.5319401085	0.5959959807	0.5788025464
0.5365155678	0.5806460084	0.5209700974	0.6210921109	0.5740328119	0.6140910227
0.5269727821	0.5474098614	0.6188348653	0.6362095555	0.5860074557	0.5993244943
0.5721611722	0.5687094338	0.6098173255	0.5847167828	0.5794515181	0.5914170608
0.5807247899	0.5490862691	0.6092319474	0.5834758868	0.5332346901	0.5733545434
0.4950292398	0.6266570225	0.6344025914	0.5676992432	0.6075014979	0.5570303308
0.5743188184	0.6122158479	0.5534789242	0.5701714753	0.5470564987	0.5712907436
0.6745549536	0.5756457391	0.4855373793	0.5537064817	0.5940912519	0.5925630465
0.5512335704	0.5852261097	0.5782540988	0.5477000414	0.6006285935	0.5941989362
0.5023809524	0.5664168552	0.5831202022	0.6099385908	0.6114067597	0.5695046248
0.4610805861	0.5851668434	0.5809650997	0.5129923692	0.6259137758	0.588257094
0.593311876	0.5270227322	0.5896945182	0.5987100635	0.5327668492	0.5752102093
0.504714036	0.6110826061	0.5834750353	0.6335773977	0.6138969312	0.5888983355
0.5296703297	0.5995906055	0.6086008762	0.6086843476	0.6143028952	0.5831483639
0.3632617383	0.5788398693	0.5011567387	0.5524794854	0.6039060226	0.5706334393
0.5495650183	0.5933998599	0.5493728902	0.5910535731	0.5949996173	0.5943641713
0.4632992008	0.5705182653	0.6156326982	0.5580389688	0.5147522331	0.6083371513
0.490250191	0.5692014491	0.5832954061	0.5780127756	0.5614240709	0.5997705165
0.6055263772	0.551614011	0.5776672416	0.5562626814	0.5755622087	0.6285261679
0.5315018315	0.5562969098	0.6077230454	0.5878412045	0.5866331789	0.6184735902
0.5209001783	0.5670060332	0.6098326159	0.5725060495	0.5764533587	0.5796116564
0.5916491597	0.4866695396	0.6586672973	0.63819624	0.557123375	0.6036771557
0.5769217302	0.58741139	0.575065224	0.5681905438	0.5674236874	0.5774002707
0.5377289377	0.4913657217	0.5962655887	0.5231893719	0.6187137278	0.5806716024
0.5732142857	0.5904047546	0.5683595408	0.5825545257	0.5873937011	0.5650351551
0.5865312792	0.5938128349	0.6009444489	0.5992600333	0.5905000718	0.5591577336
0.5969995691	0.5245700389	0.5728789593	0.5635954221	0.5793266018	0.6162291664
0.4616384433	0.5456690368	0.5868425148	0.5347727318	0.6113615109	0.5910564259
0.5944911298	0.5858932777	0.6497017946	0.5808110786	0.6001413885	0.582180548
0.5479403637	0.6020207529	0.572227609	0.5495126095	0.5818881527	0.5969172058
0.5781180893	0.5576745762	0.6394698961	0.5662703433	0.6173545241	0.5971080109
0.468452381	0.6149538982	0.5280327516	0.5635724161	0.5632315324	0.5815640324
0.529427925	0.5636027167	0.5902121206	0.5596471237	0.5951683366	0.5779817663
0.5599885409	0.5401556777	0.5476190476	0.55378231	0.584294593	0.5651036384
0.5931668821	0.5096780058	0.5606178358	0.5512992216	0.6205839637	0.5797287738
0.5150869963	0.5577241794	0.5614139809	0.5447866166	0.5635694345	0.6153753941
0.6183675393	0.5937966853	0.576576528	0.5267712137	0.5629201586	0.560990638
0.4270646021	0.5854180134	0.5831521148	0.5146003404	0.5740263319	0.6122840756
0.4489010989	0.5740958968	0.5595309919	0.5843339141	0.557583665	0.5815831646
0.4457875458	0.5605704141	0.5258347997	0.5846323117	0.6023022016	0.6125124074
0.5587079587	0.6005119676	0.5406705631	0.5930722995	0.5855604982	0.6002153505
0.5757177871	0.5875787815	0.5609498467	0.5658476	0.6025303407	0.6024997992
0.4251373626	0.6124645371	0.5650461467	0.5728613696	0.5911004274	0.5707323795
0.4952380952	0.572583908	0.6420960411	0.6016637618	0.5669910069	0.5602054108
0.404029304	0.6346163297	0.5110295206	0.615075638	0.5929432414	0.5927693765
0.5292124542	0.5523419928	0.5880002766	0.5856094681	0.6056399719	0.5684056645
0.4658195971	0.5825892857	0.5320059434	0.566944444	0.5589618693	0.6034165802
0.5736950549	0.5720783914	0.5857264611	0.5697273621	0.5382900678	0.5727446865
0.4750686813	0.534234944	0.5739935718	0.6080218221	0.5840658443	0.5754077785
0.5636554622	0.5702845561	0.6024068388	0.5756941905	0.5496078431	0.6111391477
0.5238938757	0.6084951609	0.6275725686	0.557311743	0.5867241917	0.5905122299
0.5301335919	0.5884011617	0.6045217446	0.5826331305	0.5270676455	0.5920657106
0.4621794872	0.6331275493	0.5694031459	0.5340601188	0.6001485919	0.568574767
0.5923494398	0.6048738403	0.5994468086	0.5788500817	0.5782179052	0.5850751306
0.5095965309	0.5326601095	0.5924715793	0.5429903414	0.5844321352	0.577078493
0.6032913165	0.6303939997	0.5880074668	0.6013623567	0.591637219	0.5860954989
0.5258241758	0.5402358059	0.6126807876	0.57419176	0.579790803	0.6079351423
0.5355221576	0.6152892247	0.5867024588	0.5384128449	0.5454017444	0.5814089656
0.5633403361	0.5959866909	0.5806671814	0.5546894078	0.6022515067	0.5845403292
0.5481684982	0.5874344019	0.5727833441	0.5977120107	0.5721431218	0.5875084345
0.5123647186	0.502472303	0.5720160286	0.5997188779	0.6076765555	0.5953411479
0.5115882892	0.6186991919	0.5798260656	0.5845482744	0.6354264574	0.5924996858
0.5487575333	0.5861604898	0.5206834424	0.5838100389	0.5901652583	0.5456107203
0.525087535	0.5361950549	0.6300478804	0.5686343675	0.642740042	0.5564784888
0.4576694139	0.5977231918	0.5407872764	0.5222139402	0.6211239071	0.6056526126
0.4432692308	0.6017453135	0.6040075758	0.5625172589	0.6242796754	0.5945988684
0.5219874488	0.5629536109	0.5920161058	0.5715169618	0.5631693865	0.5958147064
0.4623584749	0.624931744	0.5570917143	0.5640544198	0.518524025	0.5595583746
0.4974358974	0.5932224155	0.6350622424	0.5751438486	0.552111973	0.5537558561
0.5621047812	0.5757406809	0.5549616642	0.5665910156	0.5785241762	0.5875853816
0.5131639194	0.5077957313	0.5760037348	0.6170921565	0.6023867554	0.5575097482
0.4644355644	0.5743340605	0.5918612047	0.6194799959	0.5642077053	0.6038160504
0.5944004525	0.495801438	0.599483319	0.56816032	0.5898109149	0.5909773751
0.5938213747	0.5234782374	0.6122664237	0.5833522815	0.6115540265	0.5815786331
0.5414148352	0.5524348201	0.5897449994	0.5808978399	0.6088378091	0.621109381
0.406894576	0.5491839043	0.5823946092	0.6410883745	0.5812534163	0.5829394846
0.5136366085	0.5474132281	0.6384099546	0.6027325986	0.5841810975	0.6232674399
0.5754717913	0.5791809014	0.5532955606	0.5977472675	0.5868104415	0.6006464691
0.5625404008	0.526022813	0.5851262142	0.5557005554	0.5600172471	0.5824782841
0.529532967	0.6041698089	0.5448272044	0.5942456714	0.5743072038	0.5770044361
0.6044486216	0.5420949149	0.584768246	0.536813952	0.5658388112	0.6074426474
0.5175824176	0.5334720427	0.6171940189	0.584898066	0.5328617276	0.591452674
0.5608058608	0.6313865239	0.5625408497	0.6033931395	0.5817391187	0.5842401417
0.5481170876	0.5617789879	0.5403895533	0.6259933844	0.6052472678	0.5557235354
0.5450697587	0.6064746732	0.4834706688	0.5341194651	0.5685597856	0.5865585698
0.560989011	0.4807094254	0.5934444504	0.5924818672	0.5929061625	0.5776354633
0.4216117216	0.6408834586	0.5793649297	0.563385874	0.6094538382	0.5590163522
0.5327152015	0.6130055177	0.5752983515	0.5975954923	0.5942964878	0.5815991278
0.56735107	0.6052015999	0.5831600589	0.6383386646	0.5440005746	0.5677632348
0.5898499785	0.5527113409	0.5953775685	0.6174515403	0.6363815837	0.588984341
0.4578754579	0.5390924639	0.5363352606	0.5788611978	0.5478007364	0.5901459484
0.419047619	0.5885850057	0.5692033578	0.5932063851	0.5566678909	0.6040994167
0.5124919198	0.594502553	0.5884501506	0.5369479033	0.6070717471	0.6029755766
0.477881922	0.5702661513	0.6036254459	0.6102532503	0.5507618757	0.6068181294
0.5797093838	0.6285685107	0.5821694917	0.6103293856	0.5294688237	0.6073978616
0.5999220808	0.53449104	0.5692452285	0.580066972	0.5874884477	0.6168135034
0.5272893773	0.4911858974	0.5650552492	0.5884331398	0.5933944229	0.595537361
0.4463369963	0.5693558484	0.5782581296	0.5963708881	0.583336815	0.6264869068
0.646377468	0.6690568333	0.576258559	0.5664658854	0.6268636712	0.6065979239
0.503731685	0.5868818681	0.5817651532	0.5838914048	0.5630103045	0.6112326045
0.5813209258	0.5827019354	0.5498609914	0.603311009	0.6147322964	0.5543812528
0.6	0.5376883125	0.5889927338	0.5845060544	0.569746022	0.5958082069
0.5229166667	0.531990232	0.5963178513	0.6044494721	0.5692076551	0.550965452
0.5245421245	0.590121337	0.6258228291	0.5588872841	0.5731930557	0.6084011583
0.6098901099	0.5738544136	0.576928763	0.6152902229	0.5846628367	0.5767849913
0.6008614343	0.6174479728	0.6118480512	0.5589659421	0.6003085485	0.5828010378
0.6413048553	0.6265668768	0.5411904272	0.5322721702	0.5890751908	0.5828584773
0.4815925088	0.5588598901	0.6246693043	0.6044627146	0.5874727874	0.5829541301
0.5960030166	0.6221719457	0.5441231677	0.5650323785	0.5806703174	0.6008609358
0.4845924908	0.5816479949	0.5837936029	0.612269119	0.5716013252	0.5768644142
0.5074000754	0.5900048481	0.5490916899	0.5637878461	0.5550829043	0.6173972923
0.5529600302	0.5756392301	0.5624440374	0.5876397424	0.5661250836	0.5923634477
0.4739495798	0.5909980338	0.6127397113	0.6024794854	0.5538838612	0.5914973425
0.4858974359	0.5965275533	0.5342232558	0.605129032	0.6433250831	0.5461003294
0.5830069848	0.5522536309	0.5307792561	0.5668752918	0.5990951833	0.5923187541
0.5180501688	0.5244559362	0.5610479426	0.5556051587	0.5536025821	0.6036114593
0.5337090605	0.5629033344	0.4838491796	0.5850023343	0.5686991839	0.5741558152
0.5725005387	0.5807523971	0.5766651105	0.6130222155	0.5874180605	0.5874812715
0.4906974153	0.5199007488	0.5748918157	0.5595386231	0.6212797359	0.5915490246
0.5593042986	0.6168150273	0.5913839951	0.5321699032	0.560343837	0.5662062112
0.4951092617	0.58419993	0.6387362637	0.5624090676	0.5378391461	0.5885286658
0.5906862745	0.5810630342	0.5348890625	0.6388219205	0.6331075521	0.5857152563
0.4953525641	0.6165965323	0.5896650327	0.5609299455	0.5587592052	0.5951240044
0.5895779466	0.5558893109	0.6184137521	0.5923162928	0.6182059362	0.6036878537
0.57447883	0.5257965686	0.5937369197	0.5626243344	0.5470315877	0.6082584312
0.5510989011	0.5321213101	0.589878259	0.600062509	0.5431764933	0.6263877501
0.5350274725	0.5408133329	0.5531588918	0.5950857359	0.5729132456	0.6127593399
0.4475274725	0.5950585953	0.5935199991	0.6151550634	0.5875962342	0.5971995883
0.6142137017	0.5997721963	0.5858734947	0.5360189749	0.5587018451	0.5871274099
0.5756881599	0.625678733	0.5307771477	0.6049663658	0.5672104422	0.6118906996
0.5647664835	0.5515522876	0.6054740058	0.5973071524	0.5639188752	0.61311911
0.465034965	0.5838592168	0.5584699478	0.6095650077	0.5766250988	0.5739230287
0.5812042125	0.5892331933	0.6240390443	0.5857934415	0.6338614589	0.5754357306
0.4621794872	0.5632851217	0.5688747935	0.5469123605	0.5908285754	0.6113609982
0.5231456044	0.5021773978	0.5471861608	0.6367854556	0.6051372445	0.5883569887
0.5584383754	0.5333624709	0.5719886301	0.613702431	0.5095329589	0.6095910355
0.5418727106	0.5020399535	0.5929898354	0.6342157536	0.5018956117	0.5862716304
0.6354186276	0.5950012782	0.5503321527	0.5955440189	0.6131543899	0.5903696364
0.5476248833	0.5587878421	0.5802073879	0.5644714456	0.5444386483	0.5737745158
0.289044289	0.5834962831	0.6083819639	0.5535254166	0.5586333103	0.5839653166
0.5638426524	0.6109535481	0.5985704111	0.656329886	0.5935002949	0.5879952096
0.4805627379	0.6516865079	0.5773800546	0.5773580586	0.5340510225	0.603392498
0.5369478561	0.6005164566	0.5746556956	0.5688971793	0.6042382209	0.6107660129
0.6150838541	0.591561601	0.5179928595	0.5364096688	0.58655685	0.5887122076
0.4519749858	0.5558722527	0.6091450267	0.5945944825	0.5893217867	0.5810740695
0.6099552	0.5966616792	0.560172301	0.5696658868	0.582791996	0.6184577583
0.5062271062	0.4978365385	0.5257883707	0.5211428068	0.5653589823	0.615368904
0.6561745852	0.5552364485	0.5797569669	0.5621292166	0.5920800493	0.5980923533
0.5365505818	0.6126526252	0.6270552891	0.5796696563	0.6022091037	0.567778815
0.4726273726	0.5939621041	0.5607901494	0.6066774627	0.6075192695	0.5831025953
0.5007528011	0.5714723389	0.6161408423	0.5906533928	0.5844004761	0.5944156205
0.5617216117	0.5688002765	0.5908764259	0.5572784242	0.5969673429	0.6109287554
0.5393799828	0.5550877442	0.6058293515	0.5826539624	0.6037432335	0.5996415931
0.581547619	0.5384007128	0.591443415	0.5531051685	0.5977807405	0.5777841403
0.5815656566	0.5979067909	0.6286122782	0.599025668	0.5960921333	0.5834201832
0.5397893773	0.5900362237	0.5935769776	0.6000428697	0.567398431	0.6108318711
0.4673992674	0.5831555699	0.5929925732	0.5984999499	0.6400635592	0.5836493217
0.5576348488	0.4898894578	0.5647603758	0.5822846508	0.5816824584	0.6214367429
0.6327614379	0.5860365941	0.5841856952	0.5946825373	0.6132222439	0.5582769967
0.5355163219	0.5796629701	0.5633376427	0.5930465776	0.5584243697	0.5869585847
0.5487462293	0.4998688081	0.5886860552	0.543705804	0.5731303324	0.5845469574
0.6126508296	0.5283546583	0.5972585199	0.6422074018	0.5907619492	0.6013765812
0.5574673864	0.6047634759	0.5193320081	0.5472731839	0.5400166092	0.5529460201
0.6120932989	0.5496130503	0.6222803505	0.5736737087	0.5898379527	0.6040225931
0.5970004669	0.5839475067	0.6601538175	0.566768655	0.5485845364	0.6208732781
0.4759615385	0.4660516567	0.5709805717	0.5622059925	0.598932087	0.5837911005
0.6068681319	0.5649493888	0.6461737473	0.5733907024	0.6246042425	0.5655369877
0.5818721719	0.5543861775	0.5653886555	0.617991375	0.5566724362	0.6110829274
0.5708239065	0.5445371418	0.5061171944	0.5934326413	0.5692327822	0.5873786087
0.5501519314	0.5018955642	0.6102805168	0.5655403012	0.5710258627	0.5713705644
0.5160307829	0.5970516412	0.5682820992	0.5755155588	0.6103729677	0.5895342074
0.4741758242	0.5616942494	0.5066567011	0.5803736398	0.6160192242	0.602609075
0.5965345112	0.6238438645	0.5641999591	0.6066181706	0.5630240524	0.6227274093
0.6	0.4809482184	0.5212210311	0.5349781942	0.5690366659	0.5657056985
0.4803113553	0.5374198718	0.5339193486	0.6295794575	0.5638588033	0.5732907976
0.5116688459	0.5131531459	0.5972904153	0.5878681604	0.6164543042	0.5700263572
0.5787128077	0.4985994398	0.5631976261	0.5526648801	0.6148891932	0.5802152629
0.6117238562	0.6220377844	0.6138870775	0.6148596297	0.579089806	0.6063015665
0.4391025641	0.5883746768	0.5814012785	0.5985202566	0.5886938878	0.6203757004
0.5849614846	0.5910667151	0.5555235263	0.5668189551	0.6057728503	0.5667269961
0.4586527443	0.5774224518	0.5853817393	0.5502095331	0.6016046441	0.6179574195
0.4823691015	0.6044398208	0.5620792878	0.6013901824	0.6174180691	0.5833079311
0.4815625551	0.5888770404	0.520826151	0.5943319956	0.5921430831	0.5802368832
0.5708129225	0.550915302	0.5764560739	0.5479079642	0.6082563781	0.6096829768
0.622753268	0.6032292033	0.5263405576	0.5832333414	0.511110246	0.5965449587
0.6006827731	0.4966310006	0.6142282948	0.6254787964	0.5778367792	0.579804637
0.5914304993	0.5565577192	0.5710609244	0.6000413754	0.59284653	0.5856914555
0.6399455464	0.5205532213	0.6179834012	0.6071015822	0.597061687	0.5966148895
0.588213747	0.5685405539	0.5955958744	0.5540984815	0.6309360411	0.5923386166
0.5599408353	0.5944588564	0.5859580686	0.5850328593	0.5639754363	0.5845203846
0.4275641026	0.5775326797	0.5821609233	0.5688436461	0.5886637537	0.5765976956
0.5481331534	0.5066267678	0.5438203273	0.6283584149	0.5555694795	0.5932591011
0.624702381	0.5626944134	0.5352468338	0.5666697971	0.5827370982	0.5490836887
0.541735348	0.5533424908	0.5392034007	0.6099264351	0.5646853228	0.5998776509
0.5905812325	0.5578774779	0.5818637925	0.5807825737	0.5849259414	0.5907679696
0.5288513366	0.5741363212	0.5946733822	0.6264434417	0.5570643456	0.6400716015
0.5308634992	0.5737567784	0.5955078826	0.5875949842	0.5830662299	0.5852133846
0.619047619	0.5275048449	0.6279860977	0.5837373883	0.5881571954	0.585395692
0.489010989	0.4945179208	0.5759808411	0.603859733	0.6328645898	0.6236808769
0.5310560763	0.4958387201	0.6222301764	0.6110642309	0.5610465502	0.5774104898
0.5373765532	0.600967953	0.5366660981	0.5984732588	0.5764782715	0.6240361621
0.4578768862	0.5242572991	0.5577437183	0.5881679536	0.6086184636	0.575095368
0.6505933953	0.5216221279	0.5808971666	0.5065020253	0.5746145057	0.5837741696
0.5742673993	0.6680902979	0.5712916713	0.5885558069	0.5887161484	0.6064786944
0.5784089277	0.5044508188	0.6115006675	0.5639552017	0.5954235797	0.5998302845
0.5452488688	0.5212602349	0.6018439621	0.64727551	0.5707099716	0.5800459334
0.5816082202	0.5962926145	0.5519570163	0.5934809864	0.5870567633	0.5586801019
0.5173409923	0.5469638817	0.5733498528	0.5893148926	0.6032672316	0.5682491296
0.5282697694	0.5801605257	0.5842779633	0.5742663892	0.5611563845	0.577029596
0.5910539216	0.5396516474	0.5829819962	0.6115084976	0.5408223639	0.601730318
0.5881719996	0.5237484329	0.5681484773	0.589245851	0.5853303886	0.5756519386
0.6127859477	0.5345132368	0.6071745635	0.57071965	0.5306596822	0.6124868709
0.6217612045	0.6137539716	0.5937993787	0.5431881317	0.5609875556	0.5794300106
0.5466804029	0.5789303221	0.5743389394	0.5818337085	0.6140996272	0.6248296148
0.5288690476	0.5385757829	0.5652309664	0.583786832	0.5974108301	0.563838183
0.502518315	0.5710039144	0.5082610608	0.5326260953	0.6051248502	0.5840291221
0.6449561404	0.5131618994	0.5809903719	0.5723720181	0.5381049343	0.5891241316
0.4523809524	0.5016894258	0.5640127846	0.5518606684	0.5878125796	0.585937574
0.4709262551	0.5873922646	0.6624046841	0.5734680508	0.5631270389	0.5839189932
0.4972527473	0.5146941874	0.5682334844	0.5697486933	0.5952987278	0.5775195777
0.656337535	0.6172216694	0.5748423582	0.6188816097	0.6156395655	0.5539266861
0.4639958081	0.5983610752	0.5429202606	0.6171287948	0.5893448695	0.6060480159
0.5238324176	0.5674878302	0.6037388673	0.5699961395	0.5823495038	0.5806332939
0.6116541353	0.5963108067	0.6059575708	0.5600734136	0.5871421389	0.5629926382
0.5941405408	0.5470972043	0.6132361368	0.6316142921	0.6060824289	0.5869901611
0.5513206092	0.5492229584	0.5760212418	0.5706562669	0.6081756895	0.5870982367
0.5415939453	0.5821534062	0.5807773109	0.603772452	0.6128582344	0.5765884073
0.6500161367	0.6138278388	0.5664636547	0.5578148873	0.5519737929	0.5723370124
0.4614468864	0.6082617342	0.5766241112	0.5800812851	0.5845529922	0.6042456301
0.5361236802	0.6034606218	0.5621844644	0.6422998366	0.6056986452	0.5655113155
0.5554945055	0.6126379651	0.5961471127	0.5519213936	0.5804938581	0.5673514669
0.5291208791	0.6035640218	0.5608978848	0.5850881859	0.6361273801	0.5647148429
0.5835312971	0.600688874	0.5813264071	0.5703672123	0.5507920708	0.5614982143
0.6709294683	0.583352187	0.6127319304	0.5711353597	0.577196986	0.5469203859
0.5811163102	0.5770911063	0.6056111873	0.6343415099	0.5857540769	0.5830369003
0.4855769231	0.4960831448	0.5937204358	0.5931791146	0.5754621849	0.5804613745
0.5424962293	0.4936933777	0.5734400812	0.5712857098	0.6057891524	0.5710557567
0.6285714286	0.5720103426	0.5487993488	0.6051415362	0.6163861483	0.6036799224
0.5292111075	0.5525499623	0.5460283045	0.570633125	0.6032232778	0.5855251985
0.6022745637	0.5658641797	0.6062673022	0.6207511733	0.5531692899	0.6167349137
0.3679299867	0.6198234084	0.555672745	0.5561824409	0.5208311786	0.6047723574
0.5921622495	0.610908552	0.5767979842	0.5806816958	0.6028217792	0.6159460869
0.5302884615	0.4932413991	0.5896617408	0.6258670042	0.5852124089	0.6011381109
0.5841790562	0.5802900327	0.5389540363	0.6093911544	0.5882592463	0.5827413434
0.4652014652	0.594220669	0.5731207654	0.5746899751	0.6034893748	0.6056192328
0.5562957875	0.5601668552	0.5947539238	0.5573288414	0.621073881	0.5890063589
0.6466911765	0.5855771475	0.5025501867	0.6233901768	0.6424477011	0.5671613966
0.5203458306	0.564252047	0.5687446132	0.5474800269	0.6123575766	0.5794049486
0.5803564341	0.593088774	0.5865384615	0.5172148113	0.5300557286	0.6175363796
0.539287061	0.5765251293	0.5976230877	0.5625008446	0.5831188501	0.5978769369
0.56925452	0.5283905229	0.5514022198	0.6261607013	0.5597514242	0.5692005183
0.6085155857	0.5465551605	0.6011636526	0.5886958866	0.5463692353	0.6082775614
0.5218635531	0.554408398	0.6008413442	0.5777054258	0.5457306668	0.5598342258
0.5515883626	0.5968732044	0.5437145371	0.6053195595	0.5740799152	0.5520278666
0.5571320836	0.61875	0.558313541	0.5190041066	0.6204513924	0.5843456634
0.4138777889	0.5570598111	0.5858539881	0.5886808679	0.6100677659	0.6085746606
0.6180147059	0.6014929504	0.5580873769	0.5592739981	0.6322904972	0.5884263232
0.6014330699	0.5589054532	0.5977393522	0.5877407213	0.5584373852	0.5837972831
0.549255279	0.5900739783	0.598502029	0.5435551581	0.5565868432	0.5986351838
0.5751612766	0.6143614244	0.5834652383	0.5189807435	0.5849631006	0.6002270511
0.5017399267	0.5295753878	0.6331901035	0.6186212491	0.5597357789	0.5974083304
0.5096113445	0.5721360339	0.5108779973	0.5888849728	0.5547956009	0.5921101183
0.6139594474	0.5384730799	0.6407760698	0.5872948243	0.6126150028	0.5901005513
0.5162545788	0.537882175	0.5396971485	0.5857424438	0.5315399796	0.5824287741
0.5690866731	0.5792047993	0.5777375266	0.5926445013	0.5841137865	0.6055976125
0.531144958	0.5643658425	0.5617099039	0.5713043154	0.5776342779	0.583433468
0.5492143821	0.6466357376	0.5817366679	0.5884414326	0.5774766526	0.5836521809
0.5744878079	0.5874928058	0.5746647208	0.6016595327	0.6246556011	0.594395791
0.5998307656	0.5348382214	0.5798171192	0.5895879345	0.5753321558	0.5842140632
0.4661858974	0.5438137316	0.5823660458	0.6307329823	0.5962136299	0.5975478338
0.5117296919	0.5566210954	0.5380542388	0.5595339097	0.5570411511	0.5901439591
0.3848318348	0.5785842222	0.572123449	0.6139394903	0.5797650848	0.5641915966
0.4755144365	0.5980807387	0.5887091645	0.5891781915	0.5891613602	0.5581334983
0.6215336134	0.5354143202	0.5929225165	0.5631312326	0.5761797735	0.5789432338
0.5081043956	0.6157578941	0.5770886249	0.5881299863	0.6027800742	0.5747422076
0.3937354312	0.5488728184	0.5791454582	0.5447808931	0.6000001607	0.6158223306
0.5783739137	0.5853526988	0.5712533518	0.6458742598	0.596649618	0.5800924233
0.5178571429	0.6074086517	0.5806036978	0.5813130996	0.5972035339	0.5891076231
0.5488889787	0.629777817	0.5628740813	0.5592071392	0.6277969622	0.5916984392
0.5628205128	0.5795602714	0.6333801211	0.523662061	0.5788941481	0.5866840585
0.4893772894	0.5552825281	0.6058595694	0.5954821833	0.5995672817	0.594665973
0.6070660957	0.5524319022	0.5603390074	0.5705221233	0.5807673454	0.5734080299
0.5052197802	0.5923076923	0.6137147167	0.5736297812	0.6007537045	0.6357248702
0.4610119048	0.5220165434	0.5884159084	0.5853222742	0.5338643696	0.5823564875
0.5597864146	0.5973039216	0.5551546901	0.5962820123	0.5443974898	0.5889866399
0.5880530417	0.5921642696	0.6047082969	0.5852744193	0.5582167995	0.5686799625
0.5599013323	0.5379199436	0.5874208444	0.6371960255	0.5798251014	0.5999068514
0.5386527688	0.585238537	0.5980834754	0.5525589402	0.5986155198	0.5979710849
0.5666875801	0.5278953889	0.6055308268	0.6201435432	0.6054765307	0.5690545864
0.4950549451	0.6390224037	0.5823185415	0.5543040991	0.6092211723	0.5924608325
0.4924450549	0.558798432	0.5685013108	0.5299042053	0.5729632128	0.602746856
0.5850862308	0.6089640107	0.5589625774	0.614973886	0.5949767235	0.5940454336
0.4918498168	0.5558114035	0.5815015322	0.5502588823	0.619231908	0.5861885176
0.4758627338	0.5745490825	0.5855088403	0.5986684105	0.5900021594	0.5837808058
0.6095121382	0.4967485945	0.5898337473	0.598160353	0.5300929738	0.582849951
0.5553167421	0.5692426768	0.5886737174	0.602718039	0.5899326795	0.5946320301
0.6019311571	0.5762553419	0.6140468221	0.5716037537	0.6171144774	0.5585094315
0.4914835165	0.5660460895	0.5976347275	0.5380267812	0.5670430223	0.5971610446
0.4402818995	0.5405071644	0.6142961614	0.6149068762	0.5886457849	0.5741802423
0.5231913919	0.5970882263	0.6246615313	0.5655524912	0.5482009657	0.6036295608
0.5270779466	0.5773537941	0.5688405277	0.5148905441	0.5574604639	0.6074911919
0.5652930403	0.5544777526	0.5596360339	0.5798593869	0.6008950024	0.601174753
0.5308608059	0.5465738027	0.5713127559	0.5645305159	0.5473782508	0.5552408552
0.5838060224	0.608037061	0.606902886	0.5827964519	0.5681811476	0.6030250967
0.5182889823	0.6052637722	0.5847531962	0.5680340321	0.5866258642	0.6089251693
0.5645989975	0.5891595977	0.5942430233	0.5765881366	0.5951097531	0.5878989554
0.5417477797	0.5749791145	0.5889207606	0.5568166499	0.5871429632	0.5726104894
0.5106684982	0.6101758568	0.5858745027	0.6237300217	0.5756504525	0.6125092118
0.5127055951	0.6044580011	0.5969889452	0.533175395	0.5600983086	0.5719368411
0.4690247253	0.5585568843	0.6162721982	0.5760124105	0.5111379633	0.5895160861
0.6021749084	0.607472596	0.5604026406	0.5877850499	0.6002298592	0.6095396779
0.3994859307	0.5564688375	0.635149045	0.6083176515	0.5655892134	0.5898732951
0.4728021978	0.5862680008	0.5974197608	0.6215400339	0.5909748022	0.5991338688
0.6680147059	0.5750713747	0.5483184299	0.5857889267	0.5748409627	0.5930643563
0.5234647705	0.6308978399	0.5872338274	0.581234513	0.5588911351	0.6255184459
0.358974359	0.5932862889	0.6107341553	0.5495258848	0.6003549456	0.6156454798
0.5575302321	0.5402370344	0.5692377884	0.6146582224	0.5812559963	0.5755916186
0.4964285714	0.4883817163	0.5665665625	0.5219018216	0.5765058527	0.5798185107
0.4598901099	0.5318358725	0.5891844131	0.6068444584	0.5979962104	0.5819216525
0.5714097177	0.6033698532	0.6471902481	0.5628843567	0.5832738293	0.5779482691
0.4793144356	0.599947479	0.5692765568	0.5558183528	0.5721240271	0.5823421771
0.5192936149	0.5731475654	0.5646656312	0.5889496082	0.6106953753	0.596137641
0.470995671	0.6013958876	0.6133544016	0.5822014383	0.573393977	0.5784708837
0.4701465201	0.5392139616	0.555895371	0.5604065665	0.5606345426	0.5735341205
0.4983058608	0.6191097795	0.5925877886	0.5879464994	0.5801770121	0.5739702693
0.4504942362	0.6317507452	0.562826947	0.5987913907	0.5960026764	0.5853491392
0.3711288711	0.6321089181	0.5933489534	0.6127228599	0.5986256743	0.5785414091
0.5913690476	0.5723057172	0.6324319786	0.5955419103	0.5226364812	0.584137353
0.4403159341	0.5413340336	0.5847048255	0.5584909377	0.5979591324	0.5818295385
0.4514647118	0.5077529089	0.5712352935	0.5899172009	0.6097181727	0.5624401667
0.5297847985	0.5126373626	0.6019063181	0.5832803516	0.5807967931	0.5879990464
0.516735348	0.5308940007	0.5941775079	0.5806597175	0.5748426071	0.5909967163
0.5464474251	0.6083429846	0.5776388866	0.5494949903	0.5887801423	0.599988409
0.5246336996	0.6141041352	0.5756621238	0.5817663444	0.5611435121	0.5687017339
0.5413838612	0.5411010558	0.6208019263	0.5918217608	0.628151889	0.6187004346
0.5525194104	0.5455357143	0.5518930165	0.5752192451	0.5987610571	0.5844229021
0.5309510343	0.5635095705	0.6059493883	0.5625533066	0.6120817976	0.5705669331
0.5234848485	0.4982944139	0.5680763001	0.5707650993	0.5478497809	0.6032365156
0.6323893019	0.5492020235	0.5709305945	0.595832914	0.5819687227	0.6000187497
0.5653900022	0.5335817981	0.668841457	0.5855027723	0.5931868037	0.582171415
0.5337050205	0.5852563512	0.5607668067	0.5656624829	0.5541416749	0.5990362143
0.5724251239	0.6199761635	0.5554781283	0.5909952282	0.6093269042	0.5959408939
0.4360805861	0.5821549774	0.5780893535	0.6047088108	0.5832338576	0.58477025
0.5441006362	0.6154342776	0.5239250401	0.5734707066	0.5881496823	0.5849269597
0.5341346154	0.5777573529	0.6269218799	0.5678978803	0.5973623092	0.5725828553
0.4038461538	0.5913880313	0.5685861524	0.5753886024	0.624975235	0.5837993078
0.5603691651	0.5591426955	0.5722158038	0.5859657038	0.5690412529	0.5676689745
0.6339110644	0.6083761794	0.5817319663	0.5858642057	0.5759557028	0.5976488639
0.6245623249	0.546351172	0.5688357394	0.5307822386	0.5665377515	0.5944641218
0.5401098901	0.6226001939	0.5663279603	0.5830370492	0.6069517166	0.6058692995
0.4943702131	0.6259808529	0.6046779609	0.5786668075	0.5709547152	0.5701674789
0.5462454212	0.519691846	0.5664919775	0.5953214366	0.6036630363	0.5700970952
0.3995421245	0.5402950485	0.5795827947	0.6101102941	0.5864414761	0.6025157776
0.5252164502	0.4795962616	0.5574124949	0.5600365627	0.5938923482	0.610664614
0.6068452381	0.5652467706	0.4951583869	0.580746337	0.5795554639	0.6070039766
0.5582417582	0.598127424	0.5704598506	0.6107703861	0.5450516095	0.5900344352
0.5698717949	0.5311627281	0.6065200709	0.5971095017	0.5865921497	0.5827604018
0.5651772247	0.5887596182	0.6165715555	0.6057589357	0.5549555591	0.5913658108
0.4978021978	0.5568337912	0.6414519992	0.6024607321	0.5588166495	0.5779647318
0.6094551282	0.5704993536	0.5524485941	0.6000075368	0.586684443	0.6166844714
0.5452380952	0.6118728311	0.5539064557	0.6448873763	0.5958715085	0.5627160945
0.5743131868	0.5735664458	0.5759034424	0.6103988821	0.6139361477	0.589120316
0.6067334626	0.5453887122	0.6079134488	0.6060669572	0.6138854489	0.5548569944
0.5018409287	0.6536852241	0.5628750743	0.5612042101	0.5907263162	0.5975949465
0.490728022	0.5976639374	0.5630686114	0.5372120322	0.5742506719	0.5709589527
0.5968904633	0.5658047835	0.5902901815	0.5917134642	0.5951610455	0.5724214524
0.571012117	0.5325037707	0.5631220474	0.5767275719	0.562655041	0.608081757
0.6238316379	0.5888516304	0.5567244575	0.5828380872	0.5923703038	0.5739906744
0.6038690476	0.5619631186	0.5762643911	0.6256568788	0.5752819893	0.5713571931
0.5135531136	0.5768012012	0.5522956619	0.5772124037	0.6127126782	0.6035632043
0.5460218703	0.5838192649	0.5590186187	0.5860557963	0.611828988	0.5784866625
0.5756576348	0.530274811	0.5701816702	0.5962409736	0.6112653849	0.5970546913
0.5171932234	0.5802817281	0.5206728636	0.5943010217	0.6100163399	0.5957578642
0.4464906417	0.5899992605	0.5734165889	0.567890249	0.6007003793	0.5894852965
0.6295610349	0.4284632035	0.5889072937	0.5952540193	0.5713044128	0.6166414429
0.5801564857	0.5700794508	0.5621108059	0.6162186847	0.5904074739	0.5821750745
0.5755952381	0.6141698987	0.5643469061	0.5636872217	0.572916177	0.5882929936
0.5517165841	0.6559780272	0.5861533075	0.5269146601	0.5448863344	0.5722520853
0.5283451842	0.5046545162	0.5964686021	0.5842756814	0.5817129929	0.641170342
0.4421328671	0.6228378852	0.5916034358	0.5911004238	0.5589157188	0.5898073923
0.5289148352	0.6095774528	0.5763972683	0.5749791263	0.6175113028	0.5837345762
0.5478695324	0.6344657482	0.5842624882	0.5908225659	0.5699258658	0.5925177607
0.6273685014	0.5695160436	0.5692490638	0.5738318565	0.5685983315	0.5884805741
0.4689331502	0.574702381	0.6140860888	0.5356724142	0.5597005703	0.5747716009
0.4308608059	0.6166958923	0.6164873754	0.5977852342	0.5422693187	0.5821654485
0.5619047619	0.5900760929	0.6143389205	0.5844260975	0.5872486977	0.5799364275
0.4979382137	0.4949963639	0.5669647346	0.5754732298	0.6001396402	0.5756670151
0.5159111722	0.6421548663	0.5439862561	0.5598731935	0.5532543841	0.5598444972
0.5389248007	0.6093594894	0.6080967643	0.5837346123	0.5403078539	0.5848916967
0.5385288731	0.5906929962	0.540885585	0.6187765972	0.5829882871	0.582210428
0.5586592329	0.6100284294	0.5430414901	0.5516727043	0.5950924729	0.5719469387
0.450957376	0.4795293522	0.5579451236	0.5956982431	0.5691047377	0.6229885422
0.5494441876	0.5481341575	0.6043059667	0.6058581007	0.5589390262	0.5708597734
0.5174384439	0.615640298	0.5772798087	0.6020921991	0.566014651	0.5890198181
0.4990613553	0.5754747091	0.6319368289	0.5618784719	0.5887190308	0.6128753256
0.541231685	0.610690943	0.5890023733	0.5489308206	0.544683428	0.5908399115
0.5257326007	0.6416591181	0.6251362995	0.5984388467	0.5870843445	0.5635724752
0.538384777	0.6725588481	0.6145641804	0.5794800073	0.5612203719	0.5984862987
0.4977779573	0.5453022876	0.5796920264	0.5643208405	0.6095783388	0.5975966453
0.537412465	0.4947687729	0.5991487564	0.5889630015	0.5816685615	0.5827840812
0.5620003771	0.5836519088	0.6191836192	0.6171800239	0.6236590345	0.5850452162
0.6139355742	0.5593844268	0.5120508712	0.578023874	0.5608604089	0.5576818933
0.565955613	0.5886819471	0.5924227991	0.5429687943	0.6111388521	0.5750728584
0.546100829	0.598449508	0.5930165015	0.5301358364	0.5976949018	0.5777950522
0.5001971068	0.6095763305	0.6253178352	0.5781381066	0.5437002643	0.5802415305
0.5546253454	0.5649803832	0.564371753	0.6087051091	0.620141691	0.6298573545
0.6157490257	0.5813976046	0.6396886746	0.570713714	0.6266213091	0.5825450032
0.4266712454	0.5920949149	0.5606557794	0.5716353295	0.6145615169	0.5536199522
0.528228022	0.6083876499	0.5722751628	0.618191158	0.5983995434	0.606774206
0.5501054909	0.5956450208	0.5658647861	0.5884611014	0.5989708103	0.5897286438
0.5952291173	0.5918417367	0.5752973592	0.5954437161	0.6158166249	0.5630309064
0.4971840659	0.486953202	0.5213054103	0.6023983885	0.5392777617	0.5880341973
0.4386904762	0.5785276611	0.6494833347	0.5967201411	0.60030173	0.5924420308
0.5089077589	0.5768618024	0.5403058929	0.5875428106	0.6263842676	0.6140355815
0.6354866947	0.6154280049	0.5793415241	0.5698218491	0.5867055223	0.6107097886
0.4998626374	0.5588256515	0.5981966133	0.5947771897	0.5722375664	0.5589148122
0.5528388278	0.5500994072	0.6061051557	0.5923716956	0.5824738742	0.5642848543
0.5879048583	0.5934541765	0.6021545427	0.6055420059	0.602790706	0.6125932502
0.5748366013	0.5934308339	0.5590636896	0.5780770802	0.5756827637	0.5749228298
0.6480715363	0.6051753866	0.5953898226	0.4871597185	0.5870870143	0.6075796651
0.6234270395	0.5181837158	0.5964513943	0.6004077112	0.5963408994	0.571063461
0.6024204554	0.5745506536	0.622097728	0.568786278	0.5569913583	0.5823831969
0.5430833872	0.5436905619	0.5822656897	0.575189547	0.5811717123	0.583186076
0.5525829563	0.5414563582	0.5774857066	0.5660360365	0.6176133348	0.5900393303
0.4404262404	0.5122342119	0.5798897303	0.6120303292	0.6035161424	0.5545707642
0.5466911765	0.5513123519	0.58626009	0.6129965929	0.5915470284	0.5603591403
0.5599183904	0.6461181588	0.5620564893	0.6035942337	0.6221312361	0.5884811196
0.5752383646	0.61892507	0.5054432496	0.5987262592	0.5836643504	0.5877793418
0.5230082418	0.5750931054	0.5944459408	0.5935074359	0.633415869	0.6021193429
0.5589983481	0.5546992836	0.6320612759	0.5778129335	0.5883879382	0.6145085612
0.57025246	0.5564129498	0.6037786696	0.5904237817	0.5075820013	0.5662752416
0.5368818681	0.5548144258	0.5868086978	0.6152439982	0.5983170643	0.5954358511
0.4824770259	0.5628736642	0.5788424538	0.6124528539	0.6305198942	0.5977113551
0.632725975	0.5977231682	0.60625556	0.5922267479	0.599216173	0.5801764305
0.4470381742	0.5803603259	0.5822570267	0.6102526183	0.5526943206	0.5684766826
0.5551318199	0.5397644635	0.5150979195	0.5902325632	0.5514556848	0.5935401593
0.5059294872	0.5730089151	0.5834480857	0.5474355608	0.5709476093	0.6245768101
0.496788628	0.6213488685	0.6210699732	0.5936872666	0.5931927197	0.5839224153
0.6031783834	0.4708562271	0.5807367684	0.5417100669	0.629078437	0.6135288991
0.5158195971	0.5765415377	0.6261901297	0.5573921784	0.5979500268	0.6108854514
0.6079279789	0.5913958161	0.5855238852	0.5969789198	0.5669983358	0.5791209799
0.4120879121	0.5818048373	0.6467518721	0.6157255767	0.5890533271	0.594545685
0.5510488286	0.5726731398	0.6239021463	0.5822086206	0.6021625575	0.5836688795
0.430960706	0.5623876607	0.588920296	0.5720527634	0.6003201292	0.5744291347
0.5207251082	0.543646978	0.5658730159	0.5789599376	0.6475238955	0.592802883
0.4728937729	0.523396987	0.5765021607	0.5647303473	0.6037556089	0.6220065104
0.5260167529	0.6338322829	0.6333080175	0.6013546486	0.5752257151	0.5719770297
0.5331730769	0.5814535986	0.6040622232	0.5391100525	0.6066423317	0.602093795
0.4839285714	0.5785721019	0.6008338862	0.5952439309	0.578475962	0.6171882832
0.6346261582	0.5188462885	0.6187123241	0.5724813897	0.5713344507	0.5989438142
0.5365384615	0.5440543525	0.5546779609	0.5989419545	0.6015964204	0.5873557699
0.6594225949	0.620055961	0.5596916972	0.5927861048	0.5754644388	0.5944694386
0.5585564354	0.5926475077	0.6207520041	0.558502798	0.6296412742	0.5995463111
0.5639194139	0.5966090164	0.6350222039	0.6167110839	0.5797734863	0.6217106752
0.6395313428	0.6386579429	0.5389502067	0.5455527606	0.6058562722	0.5854501718
0.6258331538	0.540689493	0.5724637291	0.6145362394	0.5199431777	0.5921178417
0.5360805861	0.6143528245	0.5853206026	0.6008461836	0.5716068649	0.5960955415
0.5400789162	0.5168354317	0.5903747783	0.5883028473	0.5346401638	0.5730693889
0.5573260073	0.6495409787	0.574712556	0.5712657339	0.5733118241	0.5808460174
0.4214285714	0.6580831675	0.498207389	0.5597858534	0.5379170447	0.5887396068
0.5234078787	0.6174620776	0.621462538	0.5728204904	0.5913294411	0.6000964633
0.612202381	0.5092948718	0.6067251226	0.6023219616	0.5567731765	0.5751418628
0.460782967	0.5477169288	0.6067486228	0.6088778578	0.5722479889	0.5855265119
0.5449929972	0.6349060458	0.5636438617	0.5606993362	0.6142129474	0.5868201557
0.4738511489	0.6418901349	0.6073174704	0.6025222074	0.6280879187	0.6117831564
0.6167366947	0.5535943223	0.5912274874	0.586213195	0.5975630252	0.579761777
0.5120421245	0.5735650991	0.5706036632	0.6121560087	0.5990182848	0.6014363893
0.4782051282	0.6203799941	0.5359466807	0.6151060745	0.5763724429	0.6139954935
0.5693452381	0.5499943652	0.5484897592	0.5411647423	0.5926123756	0.5710633072
0.5557979602	0.5589858059	0.5783658335	0.5873210494	0.573178596	0.5863394193
0.5411830859	0.60729189	0.5792567454	0.5302544576	0.6037391354	0.5904198302
0.5775560224	0.5939614307	0.5784750001	0.607939538	0.514492101	0.6054215077
0.4526640027	0.5475027424	0.5965792514	0.6091836752	0.5717729561	0.58976547
0.6335550414	0.4772652593	0.5888537253	0.6044687747	0.538086761	0.5375962082
0.554581448	0.5256368631	0.5037599655	0.5769362582	0.5427008367	0.569411583
0.506043956	0.491657301	0.5443081836	0.5408119658	0.6157593692	0.6002764075
0.4828808446	0.5954542394	0.5668430834	0.5301087699	0.6256428118	0.5772734045
0.5872326203	0.5620441446	0.6062897392	0.5586774133	0.6137191962	0.6078899283
0.5660714286	0.6433465711	0.604353408	0.592733761	0.6171103003	0.5924340284
0.5663838612	0.5882195827	0.6033613445	0.5921018728	0.5744976089	0.5848931435
0.6077322596	0.5523546919	0.6336844972	0.5720978835	0.5911428742	0.5491346863
0.5535296811	0.5824162121	0.6014677452	0.6059172429	0.5675801731	0.6116002556
0.6263480392	0.5981675767	0.5373621885	0.5400369443	0.5660871022	0.5741672706
0.5207242512	0.5753824607	0.5561175938	0.5864068519	0.601948683	0.5886446083
0.6402135854	0.5960638422	0.5729685891	0.5419232218	0.531372247	0.5833987873
0.6180147059	0.4706886659	0.5977196164	0.5741403613	0.5830312159	0.5980161258
0.6077380952	0.5779176094	0.5089543082	0.5316126555	0.6182359161	0.5858014517
0.6023486318	0.6120932634	0.6034461704	0.6102149581	0.6067636002	0.5980322436
0.6407395279	0.5803616318	0.5815347507	0.5679380566	0.5802835237	0.5855238557
0.6198179272	0.6068768854	0.5488518698	0.5720094743	0.6167863144	0.5919940049
0.5348484848	0.5245513677	0.5860550304	0.59866756	0.6084353276	0.585090923
0.6358713998	0.5913669256	0.5714512841	0.5641775005	0.5781873424	0.6020579801
0.5626063887	0.5956696866	0.5718773902	0.5640462275	0.6098545538	0.6003201679
0.5542124542	0.5608682576	0.5921463885	0.5691938179	0.5566972815	0.5645810452
0.5387820513	0.5276782997	0.6150545261	0.6269318728	0.6141697617	0.5918229279
0.5284340659	0.5701135262	0.5339109284	0.5875748537	0.5640019213	0.5638622693
0.59942182	0.5576121795	0.5925238089	0.6108459249	0.6473136886	0.605664777
0.5533390629	0.5746806298	0.5131018899	0.5685348337	0.5708867242	0.5794585338
0.5699426541	0.5772704012	0.5709383754	0.5860958781	0.6058551579	0.6124550048
0.4497086247	0.5798992201	0.6316400919	0.6174165618	0.5522275192	0.6202880197
0.5708333333	0.6704105546	0.5461478745	0.6158024976	0.5395060332	0.5993657888
0.6465942146	0.5301939686	0.5939407113	0.5723064437	0.6498387513	0.5876422816
0.5775735294	0.5625612745	0.6407619886	0.5777323269	0.5730918059	0.5941366307
0.5773809524	0.5619889302	0.5723426764	0.5228417926	0.61472914	0.6164080474
0.5329441392	0.5909607571	0.5964237044	0.6039455787	0.5679760522	0.5634112654
0.5899666918	0.5699914024	0.6116902755	0.6415095939	0.5544626461	0.5986793742
0.5678050707	0.6445573185	0.6009818749	0.5563573445	0.6093338739	0.5737961896
0.5462826797	0.5955956421	0.5683940458	0.6164627845	0.5698795065	0.5783739697
0.5779714158	0.601254196	0.5893780375	0.5284678041	0.6035445914	0.5837544258
0.5273468362	0.6049122854	0.550083046	0.5463022068	0.5695642339	0.5921433462
0.5115680888	0.5828234803	0.641355116	0.6004999478	0.5932581784	0.6003157332
0.3764140271	0.4450771655	0.6543160865	0.6157393566	0.5924387987	0.5830354095
0.4301864802	0.5927339205	0.5881605724	0.5990983894	0.6229168888	0.5876546617
0.5385154062	0.549647391	0.5905997554	0.6056142312	0.5971594664	0.5750707645
0.5764005366	0.5657758296	0.6129204595	0.6329768969	0.5523267488	0.5747299125
0.5815018315	0.5035465148	0.5691546929	0.5561090462	0.5850255872	0.5921292702
0.575115081	0.5656804388	0.5164673168	0.5482499731	0.5968023892	0.5916218431
0.5556507218	0.5076231775	0.5642803275	0.6147720711	0.6231069356	0.6284044411
0.5887820513	0.5770298909	0.5865285858	0.5623787032	0.5641060277	0.596184043
0.4905438924	0.5893079347	0.5666843076	0.5842952713	0.5747309592	0.5731457296
0.4305860806	0.5515682234	0.5404395033	0.5896668063	0.6155153391	0.6091151167
0.498282967	0.5406748276	0.576090947	0.6051639236	0.6313377287	0.5648817604
0.5639544279	0.6068014706	0.5847968294	0.5606961564	0.5486451706	0.6030782154
0.4143772894	0.5784280058	0.5648254387	0.5659025067	0.5658319866	0.6395268809
0.5966211485	0.5636584509	0.5951448584	0.5874404797	0.5835330927	0.6107264201
0.5134844322	0.578125	0.5389391654	0.5578344176	0.5891573296	0.5918079347
0.5295531674	0.5267058105	0.5921059798	0.574654786	0.6151703212	0.5938434652
0.5157024348	0.5501508296	0.5978948439	0.591505724	0.596113176	0.5967475157
0.592900237	0.5830397426	0.6222688918	0.5571280435	0.5524422718	0.5913469552
0.5104893881	0.5813712968	0.5308844478	0.5809052762	0.5797268744	0.5821873528
0.5361492674	0.6136846405	0.5831730769	0.5857708758	0.5812307636	0.627133754
0.4785027473	0.5502390379	0.5915889916	0.5865626644	0.5636563711	0.5899971649
0.5416855204	0.5719362745	0.5437830688	0.5497183168	0.5684997326	0.5901970364
0.4749043848	0.5761730046	0.5784768608	0.5572574914	0.5675375725	0.5926211811
0.6132989903	0.5730560902	0.5812917024	0.5973912912	0.6064788149	0.5730593381
0.5555115636	0.5646964555	0.5481976765	0.5713423831	0.5811316706	0.5506670978
0.3807942058	0.6552234068	0.6089410224	0.6223785567	0.6035701549	0.5767291783
0.6196136788	0.5699141717	0.5628493919	0.6081631244	0.5713600125	0.6225089827
0.4802197802	0.5339285714	0.511462149	0.5421928766	0.6007376945	0.6128597654
0.5163097931	0.512900641	0.5760500579	0.57887724	0.6156690935	0.6070696443
0.5270516034	0.6029808395	0.5898480175	0.5774568988	0.5691560632	0.6007732661
0.5489617001	0.5847711521	0.6282722029	0.6424540979	0.6113420571	0.5765546064
0.5705761151	0.5967280333	0.5491263366	0.6139963762	0.6047725838	0.5848129822
0.5854135244	0.5245939722	0.5653027657	0.5454602039	0.5830916564	0.5876024597
0.4490925741	0.6054245999	0.5860568103	0.6254920921	0.619484453	0.5739147855
0.6362970728	0.5269829929	0.542089977	0.5532848279	0.6209211944	0.5877287006
0.578525641	0.6083487494	0.5902280998	0.6002701477	0.6068272066	0.5801918753
0.5827623357	0.6353344712	0.6210909769	0.6102026548	0.5749881491	0.5817153673
0.4877316311	0.5898059629	0.6222763441	0.6120279499	0.6151378163	0.5414430743
0.5402957337	0.5530738257	0.5980855939	0.5972208755	0.5911934767	0.603618787
0.4608433233	0.568793992	0.5753793341	0.5529445464	0.5854646171	0.5616107695
0.4532967033	0.6095298696	0.5479516807	0.6227432091	0.5841672539	0.572609104
0.4573260073	0.515922619	0.6072402951	0.6324323015	0.5788470375	0.6024421463
0.5024149054	0.6126339959	0.6399337805	0.5891484639	0.5775982188	0.5720478109
0.5706385118	0.5556961893	0.5949895557	0.5847490557	0.6089167158	0.5986759295
0.5451236264	0.6277894255	0.6001706491	0.5913521796	0.5870122185	0.5606753132
0.4904384831	0.5903027861	0.548988248	0.6139572335	0.597767094	0.5931999352
0.5860119048	0.5779831484	0.6173243251	0.5746931904	0.5651028873	0.5796105928
0.4904761905	0.6261020198	0.5470263375	0.5675614606	0.5895008071	0.5464294527
0.5939784888	0.6256466841	0.5742967272	0.5758621077	0.6155310647	0.5639046029
0.5990489043	0.5554004615	0.5660418013	0.6110623998	0.5924216225	0.6126125655
0.6350490196	0.5361503553	0.6007212287	0.6172550473	0.6088840502	0.6119922804
0.5487637363	0.5220379498	0.5845060033	0.5850334011	0.6092922257	0.5831689778
0.5184752747	0.6382089391	0.519726801	0.6297813609	0.5943135554	0.5773188464
0.568075307	0.5724869064	0.5742435526	0.588752467	0.5986327243	0.5436380119
0.4253912754	0.600538677	0.5976261348	0.5953991549	0.610717925	0.5730961009
0.5954306723	0.5614253394	0.6157093752	0.6223647295	0.6160854153	0.6057780433
0.5716346154	0.5615233998	0.5755465445	0.5860358408	0.6092313882	0.5671175522
0.4125	0.5990436002	0.559729318	0.605590794	0.6087193843	0.5980044437
0.5713378254	0.5737502693	0.5819263704	0.6143144319	0.5930329878	0.6156501855
0.53125	0.5065605544	0.6050617683	0.5173400129	0.6355554941	0.5856903548
0.5104826546	0.6081501241	0.5906690668	0.5934942997	0.6066912899	0.5670778409
0.5078067766	0.5403803509	0.5840783536	0.6126701499	0.6236270115	0.5697530864
0.461790293	0.5783303706	0.6299170737	0.5993822134	0.5829137465	0.5670142338
0.5179581448	0.59878259	0.5653793782	0.590860872	0.6280038374	0.5817374956
0.4373626374	0.5914954359	0.5996342982	0.6289283375	0.5660659898	0.5594174288
0.6132747198	0.5731536846	0.541849368	0.5851231999	0.5545728291	0.624724143
0.4950778388	0.574414032	0.5585877086	0.5593186113	0.5728360692	0.6016928327
0.381547619	0.5941243805	0.5802337283	0.5830629848	0.5969856343	0.6086133296
0.5434030022	0.6161644921	0.5613119022	0.5998669137	0.5727209474	0.6112416907
0.5333333333	0.6262378585	0.5384776909	0.5699189173	0.5651785714	0.6082727794
0.5636904762	0.5386761115	0.5522265653	0.5947913241	0.5777420455	0.5879388701
0.4860630791	0.5808115292	0.5580809033	0.5843990042	0.6125064736	0.5696522793
0.6364248432	0.5827847806	0.5864005004	0.5757822039	0.5709062343	0.5728573944
0.6405779012	0.5657620566	0.5640105244	0.5431961727	0.5801526252	0.5916388621
0.5730392157	0.580020895	0.5718873447	0.607812122	0.5667194854	0.5716382519
0.5782658518	0.5576260953	0.572167756	0.6193833471	0.5714338684	0.5914896095
0.554921665	0.5879989496	0.6465377874	0.552078904	0.6071253785	0.5911135706
0.4827237713	0.606857571	0.6349878514	0.5490663936	0.6188750487	0.5658110884
0.5950105042	0.5117673993	0.539865241	0.5362722653	0.5865950037	0.5803854638
0.4637445887	0.6158473696	0.5948023654	0.5720975291	0.5846621069	0.5944226847
0.6526300905	0.5872780202	0.5891752697	0.607458779	0.6327295048	0.5824209354
0.6037949323	0.5737763054	0.5979661349	0.5910769276	0.5957518324	0.5793911957
0.5152714932	0.4858188788	0.5595704949	0.5634411238	0.5573316725	0.5765117637
0.6058365654	0.52996448	0.589825297	0.6415365809	0.5941966483	0.6013825783
0.5124501724	0.5787552521	0.5782578533	0.5885831897	0.5823200724	0.5529249908
0.6606617647	0.5561133107	0.5439427403	0.5608614119	0.5634255369	0.6079840827
0.5505656109	0.6382641653	0.5710391188	0.5935827443	0.5878891125	0.59937808
0.5679563492	0.6537382058	0.578125823	0.5978632597	0.5764439237	0.5635753602
0.6080038426	0.5207667945	0.6355217087	0.5360796883	0.5847387988	0.5736165224
0.519636491	0.6341119697	0.5759628852	0.5735286498	0.5517145148	0.6339489915
0.5423534799	0.5347567873	0.5673860997	0.5924415701	0.6155980354	0.5741757956
0.6047026503	0.5291826025	0.519809847	0.5610307176	0.5561510441	0.5991819056
0.4542124542	0.5896789485	0.5775352156	0.5704953033	0.57585617	0.6108381956
0.5541895604	0.6256406949	0.6237152081	0.5871640947	0.5562371126	0.5780389425
0.6387780112	0.5607273037	0.5691552313	0.5915190975	0.5383976777	0.5907921293
0.5222866594	0.5939039718	0.6236277597	0.600925922	0.6336347467	0.592217317
0.5025869963	0.5585844915	0.605461673	0.6245560286	0.5640325361	0.5950883104
0.4962454212	0.5481799451	0.5164856385	0.6175285499	0.5421157437	0.5926910877
0.5517013624	0.6116270243	0.602069008	0.6287595939	0.5872787833	0.5491721645
0.5472069597	0.6142419232	0.5858083888	0.6083389564	0.5609960138	0.6080443166
0.5482627666	0.5102686529	0.6232833214	0.6045557958	0.5611844893	0.6048683502
0.4818910256	0.5966435697	0.6411111599	0.5567050817	0.5827710439	0.5646635374
0.5992585631	0.6085921936	0.5600150215	0.5529857215	0.6141453889	0.554597259
0.5275054602	0.5629197192	0.6336169499	0.6300738117	0.6214513518	0.5960343563
0.4708291708	0.5913490835	0.5691207893	0.6408265432	0.5553673541	0.5669399518
0.5275910364	0.6123787977	0.5086648918	0.6114564137	0.5859415696	0.5877659114
0.6210784314	0.5781873935	0.6187555937	0.5753262835	0.5864914832	0.6182592227
0.5131410256	0.5954033131	0.637359944	0.6164837823	0.583329548	0.5728984118
0.6401143791	0.5863743895	0.5802728683	0.5947685484	0.567632978	0.5458036629
0.4612354557	0.5643227483	0.5851586609	0.5568452381	0.6342557563	0.622906388
0.5759040796	0.5463239783	0.6060265042	0.6024064273	0.610267713	0.5475144176
0.4617216117	0.5254634985	0.5512694822	0.6034333099	0.6326934796	0.6027382724
0.6097430605	0.5965818699	0.5518109707	0.6107216216	0.5828580733	0.6087874333
0.4571566913	0.6636895548	0.6367704785	0.6088220587	0.5396806951	0.5776392197
0.6029761905	0.4841246988	0.5496546618	0.5876108777	0.5262182181	0.5732512311
0.483974359	0.5893012012	0.5558210036	0.6217577137	0.6218490183	0.5521295193