0.4612179487	0.4887105542	0.5631051138	0.5722869757	0.5852493886	0.5520598465
0.4607142857	0.4857948156	0.5377711341	0.5794484315	0.5526420625	0.5628812061
0.5058608059	0.5473380378	0.5351432723	0.5684475553	0.5885119945	0.5975053206
0.5178320046	0.5266964245	0.6049520247	0.5085236133	0.5733435587	0.5873390206
0.4345934703	0.5404286277	0.5458364205	0.5369915704	0.5798380378	0.5736796648
0.4656593407	0.5020911654	0.5267621905	0.5089528833	0.5379904654	0.568311376
0.4720695971	0.599314061	0.5346656611	0.5515042555	0.5653006763	0.5295524468
0.5302197802	0.5410701227	0.5407616893	0.5446952659	0.6002546147	0.5859003655
0.4921557609	0.5525381965	0.4847995142	0.5442440117	0.5297045262	0.5696111366
0.5326694139	0.5250033667	0.576606781	0.570694624	0.5882327708	0.5718512656
0.5491071429	0.571067719	0.5997556501	0.5650267318	0.5334440693	0.5680650391
0.5089056777	0.5272146359	0.5634258851	0.6014171872	0.5813153595	0.5651008086
0.4432692308	0.5325890613	0.5345664548	0.5448396987	0.5597324476	0.5761426426
0.3977688978	0.5828996983	0.5477716728	0.5723887455	0.5521207714	0.553342548
0.4475759535	0.5467780381	0.561949502	0.5407828997	0.5670095015	0.5552127682
0.5920343137	0.5423326061	0.537464986	0.5572344322	0.5569667098	0.5687476683
0.4246794872	0.5482266304	0.5252764106	0.5746532149	0.6005892087	0.5803365975
0.4705128205	0.5956326761	0.5709065036	0.5548258727	0.5719850248	0.5739283199
0.5124622926	0.5742469508	0.5899894495	0.5496515229	0.5669729746	0.5834257723
0.4877289377	0.5618767294	0.5655113541	0.5779080585	0.5886108985	0.5761950771
0.4586829837	0.5543154762	0.5900878125	0.5989698978	0.5806438183	0.5621779023
0.5855392157	0.5465986016	0.5548907305	0.53975874	0.5626581438	0.5820340326
0.5380548373	0.5429327821	0.5515534846	0.5503711733	0.6105832313	0.5772467273
0.4781822344	0.5136426686	0.5762771134	0.5736222272	0.6062965767	0.57113396
0.4546703297	0.5746951986	0.5662345201	0.5436938046	0.5658321662	0.5705670228
0.5340802988	0.5120997606	0.5282785978	0.5466983588	0.5509731415	0.6065617522
0.4578754579	0.5676665859	0.5716307249	0.5652897858	0.5715912411	0.5725685385
0.5098928033	0.562711856	0.5597285068	0.5621326552	0.6082812423	0.5774609665
0.4721382784	0.49654353	0.5387482343	0.5344717374	0.5541012363	0.5511201037
0.4646062271	0.5384705164	0.5381342922	0.5558350297	0.5698884939	0.5908853191
0.4694435466	0.6152203425	0.5674760289	0.58668873	0.5610435969	0.5220684585
0.4841898298	0.5518473786	0.5240209545	0.5659288445	0.5604927099	0.5700742197
0.53055376	0.5224971719	0.55306597	0.5915070836	0.5696602129	0.5464898026
0.4834020147	0.5854633874	0.5749919198	0.5399907255	0.5267959629	0.5730735445
0.5672443978	0.5781611481	0.5865962197	0.5810577596	0.5733418718	0.5809057364
0.4897893773	0.5721250714	0.5648200205	0.5882385427	0.5614511959	0.59513966
0.430952381	0.5677341449	0.5788201178	0.5410767423	0.6017808662	0.5786707247
0.5076595382	0.5545010953	0.5179609628	0.5628529693	0.5544719578	0.5595367728
0.4874367055	0.5160377	0.5632688118	0.578277761	0.581425723	0.5627154519
0.4911172161	0.5327565	0.5548986767	0.533599979	0.5848459762	0.5716803391
0.4794184982	0.5552195321	0.5444699228	0.567468185	0.5366368599	0.5887076004
0.4763879911	0.5445703602	0.5246869531	0.5740686499	0.5695861779	0.5788427351
0.5232169791	0.5174443816	0.539390142	0.5352874846	0.5537174998	0.5784045285
0.5027014652	0.5475461018	0.5536659963	0.5777230939	0.5298783488	0.5699406865
0.5354364182	0.5920093763	0.556880701	0.5757305807	0.5355581145	0.5659627009
0.4867216117	0.5111236802	0.5422276074	0.5780180679	0.5772192092	0.56975141
0.5121215794	0.5249939399	0.5813064508	0.5507425887	0.5499385071	0.5622337548
0.5124232385	0.5543565385	0.5691370993	0.5409677026	0.5343833613	0.5924551717
0.53767507	0.5155118778	0.5148230446	0.5837658402	0.5673701161	0.5693608965
0.4642857143	0.5150524914	0.5719763603	0.5803479641	0.525116444	0.57720844
0.4977940768	0.5362199569	0.5266686938	0.5725862308	0.5552747132	0.5584703274
0.489549666	0.5173992674	0.497128253	0.5656259966	0.5528268068	0.5988442661
0.4261530137	0.5637573619	0.5564869091	0.5324272573	0.5378597207	0.5674622028
0.5432234432	0.5068355868	0.5284164408	0.5402120143	0.5476912046	0.5991719377
0.494012605	0.5123390702	0.5111568987	0.5682302755	0.5908875413	0.5556378657
0.5398984594	0.5200872657	0.5505676663	0.5727341898	0.5126168929	0.5684428643
0.4637196137	0.5400252729	0.5475666762	0.5348262542	0.6112539267	0.578219578
0.4546120546	0.5254546107	0.5763855812	0.5568493431	0.562144563	0.5831816083
0.5267156863	0.5378854601	0.5372072794	0.584300613	0.5590876418	0.5421971248
0.5453200308	0.5939674908	0.5807344767	0.6230447233	0.5893459563	0.5809863812
0.4426053114	0.5161327031	0.5851244344	0.5533887574	0.5102451552	0.5779133974
0.4459880805	0.5640143557	0.5010665805	0.5492992296	0.5886171573	0.5804229701
0.5359634238	0.5435735833	0.5789329407	0.55671113	0.5498755278	0.601508031
0.5290441176	0.5194448117	0.5164923312	0.5897266084	0.5718503508	0.5727580405
0.5639705882	0.5575837572	0.5244387693	0.5851444989	0.5214702291	0.5593939387
0.5599520577	0.5671481092	0.5436325385	0.5908466904	0.5662376916	0.5812955777
0.5847280579	0.5212189127	0.5409972109	0.6044280727	0.5189041278	0.5780491812
0.5716036415	0.5256719384	0.5583940977	0.5485805861	0.5498639841	0.5758275206
0.5205411011	0.5587329337	0.5766525414	0.5933259755	0.6028447627	0.5764739951
0.413003663	0.5010558069	0.5405963454	0.5704452792	0.5708804676	0.5417579724
0.4972527473	0.5476031322	0.4854023019	0.5780895371	0.5585704504	0.5617639404
0.4171245421	0.5140967284	0.5291935189	0.5538650134	0.5355332576	0.5930247685
0.5797744739	0.5146762551	0.5090291245	0.5685607897	0.5864997786	0.5999415961
0.4879120879	0.6054884454	0.4846972472	0.5653575575	0.5455116534	0.5936345055
0.4534340659	0.5159190279	0.5709180883	0.5210156985	0.5729430129	0.5664843623
0.5510872298	0.5606913919	0.5578004999	0.553115077	0.5920991062	0.5765315595
0.5407886231	0.5324813259	0.5368987136	0.5294462176	0.5631987844	0.5852945122
0.531232493	0.4669407186	0.5431703101	0.5445413945	0.5714233642	0.593176016
0.5166666667	0.5125783326	0.5361350129	0.5549056642	0.5679202334	0.5715167931
0.5125457875	0.4921027298	0.5078191961	0.5931810283	0.5565435906	0.5743336447
0.5389194139	0.5814903846	0.5228877876	0.5677166379	0.6035237509	0.5741882997
0.5464285714	0.557381517	0.5272884007	0.5420902015	0.5825560744	0.5876892008
0.4331959707	0.5302402867	0.5861136942	0.5791120236	0.5936808556	0.5646868704
0.5102106227	0.4903859621	0.5349023934	0.5630698636	0.5874761092	0.5833706745
0.3986492674	0.4817074266	0.5458180708	0.6198111701	0.5860547201	0.5862802604
0.4686584249	0.608034592	0.5763966698	0.5547121281	0.5662137892	0.5563742099
0.5443452381	0.4701537025	0.5549636094	0.612353872	0.5783682339	0.5617829736
0.5593842024	0.5407614648	0.5209848953	0.5595282985	0.5557899698	0.5517854117
0.540763036	0.571855473	0.5221074541	0.5982477168	0.5440240599	0.5589338399
0.3846153846	0.5819347931	0.5221421373	0.5717545714	0.5807826315	0.5665707609
0.4866071429	0.5494103967	0.5531844517	0.5442742183	0.5331349726	0.5803671958
0.512464986	0.5597944947	0.5713197886	0.6109987273	0.5875955159	0.5763617046
0.5318452381	0.4984957445	0.5153288275	0.5368928661	0.6050148939	0.5898501675
0.5008012821	0.5716855653	0.5843922826	0.5515825479	0.5674679393	0.5909467059
0.5485644258	0.5317408104	0.5424291309	0.607345493	0.5240310996	0.568548235
0.522604234	0.5687662548	0.5476431385	0.5799933624	0.5421532046	0.5989345731
0.4719443547	0.5632639291	0.552422251	0.5570670531	0.5768002981	0.5697563842
0.4250915751	0.5448870101	0.5477522205	0.5806439884	0.5682079019	0.5613018002
0.5121996876	0.5901698179	0.538332256	0.5834719482	0.5628746877	0.5675480967
0.4797619048	0.498977187	0.5464910727	0.5889728209	0.5776645658	0.5497722814
0.4291208791	0.5760120416	0.5497355528	0.5996724938	0.5836571444	0.5914849435
0.4978116246	0.4925028403	0.5189976418	0.5643348745	0.5554059584	0.5586088295
0.5808006536	0.5692300841	0.5712910592	0.5897277543	0.5709365656	0.5995121217
0.4442267292	0.541822883	0.5837331514	0.5763248088	0.5812707502	0.5738387069
0.4988095238	0.4736354332	0.5459962287	0.5792172272	0.572950334	0.5644702275
0.4736263736	0.5723472402	0.5934076408	0.5839732899	0.5497338364	0.570872837
0.4870879121	0.5010788231	0.5883008332	0.5711232266	0.6243547689	0.5751827399
0.430001616	0.5654121635	0.5363621393	0.5589218084	0.6018594894	0.5938119715
0.4195054945	0.56059039	0.5843789495	0.5907736914	0.5864958115	0.5740467945
0.4472069597	0.5041666667	0.508155121	0.5681157078	0.5585671681	0.586004909
0.5442603965	0.5369478561	0.5359032716	0.52833597	0.5549402352	0.5990539792
0.5384803922	0.5750581322	0.5358947425	0.5544142159	0.5602485427	0.5490862565
0.4654990842	0.5407639338	0.5945219383	0.5481003866	0.5860079686	0.5580273648
0.4780677656	0.4883039754	0.5854903489	0.5780720301	0.5821825474	0.5795823009
0.4425824176	0.4634875724	0.5430710629	0.5758590293	0.5810934245	0.5707678274
0.5182309112	0.5133241758	0.5226544339	0.5248965291	0.5681359271	0.5812598545
0.4878178194	0.5180373752	0.5575453056	0.5571539899	0.5619811076	0.5660188201
0.5083333333	0.5217937732	0.5792856245	0.5616665096	0.5677609087	0.5722255232
0.5216804029	0.5578967805	0.5611544179	0.5934466457	0.5994225997	0.5582058301
0.5740384615	0.5405711323	0.5441712155	0.5262107389	0.5912559254	0.5500302434
0.5524496337	0.5995937359	0.53858886	0.5473412821	0.5819722911	0.5972140168
0.4923305861	0.5405794133	0.5531964495	0.5711483225	0.5708107514	0.5808603832
0.4943223443	0.5241987179	0.5257689614	0.5378028109	0.5537716369	0.568715492
0.575245098	0.5659713126	0.5870005267	0.5749728417	0.5966679236	0.5645532336
0.4858745421	0.4863088505	0.5746243594	0.5132449352	0.5611419953	0.5561121384
0.4828983516	0.5430719403	0.5449448972	0.57939942	0.5497872651	0.5761716878
0.5365492351	0.5532488957	0.6013918658	0.5153451215	0.5673097572	0.5842824302
0.5300770308	0.5349944786	0.5197189771	0.5650983842	0.5960924512	0.5739816713
0.5370798319	0.4677803814	0.5682453289	0.5743125135	0.5546462688	0.567053888
0.4772543633	0.5255016634	0.592506105	0.5506844447	0.5447319562	0.5625793032
0.4814102564	0.5097649792	0.5619183627	0.5730088856	0.5644222934	0.5487813427
0.513003663	0.5291255925	0.5446584032	0.5926103496	0.5929506033	0.5648371726
0.5142857143	0.5123584931	0.5629402188	0.5963377583	0.5937944834	0.5734889614
0.4536630037	0.5563873626	0.542376161	0.5377585956	0.5737220786	0.5685109786
0.5570144725	0.5116206098	0.5508901638	0.5430119416	0.5271276268	0.5544543155
0.3947302697	0.5445068412	0.5059618701	0.5413578134	0.5524533714	0.552221711
0.5309889307	0.4826007326	0.5275649596	0.5108919879	0.5619457014	0.571170264
0.4617673993	0.5416192135	0.5771686239	0.5690331566	0.5797382928	0.5791070898
0.4820809093	0.4668592845	0.5717175669	0.6082574578	0.5571223307	0.5813342864
0.481753663	0.5115788623	0.5440413345	0.5587721543	0.5674927184	0.5632884341
0.4192307692	0.5295188268	0.5502388056	0.5929376373	0.562996802	0.589370589
0.5456757703	0.591023621	0.4896690728	0.547246126	0.5526724664	0.5636320061
0.518452381	0.5305704712	0.5674769267	0.5719481703	0.5579784418	0.574403558
0.4508470696	0.5034199257	0.5650966122	0.5649781285	0.5537424774	0.5700060507
0.5499685772	0.5406333046	0.5463774286	0.5426934075	0.5693400949	0.568755864
0.5930147059	0.5938141923	0.5958725292	0.5979812429	0.5131733463	0.5401500785
0.5176739927	0.4000228938	0.6337353486	0.5308001435	0.5795791	0.5443703169
0.5671276844	0.5011793354	0.5234578796	0.5746201205	0.5652218451	0.5635098611
0.4857142857	0.550917771	0.4985401853	0.6016396986	0.5497204503	0.5655840146
0.5145460748	0.5232998007	0.4733058608	0.5781519339	0.5332900188	0.5472039263
0.5226028873	0.5462642749	0.5765056022	0.5589318259	0.5617506152	0.5764518598
0.5187796272	0.5359172046	0.5426793794	0.5442043965	0.5591376189	0.5636926309
0.5769957983	0.4686126374	0.5467490842	0.5895672912	0.5496791281	0.5690377906
0.5768382353	0.5714429361	0.5586049163	0.5584736138	0.5002558716	0.5468332293
0.5505494505	0.4530636202	0.5237440005	0.6062345839	0.5454693672	0.5706346244
0.5120448179	0.5061759319	0.5193241399	0.5444112201	0.5624804375	0.5705526916
0.5723739496	0.529436903	0.5078242155	0.5905478959	0.5557169456	0.5545155642
0.5359068627	0.5632208349	0.5475023343	0.5596709357	0.5751595334	0.5392741572
0.4268315018	0.5892769608	0.5270308123	0.5818658874	0.5572162968	0.5732629106
0.4602591036	0.5420755071	0.5736657649	0.5671608196	0.5696088307	0.5622984601
0.5575105042	0.5302772155	0.5745385856	0.5648743311	0.5505344574	0.564551177
0.5273809524	0.5772123914	0.5329812617	0.5841697416	0.5397888545	0.5593594495
0.5276669001	0.6163082338	0.5673442843	0.5604656319	0.5207545804	0.580255601
0.5136217949	0.5937975949	0.5457540396	0.5585809175	0.5809017943	0.5890218145
0.4733495671	0.5532004148	0.5456923115	0.5193842922	0.549370107	0.5743971337
0.4076136282	0.567742674	0.5951290131	0.5357680514	0.5780246761	0.554782297
0.5342248438	0.5595581502	0.5369361847	0.5295577568	0.5530977425	0.5582543851
0.5098443223	0.5030976173	0.5649421521	0.5895397607	0.5618897687	0.5465910053
0.4853708791	0.5403947156	0.6040049061	0.5642466602	0.5890229073	0.5953852533
0.5530475652	0.5199893856	0.5831524276	0.5421842659	0.5339068027	0.5815338757
0.4474358974	0.4906707875	0.5678582447	0.5443237302	0.5759924179	0.5581132505
0.4701923077	0.5403496014	0.5353905082	0.5820123601	0.5813045765	0.5862770827
0.4797066904	0.5917949214	0.5802734983	0.5109695962	0.5889496546	0.5636580179
0.5764180672	0.5712348722	0.5247304961	0.5854130046	0.570495942	0.565384554
0.476423454	0.5113865913	0.5216829467	0.5442029258	0.5520596071	0.573231065
0.562254902	0.5948967087	0.6200613714	0.5689191221	0.581963747	0.5756411721
0.5216211485	0.5675261658	0.5649920663	0.5292093323	0.6092400968	0.5415162282
0.4723901099	0.5811730141	0.5360276004	0.5600230662	0.559691689	0.5605835227
0.5234593838	0.5703168768	0.5776546302	0.5988535582	0.5677931868	0.5922912878
0.5607385262	0.5491426058	0.5947147989	0.5574714501	0.5690221285	0.5737137622
0.5520833333	0.5656101864	0.5390648567	0.5831508742	0.5708523571	0.5674396091
0.5558479532	0.5356577246	0.5358367166	0.5797278906	0.5526671763	0.5795199194
0.4954052075	0.5791943211	0.5659347905	0.5851494545	0.5657817857	0.5630664483
0.5358960892	0.5644954321	0.584782973	0.5381504525	0.5627734533	0.5952403846
0.5344712885	0.5345738616	0.583190135	0.5788956566	0.5834596273	0.5605561185
0.4726648352	0.5628064552	0.5593120402	0.5790244784	0.5728466537	0.5745624147
0.4167582418	0.5198504722	0.5557626026	0.5625825343	0.5436389428	0.5838299499
0.5009386447	0.5673427063	0.6274641481	0.5422213305	0.562447479	0.5912602963
0.4750915751	0.5583885477	0.5544477445	0.5467153047	0.5534389471	0.5591448502
0.50495338	0.5460292771	0.5382023435	0.577534441	0.5822141421	0.5944852273
0.5666922538	0.55676915	0.5143237209	0.5711634019	0.508726199	0.5819051966
0.4200320513	0.5071814623	0.5016675046	0.5834137762	0.5239836063	0.5928786025
0.4781000862	0.5711309524	0.5514593579	0.5312121331	0.576036497	0.580305229
0.5639355742	0.5152405311	0.5377251561	0.5365912274	0.5443397615	0.5643950494
0.5444327731	0.4970725149	0.5416718644	0.5463376579	0.4854006485	0.5836273092
0.5648284314	0.5252017794	0.5562405846	0.5989490364	0.5370746342	0.5636062624
0.5472487072	0.5703493509	0.5902387394	0.5389551013	0.5675791365	0.5982201607
0.5202460938	0.5664051839	0.5634982256	0.5618493821	0.5740965489	0.5346190394
0.5121498599	0.6301178805	0.5322526716	0.5810941085	0.5542408245	0.5817142498
0.4732371795	0.5316993464	0.5516115421	0.5406517744	0.5535857791	0.5728710587
0.3877289377	0.506613607	0.5496149956	0.5708318218	0.5492056215	0.5699103245
0.6149509804	0.5410238658	0.5474294239	0.5633202362	0.6036079169	0.5693927055
0.4633699634	0.539550741	0.5803876042	0.56493978	0.5709916885	0.5695653413
0.5566176471	0.5348909057	0.5663559523	0.5534699777	0.5707187889	0.5678108143
0.5259170976	0.6062271062	0.5287496094	0.6127830358	0.5803410156	0.5713330319
0.5166666667	0.4723308554	0.5558893857	0.5125441348	0.5746852661	0.5548743978
0.5892924477	0.5731461005	0.537258942	0.537651054	0.5867143301	0.5852964264
0.528101188	0.5587710084	0.5218809105	0.5080817875	0.5752451311	0.5795994204
0.4976419414	0.5068108974	0.5546445249	0.579211332	0.529956008	0.5775703163
0.4709020147	0.5251256677	0.5558222558	0.5622656766	0.5723944099	0.5712436559
0.5029761905	0.5631165607	0.5810915664	0.5440722848	0.5561289772	0.5634443717
0.530242674	0.5660409508	0.6000869365	0.6017742556	0.5822905109	0.5483844138
0.5519607843	0.515340399	0.5237377002	0.5919525848	0.5639801946	0.549897291
0.4209498834	0.5645391169	0.5612658311	0.5663080684	0.5663875422	0.5749832529
0.6035539216	0.5209630765	0.5714667277	0.5990433758	0.5638229388	0.5759880041
0.5481967787	0.5065934066	0.5519793387	0.5480395728	0.5480086009	0.5885997091
0.5079545455	0.5027359283	0.5409732696	0.5396299064	0.5628356619	0.5747786321
0.471268315	0.5356705182	0.5874470222	0.587388449	0.542001634	0.5946915578
0.5420343137	0.5358948982	0.5270377498	0.5743346217	0.5556497678	0.5783609949
0.4134615385	0.5647049846	0.5681107069	0.5515448808	0.5854923508	0.5855057803
0.5171918768	0.5720787877	0.5407745419	0.5462621309	0.5700420168	0.5884677002
0.4597527473	0.5450232978	0.5309288729	0.5497298802	0.5484052222	0.5809185979
0.4727249874	0.5738575322	0.5217384331	0.5831885048	0.5493911957	0.5828676163
0.6046568627	0.4608832956	0.5828574941	0.5712536491	0.5615714106	0.5549537406
0.4968864469	0.6034257613	0.4811916433	0.5537769114	0.5257768715	0.5765580028
0.5368419163	0.592469071	0.5870022829	0.5810680548	0.5722912571	0.579685793
0.55017507	0.5688614565	0.5406172939	0.5378545109	0.5331851808	0.5869620389
0.5138507326	0.5426611991	0.5664368311	0.6293443179	0.5546160509	0.5808365701
0.4889423077	0.5192772301	0.5655587876	0.5290131437	0.5728117892	0.5756756846
0.4011904762	0.5716444911	0.5803757109	0.5640804441	0.5597334691	0.5812458064
0.5114656177	0.5835791402	0.5318856389	0.5437321563	0.5328259799	0.5628173355
0.5295962616	0.5575412537	0.5784015005	0.5228585344	0.5212351292	0.5730012342
0.5648634454	0.5455128205	0.5688301873	0.4903119058	0.5942115646	0.5483321232
0.5869047619	0.5986932594	0.5779733317	0.5873315512	0.5564194375	0.5869360202
0.5583508403	0.5484250431	0.5142123127	0.5793712635	0.5660005925	0.5472735999
0.4721611722	0.5380835668	0.5416062073	0.5411077893	0.5789220175	0.5576190311
0.4870192308	0.4876010503	0.5279100787	0.5204691652	0.5677195487	0.5891816197
0.5307005495	0.5480295644	0.5394767162	0.5472513415	0.5307919549	0.5632712555
0.5448717949	0.5381740196	0.5760207929	0.5318483686	0.5848139532	0.5731643967
0.5222864146	0.5563698556	0.5287225302	0.5092008278	0.5677276808	0.5704676236
0.3516899767	0.5072775264	0.6112487573	0.5577505521	0.6000196239	0.5945723897
0.5256868132	0.5223349567	0.5629042118	0.6039564704	0.556727267	0.5802387596
0.5192401961	0.5113128905	0.5285310278	0.5619725454	0.561611472	0.5807107772
0.4886217949	0.5685827621	0.5080936221	0.5980790849	0.524339582	0.5917989557
0.5467261905	0.550457651	0.5720186826	0.5901847792	0.5258371135	0.6007892398
0.5043498168	0.5007009535	0.5751606645	0.5803969825	0.5424705523	0.5486191558
0.4992296919	0.5536172161	0.5237368024	0.5475891245	0.5059834039	0.5841234615
0.5141793256	0.5251607526	0.5754322862	0.5943248605	0.5677374573	0.550712919
0.4776987718	0.5757623225	0.5647432905	0.5461386959	0.5362522256	0.5801983614
0.5139517345	0.5073848956	0.561206427	0.5803171083	0.5573123892	0.5704421595
0.4663461538	0.5227348632	0.5455433455	0.5582936532	0.5787442777	0.5655712126
0.4778388278	0.5539058572	0.5513071895	0.5569440466	0.5708313629	0.6042117738
0.5336309524	0.5152586996	0.5952195408	0.5119366336	0.5616530344	0.5522341919
0.5285714286	0.5117981896	0.5256187225	0.605773578	0.5516727953	0.5638514674
0.5273809524	0.5836102204	0.5399303311	0.5913537851	0.5853822244	0.5612222392
0.5515473497	0.5590843152	0.5271484235	0.5168963782	0.5943121803	0.5780876464
0.5327677225	0.530159628	0.5654260085	0.5827128625	0.5300791365	0.6041187749
0.577369281	0.5868690746	0.5735205971	0.5908914266	0.5403579509	0.5863819168
0.4787545788	0.5649698341	0.5466818756	0.559709092	0.5646937999	0.5811385742
0.6033088235	0.4437094156	0.4681373365	0.586949569	0.5307272629	0.5884631167
0.5050595238	0.4974244505	0.5499507709	0.5708999828	0.5724755044	0.5509780579
0.5009682719	0.5873206773	0.580509564	0.5954553616	0.5498636249	0.5683732493
0.5218016053	0.5686916433	0.5388852977	0.5319970777	0.5728371976	0.5821208
0.5782679739	0.4782468628	0.5544234439	0.5622340282	0.5632633053	0.5802131589
0.4684981685	0.5400683671	0.556858501	0.547439306	0.5654220204	0.5731875267
0.4269419306	0.5354622298	0.5820930216	0.5820764139	0.5566677204	0.5614168599
0.5221342383	0.5480695635	0.5781659245	0.6050465058	0.5311712634	0.5693750449
0.5421568627	0.5644345238	0.5530915958	0.5752600239	0.5677401864	0.560624378
0.5122252747	0.5676318199	0.5514202287	0.5587247424	0.57070845	0.5753337388
0.4516483516	0.485627424	0.5979263928	0.5791948822	0.5697134066	0.5603858983
0.5380835668	0.5565289898	0.5286498768	0.5358839926	0.5953991597	0.5944528719
0.5144257703	0.5350635358	0.5467959192	0.5724241139	0.5553921947	0.5557152615
0.5274550205	0.5564115419	0.5917465547	0.4772306737	0.5511753035	0.562932101
0.4826842275	0.5714198179	0.5834427147	0.5802945217	0.5374956906	0.5611232513
0.5357277526	0.5087110806	0.5111108663	0.543487395	0.5942138907	0.5477103912
0.5198179272	0.5040248355	0.5024554694	0.5517362496	0.5435542807	0.5890165407
0.4932409502	0.548991715	0.5503778063	0.5833792508	0.5909090325	0.5651616508
0.5315678194	0.5739274893	0.5239037057	0.5797423895	0.5847907004	0.6128589243
0.5300595238	0.5824000754	0.5614839953	0.5797888386	0.5487309341	0.5987397061
0.482760989	0.5696967248	0.5383660729	0.5770898423	0.5904183119	0.5954547143
0.5601298212	0.5132016268	0.5386006967	0.6044336485	0.5457305113	0.5912258068
0.5172619048	0.491163677	0.5479447976	0.5620406479	0.5787504489	0.5689946586
0.4952380952	0.5138581394	0.5568341653	0.5639056715	0.5248688227	0.5735121898
0.5705882353	0.5522876354	0.5495133951	0.5307460003	0.6148003304	0.5456148549
0.4621108059	0.5264720294	0.546400283	0.5498821644	0.579982493	0.5804051457
0.4621794872	0.5328296703	0.5367574283	0.5574519526	0.5684794673	0.5472455649
0.4346153846	0.5506112556	0.5839538457	0.5734085225	0.5471903599	0.5477954124
0.4341265352	0.5163252801	0.59392103	0.5465691886	0.5789640343	0.5752245482
0.5698704482	0.4999353588	0.566736545	0.5391739388	0.5064990728	0.578146708
0.5243010666	0.5474123303	0.5599546559	0.5812655578	0.5488301976	0.5821323907
0.5010611937	0.5740544092	0.5896825397	0.5617899623	0.537599056	0.5761112859
0.5515082956	0.5862994236	0.543827045	0.5491628164	0.5749740065	0.5704737538
0.5630952381	0.4863667582	0.5407868276	0.5581157303	0.5508791209	0.5829077078
0.4328754579	0.5298258727	0.5255552862	0.5347601541	0.5350549309	0.5957075286
0.4598901099	0.4839944981	0.5674607664	0.5911116876	0.5141392839	0.5722420775
0.4861169468	0.5470585991	0.5822977425	0.5638228698	0.5183284608	0.5980410845
0.5325320513	0.5833245798	0.5571293902	0.5975546308	0.5663169424	0.5477211415
0.3461538462	0.5356047311	0.5212421136	0.5148048643	0.534576453	0.5510044339
0.5550810709	0.4811927656	0.5381922	0.5698134747	0.5940923292	0.5592846818
0.5067078755	0.5202986148	0.5515204044	0.5487574399	0.5609356089	0.5904716306
0.4963369963	0.6079871861	0.5405138979	0.554127415	0.5495749787	0.5958245798
0.4834665335	0.574769751	0.5800186741	0.586650491	0.5824053724	0.5678670422
0.445970696	0.5371288799	0.5672528559	0.5677402051	0.5524170029	0.5680258834
0.4873376623	0.5320529348	0.5616628061	0.5692098955	0.5752642211	0.5817425563
0.4630130899	0.5211195055	0.5590766274	0.5769771632	0.5850359732	0.6041279693
0.5589200424	0.5574020718	0.5369873905	0.5759473676	0.5605752976	0.5720137873
0.4383241758	0.5725927871	0.5327166391	0.5448096129	0.5649203901	0.5650142339
0.6009803922	0.5568533183	0.5532147648	0.5803061694	0.5571402535	0.5790463669
0.5904936975	0.6087286821	0.5599477184	0.5616134983	0.5498838799	0.5731388056
0.5681233391	0.5454219188	0.5392620172	0.542752408	0.5684897292	0.5774091597
0.5183836996	0.5360603213	0.5311292387	0.5435598978	0.5765012739	0.5762285734
0.4652014652	0.5015638773	0.5717424059	0.5424212736	0.5552003878	0.5648135658
0.5214285714	0.5552120469	0.558325773	0.5828407687	0.5914611614	0.5822766653
0.506959707	0.5283182504	0.5614790574	0.5838477699	0.5697839905	0.5775503214
0.5521439345	0.526929137	0.6025784673	0.604628913	0.5873892735	0.5679467993
0.5791666667	0.4778035078	0.5767987323	0.550768164	0.5482880467	0.5783384768
0.460989011	0.5691831861	0.5455898813	0.4646784996	0.5663509925	0.5612345691
0.5339056777	0.5388170653	0.5735939578	0.6029291566	0.54700168	0.5624702286
0.5224130037	0.5857077767	0.5715533785	0.5707099563	0.5836564781	0.5417785388
0.5154411765	0.5303180888	0.571091725	0.5848090839	0.5822202329	0.555492415
0.4733147979	0.5395534816	0.5553660421	0.5378922242	0.5598333284	0.5774221717
0.5239656177	0.525608705	0.5514212911	0.5328154178	0.5652668565	0.5726387448
0.5223133484	0.5659798535	0.6003832088	0.582274709	0.553704188	0.585792674
0.4591117216	0.5987628385	0.5563278089	0.5528478353	0.5394000199	0.5711677139
0.4982425663	0.5928643252	0.489379085	0.5360294118	0.6169670689	0.5647700579
0.5371565934	0.5570699113	0.5725083196	0.5712211808	0.5511752184	0.5851864295
0.5665441176	0.5552604054	0.5776387678	0.5504642706	0.5756622042	0.5664729721
0.4387362637	0.5360754238	0.588961311	0.5766964841	0.5843502279	0.580028831
0.4487179487	0.532727995	0.5496440243	0.5191377261	0.5306132348	0.5306779173
0.4347069597	0.5758241758	0.5636147385	0.5908818875	0.5907391877	0.5798066959
0.5641339869	0.531992382	0.5478767671	0.5536273351	0.5650001843	0.5533076452
0.4448260073	0.5819430978	0.5855469966	0.5458270547	0.5550290233	0.5495250215
0.4640917906	0.6222864146	0.5354387715	0.5602709994	0.5789249802	0.5622530615
0.465224359	0.5459383754	0.5269968379	0.5313127232	0.5932336686	0.6068379943
0.3782051282	0.5229893881	0.513788295	0.5739428405	0.601723516	0.5945851289
0.4781759907	0.5638217787	0.5905012858	0.5491689785	0.5896234648	0.5775212305
0.5132267651	0.596510507	0.520611578	0.5395022955	0.5954132739	0.5542497127
0.4344322344	0.5851291951	0.5657430404	0.5397204715	0.6161322565	0.5588120404
0.5024981146	0.543244317	0.5573276139	0.591854991	0.5638844991	0.5779843651
0.562797619	0.5766499228	0.5539173474	0.5856857705	0.5473961251	0.581690255
0.5208333333	0.5417393881	0.553267525	0.519262075	0.5929566185	0.5905213543
0.5538852079	0.5564040309	0.5800731482	0.583803016	0.5698767383	0.5977227429
0.453030303	0.5413293674	0.5530637255	0.6144725442	0.5886094715	0.5823419881
0.542799684	0.5089475658	0.5871614182	0.6011826323	0.5815876358	0.5831104817
0.5584908964	0.5502208576	0.562508461	0.5471252604	0.5695580061	0.5732497108
0.3721278721	0.5577769603	0.6041265652	0.5515443197	0.5640946068	0.5535990605
0.4533882784	0.5069294064	0.5289158826	0.5537389371	0.5816117547	0.5912520797
0.5260261797	0.555873375	0.592630605	0.4824012691	0.5998916645	0.5819538844
0.4822115385	0.5326057532	0.5992222647	0.5787450397	0.5681724059	0.5508445463
0.4743589744	0.569579787	0.5813064115	0.5855248392	0.6037079123	0.558519914
0.5345938375	0.5166620477	0.5691709162	0.5135555315	0.5726068282	0.5712202664
0.4805429864	0.4922962454	0.519011408	0.5406641368	0.5241898087	0.5687026295
0.5273809524	0.55208468	0.5715372046	0.5410807636	0.5700205595	0.5741032054
0.5607843137	0.5205613014	0.525282073	0.5758100356	0.5658276613	0.5608914969
0.5166666667	0.5742036558	0.5478688236	0.5158048039	0.5471981695	0.5829939148
0.4404262404	0.5130948096	0.4953512446	0.6029522099	0.5696716493	0.5541886178
0.5659663866	0.5339611165	0.5406026006	0.5956591847	0.5817110929	0.5927369281
0.5451505602	0.6112745098	0.5963386423	0.5727255958	0.5662963065	0.5797765223
0.4793040293	0.5391456583	0.5486331071	0.5803333218	0.6174667863	0.5561195929
0.5513830532	0.5518529898	0.5754439596	0.5815780931	0.6084067304	0.5661069724
0.5577439309	0.5568079796	0.5317495127	0.5529367997	0.5631894451	0.5873453155
0.5569852941	0.530952381	0.5972658362	0.5531400263	0.5627903469	0.5925153972
0.5578081232	0.5421323162	0.587570028	0.5499622926	0.5840679517	0.5580611148
0.5006935466	0.5342268638	0.549513844	0.5822662803	0.5593078082	0.5847419608
0.4633699634	0.4964046381	0.5761137147	0.5414188103	0.5711875135	0.5668468814
0.5300595238	0.5937389784	0.5834057397	0.5887209008	0.5196063182	0.535215834
0.3965201465	0.5535018913	0.5608483564	0.5703855377	0.5619896933	0.5792708085
0.5173480931	0.5181204212	0.5805751574	0.543789503	0.5535590442	0.5808600056
0.5739495798	0.5387721165	0.5210076394	0.5876877632	0.5628166429	0.5638385179
0.4811813187	0.577416687	0.5790861486	0.5870650183	0.5709576779	0.5707471308
0.5737673511	0.5258921838	0.5577641313	0.5181943771	0.5713354937	0.5585685232
0.5380952381	0.5427635477	0.5769536571	0.5907722561	0.5771625519	0.5497263426
0.484271978	0.6081670168	0.5583319709	0.5558795473	0.5944782913	0.5291673666
0.4237179487	0.5679258242	0.5123343568	0.5152547761	0.5832954558	0.5584566448
0.4945458953	0.5481788228	0.5161392121	0.5854718692	0.5692661471	0.5811393347
0.5112246822	0.5197173741	0.5936034389	0.5999801245	0.572033492	0.5850632572
0.5380723443	0.5486390373	0.576009123	0.5593037069	0.5735254567	0.567243096
0.5008228291	0.5048654777	0.5765191873	0.5522090526	0.5325508887	0.5545010322
0.4630992782	0.5741384712	0.6151124339	0.5411303464	0.5765017795	0.5436115317
0.533768315	0.5568782321	0.5377754906	0.5599655247	0.5395284119	0.5588454805
0.5849264706	0.5757871418	0.4759233822	0.5433325253	0.5788649178	0.5721682115
0.5057234432	0.5589927638	0.5630686307	0.5439288534	0.5611035696	0.5737126629
0.4357142857	0.5417335524	0.5651641251	0.5853532599	0.5832822582	0.5380462226
0.4498168498	0.5744864613	0.5562766346	0.499028392	0.5950251383	0.5725278931
0.5299648064	0.4618193694	0.5389895994	0.5825443015	0.5347802198	0.5689667726
0.4759178322	0.5610603857	0.5535082973	0.6082072345	0.597872103	0.56833248
0.4797847985	0.5647824194	0.5904727647	0.5835544626	0.5782302334	0.5774157632
0.3685897436	0.4985579844	0.4811228611	0.5420409248	0.5780925022	0.5684892354
0.5181318681	0.5433334231	0.5099893162	0.5637278469	0.5485829723	0.5801827013
0.4461538462	0.5575232742	0.5742595632	0.5371051436	0.5011059937	0.5889265875
0.4880952381	0.5327879229	0.560663261	0.5587570985	0.5454776351	0.5933113374
0.5804330065	0.5218231523	0.5621438353	0.5071530798	0.5482151268	0.5998824219
0.4886904762	0.5516517184	0.5917444913	0.5764048043	0.5728882963	0.6008367213
0.4980998168	0.5356096926	0.589897538	0.5662659134	0.560769949	0.5613017104
0.5695553221	0.4701030995	0.6085254221	0.6198608973	0.5495779466	0.5878383789
0.5013843999	0.5381892005	0.5697299275	0.5492285492	0.5553267076	0.5573903079
0.5019459707	0.4885693555	0.5747644627	0.5101018773	0.606452174	0.5670488533
0.5292191877	0.5177124314	0.54039494	0.5666069418	0.5756839286	0.5596386783
0.556372549	0.5661601921	0.5788157548	0.5617085346	0.5802847686	0.5493338518
0.5326330532	0.4939548208	0.5588012342	0.5467163453	0.5554842028	0.6042205604
0.4360272081	0.5278906755	0.5714049295	0.5213132735	0.6036823063	0.5749987225
0.5255265568	0.5490986138	0.6139867485	0.5573132019	0.5738589403	0.549816437
0.529550474	0.5633412339	0.5454064318	0.5453291865	0.555143737	0.5928859928
0.5539983301	0.5013179631	0.6065144321	0.5540835084	0.5800772482	0.5801998019
0.4575562917	0.5889096209	0.514010989	0.5497953027	0.5524495358	0.564750387
0.4791666667	0.5423999407	0.5548302868	0.5505737216	0.5722513013	0.562845533
0.5282738095	0.5226419414	0.5192002442	0.5470519462	0.552227316	0.5559515729
0.5342261905	0.4951923077	0.5423133783	0.5381860158	0.5862846549	0.5585331353
0.4924908425	0.5352860192	0.5455972132	0.5458053895	0.560802246	0.5908630993
0.587254902	0.5540299022	0.5498603929	0.5086630604	0.5571322305	0.5448783896
0.3879516317	0.5727139894	0.5713594412	0.5052813608	0.555380391	0.5993017494
0.3594322344	0.5538656809	0.5520020829	0.5733601479	0.5429422444	0.5777676817
0.4118131868	0.5207383915	0.5117243051	0.560243207	0.5721795439	0.5768194003
0.5229624542	0.5704919468	0.5054626338	0.5751567807	0.5692505207	0.5861006842
0.5509803922	0.5881565126	0.5530875801	0.550787864	0.5747492459	0.5720867166
0.4198717949	0.5496390864	0.5553009082	0.5694198673	0.5730066257	0.5712854045
0.4433836996	0.5488038278	0.5971906891	0.5868516916	0.5458713101	0.5529453016
0.4016483516	0.5859215937	0.4897502416	0.5866850325	0.5724050133	0.58029888
0.4856227106	0.5223740441	0.5798997478	0.5766583192	0.5815140321	0.5523521241
0.4554258242	0.5593123788	0.505841204	0.5542232278	0.5407943707	0.5860275719
0.4798763736	0.5499562325	0.5652776281	0.5477689794	0.5305223535	0.5540959204
0.459271978	0.5220467033	0.5559995152	0.6028301866	0.5529781983	0.5703210066
0.5097163866	0.5494911747	0.5817689255	0.5541188591	0.5330682798	0.5889194305
0.5080586081	0.5843976693	0.5794446839	0.5377735622	0.5582322605	0.5762227661
0.4928396359	0.5391062852	0.557327354	0.5534483066	0.52274988	0.5803471041
0.4505661006	0.5698926686	0.5509238311	0.5159459972	0.5604502116	0.5572894613
0.5703431373	0.5717818538	0.5512040305	0.5729278241	0.5565297955	0.5704277095
0.4799208145	0.5268557423	0.560623443	0.5318930161	0.5556794513	0.5480167113
0.5362637363	0.6016907725	0.5538985252	0.5772387233	0.569064318	0.5809614766
0.5154990842	0.5083434335	0.5850392935	0.5650956376	0.5485334471	0.584674606
0.5193452381	0.5442188734	0.5557937705	0.5348607495	0.5328380198	0.5657925191
0.5187042125	0.5786513323	0.5457659987	0.5456397994	0.5633028461	0.5651484105
0.5195970696	0.5626999838	0.5459352331	0.5489376132	0.5737657209	0.5714673892
0.456456044	0.4805129103	0.5580905965	0.5902388359	0.5726268584	0.5813671953
0.4706043956	0.5843857499	0.5582431049	0.5761247127	0.6008111247	0.5782427931
0.4513278388	0.5535595328	0.4995704051	0.557775874	0.5732706578	0.5348634572
0.5054419845	0.5166167166	0.6036912685	0.562820625	0.6002606299	0.5406482718
0.4484203297	0.5507777149	0.5334054018	0.4984799208	0.5919101629	0.5906972678
0.4203296703	0.5623503045	0.5724217811	0.5386872319	0.5994054093	0.5793373985
0.4419413919	0.5465208199	0.5410193407	0.5617486664	0.5469930057	0.5686298291
0.4443223443	0.5908216171	0.5407814408	0.560868482	0.5060790027	0.5557781756
0.4754349817	0.5606838197	0.610680327	0.5551469466	0.5391031926	0.5444767745
0.4966283716	0.5563265982	0.5400657485	0.5547255441	0.5583635323	0.5776489749
0.4932234432	0.4759285445	0.5566022192	0.5865636589	0.5874000428	0.5487044936
0.4274267399	0.5469537815	0.5536294466	0.5779553167	0.5453453912	0.577111322
0.5463625835	0.4591101268	0.5802426525	0.560576043	0.565647717	0.5801574236
0.5194664404	0.5230001616	0.5808703143	0.5705641897	0.5805111053	0.572727187
0.5172161172	0.550334041	0.5507756634	0.5601235366	0.5874273495	0.6080057256
0.3821699134	0.5319983121	0.5582686635	0.6298500541	0.5661130863	0.5707704074
0.4649267399	0.5219194409	0.6211900178	0.5855357469	0.5764629273	0.5864304284
0.5043780974	0.5456930529	0.5470649033	0.5722654168	0.5740375543	0.5781336755
0.5263821554	0.5068479315	0.5698013022	0.546509497	0.5482314856	0.5651356188
0.4685277957	0.5490054676	0.5249422419	0.5674309029	0.559875435	0.5715938555
0.5473214286	0.5030173258	0.5721170306	0.5236545726	0.5511924269	0.5742162535
0.4613553114	0.5312910741	0.6011208892	0.5556502257	0.5262874381	0.5711612802
0.5263736264	0.5909605509	0.5426928464	0.5882669827	0.5429330585	0.5653819291
0.5064829778	0.5266421261	0.5293101914	0.5877031143	0.5762391461	0.5529660052
0.5100274725	0.5611061732	0.4833015568	0.5323030013	0.5429664346	0.5734720592
0.4859122495	0.4689061551	0.5579893282	0.5800727663	0.5843194761	0.5721615336
0.402955378	0.6394935302	0.5654045165	0.5353741868	0.6012933493	0.5455397039
0.508365654	0.4964211646	0.5502655819	0.5621358555	0.5624972168	0.57623319
0.5310780723	0.5913118132	0.558759786	0.5895257563	0.5301868964	0.5604184225
0.5438590821	0.5351006428	0.5823488381	0.5771791219	0.6084317836	0.571066018
0.418543956	0.5347951681	0.5274994613	0.5768942353	0.5173191214	0.567300191
0.3917582418	0.5171687349	0.5537225495	0.5842646185	0.5494335403	0.5857536583
0.4623855311	0.5416193252	0.5866389752	0.5345570279	0.5887600978	0.5767770383
0.4553140487	0.5423222815	0.5611363124	0.5838787261	0.5317169174	0.5734149051
0.5539520937	0.591962939	0.5604624857	0.5842636396	0.5108693757	0.5892000698
0.5448080428	0.5064681642	0.5557890453	0.5490359217	0.5659683617	0.5908718724
0.4688644689	0.480345696	0.5204944157	0.5837033441	0.5819906835	0.5813805158
0.4161172161	0.5101966876	0.578292364	0.580709303	0.5761389183	0.5981120943
0.5764705882	0.6256565126	0.5550846621	0.5580967643	0.6099327741	0.5771043271
0.4719322344	0.5458993213	0.565341222	0.5652075194	0.5465591997	0.6043842118
0.5199431696	0.5522717779	0.5389789677	0.5856069874	0.5811863536	0.551853175
0.5434269162	0.526151871	0.5681092736	0.558285638	0.5463338214	0.5854815371
0.5000148136	0.5003903368	0.5617195169	0.5793134562	0.5545094448	0.5434694962
0.4820283883	0.5526615133	0.5982843137	0.5350393801	0.552443405	0.5993302125
0.5659663866	0.5479159933	0.5556709222	0.5797365539	0.5764438339	0.5698667176
0.5244532428	0.5705035709	0.5815220319	0.5229223901	0.5809216953	0.5690209399
0.5848039216	0.5876409538	0.5167098152	0.5187570905	0.5782780292	0.5622796805
0.4136029412	0.5348256931	0.5681963519	0.5584187833	0.576314923	0.5726079951
0.5467261905	0.5473558304	0.5180867937	0.549184495	0.5606510904	0.5706515509
0.4533882784	0.5588585434	0.5572961596	0.5910771402	0.5548526955	0.55968864
0.4861411872	0.5591842186	0.5485769949	0.5477788551	0.5557422621	0.5743343228
0.5062728938	0.5431406216	0.5446373207	0.5756594729	0.5434984284	0.5841594678
0.4762591575	0.5877179397	0.5978566955	0.5895672852	0.5398895712	0.575681098
0.4852647353	0.5660002783	0.5354301572	0.5947097429	0.6214570126	0.5374268716
0.5160808554	0.5467034975	0.5236883215	0.539569642	0.5833082849	0.5726844647
0.5141483516	0.4983607691	0.5412420017	0.5434320887	0.5332681289	0.5638536693
0.4856765783	0.5489711269	0.4805604848	0.5574751653	0.5572227845	0.5621961933
0.5222096531	0.5662340519	0.5407151693	0.58146514	0.5636230647	0.5739757269
0.4340617716	0.5133304196	0.5332622579	0.5419425142	0.611747799	0.5740653576
0.4595238095	0.5811732385	0.5592576133	0.5197134565	0.5586875203	0.5561001743
0.4955922754	0.570335506	0.566631503	0.5589394164	0.5279815283	0.5722644377
0.5748397436	0.5617195917	0.5216283308	0.6088497781	0.5915790608	0.561498134
0.4808150183	0.5829656863	0.5659617479	0.5527829401	0.5498028184	0.5814022826
0.5177265137	0.4989260943	0.5906089224	0.5762108301	0.5732122371	0.5818512952
0.5140756303	0.4992397921	0.58584282	0.5453833136	0.5257926142	0.5782382994
0.4926053114	0.5193156109	0.5716813007	0.5642111973	0.5314792449	0.6042910089
0.5044642857	0.5246891385	0.5351945963	0.5397630046	0.5490961898	0.5871641372
0.4010989011	0.530518746	0.5700211281	0.5645309718	0.5773794261	0.5859507976
0.5878968254	0.5827199385	0.5613633915	0.5373639841	0.5431835811	0.5778926092
0.5069422	0.5914332636	0.5214146556	0.5752075738	0.5588440889	0.594448123
0.4745464095	0.5189385724	0.5718039915	0.5840255097	0.5509697492	0.5955957882
0.4614968365	0.5279111003	0.5514099871	0.5901480346	0.5545933478	0.5599402721
0.5439977914	0.5424235079	0.5751394417	0.5637949474	0.6006464124	0.562846106
0.4493069431	0.5378196741	0.5401040544	0.5412468353	0.5741184933	0.5958707667
0.4963827839	0.459925736	0.5101293723	0.6100834789	0.5869619892	0.5712724378
0.525227591	0.5262581169	0.5168025172	0.5869927753	0.4983427602	0.6019733133
0.5093864469	0.4806318681	0.5876235964	0.5794834761	0.4945462578	0.5760981498
0.5734836242	0.5719297419	0.5443803201	0.5866726819	0.58739243	0.571357015
0.5210649644	0.5267486802	0.5623433348	0.5467211108	0.5379135575	0.5692769885
0.2820512821	0.559653092	0.5813671622	0.5363384836	0.5404874791	0.5667779507
0.5224614846	0.5823295985	0.5687688537	0.6166136849	0.5850927491	0.5750198791
0.4625619479	0.5752625932	0.5312576177	0.5645537061	0.5200994731	0.5702610489
0.4993131868	0.5787756769	0.5346285523	0.5246584787	0.5678698018	0.5858882831
0.5534825469	0.5630077031	0.4945915332	0.5162087912	0.5611691087	0.5699420671
0.4329441392	0.5451155462	0.6040607347	0.5816938474	0.565148448	0.5684920744
0.529060278	0.5881041924	0.5371969784	0.5512909584	0.5538153595	0.5850947434
0.4581501832	0.4800331409	0.5148025836	0.5122433531	0.5566663075	0.5971911656
0.5279645191	0.499078189	0.5605432558	0.5411315867	0.5873822093	0.585660581
0.5331501832	0.5502401602	0.5795726196	0.5668935844	0.5839820688	0.5581076678
0.4809440559	0.5200890613	0.5384559885	0.5819914665	0.5892279766	0.5777317252
0.4405677656	0.5516369048	0.6127364115	0.5754875027	0.5619679052	0.5796657245
0.5201007326	0.5382240717	0.5764439536	0.528622931	0.5682404919	0.5942962728
0.5249313187	0.5138736264	0.5801503507	0.5698738031	0.5671546183	0.5757438101
0.5368697479	0.5168154762	0.5564650219	0.5377419762	0.5681457109	0.5617109091
0.5111506141	0.5789534404	0.5855294896	0.5808634992	0.5723602228	0.5672113321
0.4827152015	0.5577924118	0.5675246143	0.5646457065	0.5557336794	0.5920713596
0.4341325341	0.5311739935	0.5884567502	0.5732543498	0.6159523668	0.5747039923
0.5337090605	0.4671094804	0.5461035152	0.5638228397	0.5743964927	0.6015266933
0.5416666667	0.5430129919	0.5786109316	0.5675732152	0.5821385383	0.5517495993
0.4711996337	0.5381872503	0.5497463729	0.561441795	0.5419598363	0.5775892069
0.5465834411	0.4763083118	0.5778858124	0.5301652392	0.5656427362	0.5585771012
0.5444502801	0.5204966602	0.5620047164	0.5827236371	0.5641729182	0.5955654743
0.4990555196	0.5378652136	0.5123997555	0.5436119092	0.5297404719	0.5467368955
0.5395658263	0.5307880845	0.6138594113	0.5508239514	0.5747674758	0.5848685581
0.5729166667	0.5640228375	0.5867245729	0.5583823754	0.5403036102	0.5818088963
0.4705357143	0.4488553114	0.5632469655	0.5558533577	0.5808397975	0.5717435085
0.5270779466	0.5476410844	0.6216334183	0.565137202	0.6066778891	0.5518095082
0.5221638655	0.5092378618	0.5396704194	0.5587014234	0.5509733567	0.5772256109
0.5424194678	0.5419710192	0.4904740684	0.5872657228	0.5715665956	0.5739916085
0.4855311355	0.5122180924	0.5692229017	0.5558961565	0.5504030202	0.5671655265
0.4924679487	0.5779241184	0.5654545074	0.5503667611	0.5896900515	0.5782747812
0.4509157509	0.546001221	0.4988301731	0.5492862734	0.5864322949	0.5792811403
0.5235644258	0.5832114931	0.5501292825	0.5876051601	0.5509719529	0.6010247054
0.5509615385	0.4460471514	0.522001079	0.523719508	0.5448901382	0.5607564561
0.4557692308	0.5207686921	0.5230349308	0.6133864899	0.5597338841	0.5607941068
0.4369047619	0.5162815126	0.5795029067	0.553386282	0.5938937134	0.5507194412
0.5091575092	0.4817443586	0.5536377551	0.5461586718	0.5857836664	0.5752323493
0.4877551778	0.5940271942	0.5684276128	0.5943116712	0.5700184851	0.5664705919
0.4286630037	0.5543821375	0.5593375171	0.589406465	0.5592266394	0.6016591228
0.5255427171	0.5714070243	0.5363739023	0.5485612835	0.5868155636	0.5565087213
0.4440018315	0.5503732926	0.5689276138	0.5314193466	0.5739731824	0.5978662596
0.4720238095	0.5813205242	0.5491412591	0.5947645476	0.5898622782	0.5611808086
0.4689901602	0.5512282308	0.5035847459	0.5752361201	0.5826152296	0.5673274721
0.548555407	0.5356886986	0.5498864289	0.5271456383	0.5822868446	0.5724587983
0.5898849925	0.5528430924	0.5205548672	0.5691145284	0.4965188557	0.5744655394
0.5676470588	0.4725009639	0.5740753026	0.6073986224	0.5635559865	0.5724273207
0.5745564893	0.540817577	0.5438555861	0.5873962461	0.57878173	0.5752086192
0.5888363679	0.4978069112	0.603532847	0.5882870296	0.5845885814	0.5777218598
0.524877451	0.5117254037	0.5317008141	0.5436086268	0.5865843389	0.5841661177
0.5017857143	0.5612394958	0.5693645407	0.5641395981	0.5537600553	0.5522672088
0.3945307144	0.5510039593	0.5642366348	0.5483427724	0.5763559024	0.5634166079
0.4933002047	0.4875300557	0.5362176495	0.607147671	0.5548756146	0.5670657754
0.5768732493	0.5110933797	0.5162921759	0.5560202767	0.5665313135	0.5419637069
0.5095238095	0.5477153361	0.5236003762	0.5712948649	0.5465744631	0.5867380674
0.5476715686	0.5275970965	0.5670628935	0.5683221889	0.5602915742	0.5778145124
0.5090241866	0.5486753035	0.5740038613	0.6080886842	0.5407412814	0.5968430999
0.4928571429	0.5536333764	0.5764643037	0.5678361483	0.5723607898	0.5786303057
0.5450347447	0.5155069163	0.5839764223	0.5569007596	0.5569936436	0.5711929239
0.4613553114	0.4953712342	0.547770775	0.5606660588	0.5965771518	0.5999789538
0.51875	0.4783851565	0.5802376524	0.5609424261	0.5522036366	0.5582431152
0.4732237126	0.5604049953	0.5335376225	0.5743825297	0.5637144473	0.5883530004
0.4494734432	0.4950448449	0.5364049485	0.5826414743	0.5922302929	0.5521257187
0.589869281	0.4914269554	0.5698918456	0.4730773006	0.5600730711	0.5670236158
0.5328525641	0.6234681373	0.5466269841	0.5693263844	0.5585351577	0.5818297859
0.5443452381	0.4926968864	0.5697476629	0.5575116146	0.5700770063	0.5966779291
0.5091171084	0.4969874488	0.5719597668	0.5789278532	0.5679875594	0.5705574527
0.5238660849	0.5731576537	0.5308298319	0.5587838315	0.5570200388	0.554132704
0.4994776057	0.5297847985	0.5566725622	0.5652558704	0.5675266551	0.542638039
0.5053571429	0.5413639089	0.5754363284	0.5724348874	0.5562629446	0.5659879832
0.5668592437	0.5115623959	0.5420494266	0.5910148675	0.5406591937	0.5758814717
0.5678571429	0.5122088288	0.5390258026	0.5684015433	0.5632673454	0.5643720963
0.5538201178	0.5246581882	0.5918788613	0.5539607349	0.5194697447	0.5916793634
0.5607142857	0.5765641597	0.5469847554	0.5319981881	0.5580922754	0.5592009506
0.5313604288	0.5382016268	0.5622309608	0.560202012	0.5645607007	0.6016982596
0.4494047619	0.5076680672	0.5321020361	0.5649360546	0.5794351641	0.5534081538
0.48125	0.5396154295	0.5054873231	0.5214296824	0.5893689588	0.5598293579
0.5917892157	0.4694301001	0.5387423829	0.5488627949	0.5184007904	0.5668068614
0.4347985348	0.4897705236	0.5507163316	0.5336037823	0.5687650529	0.5773775384
0.4382554945	0.5681314192	0.6352065826	0.566903277	0.5388955979	0.5659031983
0.4642857143	0.4691584731	0.5498524702	0.5689331792	0.5892077762	0.5533483076
0.5430497199	0.5975636088	0.5656817855	0.5831304612	0.5837190707	0.5526380974
0.421218365	0.5572950334	0.5366776198	0.5876159928	0.5674328544	0.5877076669
0.4830128205	0.5448132137	0.5727582803	0.541832065	0.5642763725	0.5626269117
0.5723389356	0.5726271632	0.5934930259	0.5426702893	0.5687847447	0.5469590336
0.5076694139	0.5340349601	0.5950585599	0.6108094402	0.5874000466	0.579448872
0.5242121849	0.5229988149	0.552556172	0.5606597447	0.5966418166	0.5620235047
0.5166666667	0.5529290562	0.5464423376	0.5783092724	0.5883457371	0.5691257588
0.595629085	0.585885989	0.5551645658	0.5552840848	0.5341510356	0.5746061373
0.4371794872	0.5668861775	0.5475083196	0.5759534583	0.573429613	0.5792777404
0.4866071429	0.5715044115	0.5536931428	0.596921012	0.5841448691	0.5653816172
0.4884574984	0.5608008993	0.5741848021	0.5310779305	0.5624089447	0.5577086003
0.4929891187	0.563008152	0.538875422	0.5743990385	0.6143543578	0.5590593211
0.5424019608	0.5881329455	0.5714807932	0.5539341378	0.5386960747	0.5543265427
0.5637254902	0.5490930026	0.5951422123	0.5558597958	0.563290329	0.5376138649
0.5525802629	0.5551885818	0.5715007573	0.5885162921	0.5604336457	0.5694862924
0.4467261905	0.4464521385	0.563510169	0.5407245054	0.5521350463	0.5668399458
0.5193452381	0.4708178464	0.5541757706	0.5407524869	0.5610112063	0.5603322125
0.5094645551	0.5387661154	0.538660849	0.5756047713	0.5769525955	0.5762195834
0.5048548265	0.5421932234	0.5062782805	0.5448047416	0.5741142402	0.5586511502
0.5408465309	0.5176945947	0.5891250956	0.6046904178	0.54485726	0.5899958631
0.3511904762	0.5800601972	0.5230616606	0.5362993318	0.5107112495	0.5795885713
0.5290346908	0.5963105586	0.5683337224	0.55486358	0.5987197443	0.6003436712
0.4648580586	0.4905995965	0.5407821889	0.5774180041	0.5628473474	0.5810559654
0.5009628852	0.5201867781	0.5204602995	0.596370197	0.5618138153	0.5621704053
0.4523809524	0.5772453853	0.558928406	0.5586435215	0.582166214	0.575029046
0.5189789377	0.5342032967	0.5591432941	0.5517636179	0.5967802236	0.5464852833
0.5726715686	0.5434752747	0.4973304065	0.5839171895	0.6170112687	0.5533515199
0.4690570459	0.5290454643	0.5347130946	0.5312424692	0.6065494885	0.5567923386
0.5463760504	0.5688884849	0.5594169719	0.5089721553	0.5194662853	0.5965304735
0.4806547619	0.5454825199	0.5775219062	0.5329724197	0.5651846812	0.5737634031
0.4991300366	0.5173979207	0.5378516364	0.5995675699	0.5504227953	0.5622255086
0.5394082633	0.5251382808	0.5798199078	0.5710836764	0.5471386611	0.5949801304
0.5139194139	0.5300462813	0.5628360588	0.5510997871	0.5376751108	0.552796476
0.5220238095	0.5550659383	0.5073184985	0.5977238947	0.5531605409	0.5345549037
0.5258012821	0.6071136197	0.5363403481	0.4915236112	0.5848542784	0.5736952794
0.3837579088	0.5466447156	0.5494355862	0.5574816153	0.5788384234	0.5953652196
0.5572757308	0.5650104357	0.5386781111	0.5279055401	0.6010844281	0.572326316
0.5337763952	0.516684847	0.5574867126	0.5556094114	0.5482854864	0.5656499989
0.5389652015	0.5579569328	0.5595838122	0.5322592338	0.5500780089	0.5675492511
0.5280004309	0.5419137611	0.5518720601	0.5086250147	0.5660843568	0.5820846238
0.4951465201	0.5348866819	0.6032778496	0.5895162232	0.5475027424	0.5811552831
0.4453121633	0.5417306346	0.4902394174	0.5686983768	0.5527980087	0.5749774589
0.5775959743	0.5255292502	0.5974195875	0.5621962381	0.5717209064	0.5620279982
0.5035485348	0.5003633825	0.5307683172	0.5651228163	0.5181370917	0.5583732165
0.4870892588	0.5420293522	0.5534327192	0.5677479485	0.5741391044	0.5871708849
0.5013049451	0.5726471037	0.5334346345	0.5603028567	0.5616464852	0.5543015604
0.4846275048	0.5640608166	0.5593592138	0.5628256633	0.5518210698	0.5721100243
0.5004834626	0.5693903523	0.5394024513	0.5790582461	0.615175595	0.5593209268
0.5809173669	0.4663499083	0.5683504812	0.5659492044	0.5556446168	0.5635738992
0.4561180241	0.5215708247	0.5684923328	0.5930355796	0.5546852245	0.5685348836
0.4829831933	0.5151877534	0.530462729	0.5406923201	0.5438072935	0.574288944
0.3532717283	0.5507783883	0.563279735	0.570081183	0.5737434641	0.5539186154
0.4563281082	0.5500953907	0.5681783881	0.5653658009	0.5600178567	0.5501770995
0.5334908964	0.4896147562	0.5772883141	0.5507040662	0.5576617638	0.5637322709
0.4563186813	0.5598761941	0.5589689722	0.5437662725	0.5729590946	0.5547504136
0.3904179154	0.5122838559	0.5625612391	0.5235233516	0.5812440105	0.5874496999
0.5286697371	0.5441317873	0.5723865187	0.5729232407	0.578992296	0.5664183084
0.4689102564	0.5753974987	0.5643849206	0.5534518296	0.5792910349	0.574664046
0.5205815018	0.5843166433	0.5189782053	0.5505632541	0.5997779895	0.5713500923
0.5164148352	0.5571928684	0.589132026	0.5111893315	0.5735666844	0.5730996233
0.4860805861	0.5415443217	0.585754655	0.5811384253	0.5818524583	0.5772893378
0.5656687675	0.509432112	0.523528514	0.5357108363	0.5552257546	0.5625730814
0.4863553114	0.5580372854	0.5869490453	0.5495509989	0.5731757609	0.5988655563
0.4518398268	0.4827302632	0.5690181493	0.574322153	0.5300521524	0.5528775297
0.4862731631	0.5583948323	0.5572874157	0.5439188343	0.5280137183	0.5602205575
0.5205101271	0.5633578431	0.5775595742	0.5574399623	0.5351967477	0.5582709793
0.5453956583	0.5172174639	0.5760076253	0.6098829334	0.5694291248	0.5797040054
0.528333064	0.5591756895	0.572909548	0.5241863733	0.5676066675	0.5890605548
0.5144136501	0.5038966548	0.5788810182	0.5982969655	0.5674815952	0.5493880174
0.4716117216	0.5963739004	0.5701047412	0.5638193747	0.5731736822	0.5760696768
0.4637362637	0.5347850679	0.5315081161	0.5119627706	0.5509615385	0.5920612712
0.5582556741	0.5694342025	0.5359140372	0.5919211899	0.5742206538	0.5835787787
0.4837454212	0.4776166816	0.5536244121	0.5346441141	0.612238477	0.5780390267
0.4555806938	0.545712131	0.5703827125	0.5852852047	0.578115618	0.5740436333
0.5550245098	0.4846202817	0.5757648899	0.5655553087	0.5223248402	0.5722742447
0.521649429	0.5362287223	0.5487519425	0.5652398819	0.5555578851	0.5813464586
0.552518315	0.5538193016	0.584080283	0.5590335759	0.5962969358	0.5606228522
0.4531385281	0.5459828044	0.5877983672	0.54201445	0.5541654098	0.5765930848
0.4236263736	0.5286077893	0.540003515	0.5969808217	0.5535084128	0.5603516444
0.4642628205	0.5732230392	0.5792639278	0.5554596746	0.540318807	0.5964866622
0.4860576923	0.5515325361	0.5450549451	0.4937910661	0.5294843869	0.5906972248
0.5263965201	0.5457552252	0.5532346058	0.5535915157	0.5799452345	0.5845088093
0.4653762904	0.5129046811	0.5576998165	0.5541020968	0.5272386845	0.5459251582
0.5283438375	0.5464772768	0.5692836561	0.5584504956	0.5475107074	0.5922656684
0.5068627451	0.5714359782	0.5529000139	0.5471515316	0.5777290361	0.5982619739
0.551699526	0.5561799129	0.5851926668	0.5573642758	0.5754672409	0.5557169507
0.4970507434	0.552484376	0.5862435359	0.5301337041	0.5701938292	0.5545634985
0.48246337	0.5743405696	0.5634940087	0.6144014235	0.563368886	0.5881446686
0.4913919414	0.5729673921	0.5859792849	0.5126968399	0.5506258529	0.5661159545
0.4666962939	0.5337409323	0.5952988711	0.5555486981	0.5054536721	0.5738912597
0.5244047619	0.5847381581	0.5514711001	0.5660425869	0.5799332466	0.5887960633
0.3668123543	0.5401729602	0.6131568709	0.597226912	0.5553428056	0.5613988896
0.456959707	0.5670235402	0.5579464574	0.5782653809	0.563525641	0.5804559856
0.5447730374	0.5334341108	0.530308213	0.5654705266	0.5501694139	0.5719988384
0.4896924154	0.6105000671	0.5672772217	0.5573234262	0.5310408954	0.5976678924
0.3220529471	0.5645940661	0.5770035792	0.5401919616	0.5741855487	0.5936277888
0.5279645191	0.5237814677	0.5543375549	0.5817203206	0.5716710319	0.5652097296
0.4670100733	0.4543859939	0.5473050234	0.5128467529	0.5692034668	0.5715545321
0.4093489843	0.5240499084	0.5768307537	0.5788020497	0.5666215974	0.5656985975
0.5404761905	0.5750356874	0.58705371	0.552754862	0.5765449446	0.5583869317
0.4288045288	0.5271776018	0.5592818538	0.544159379	0.5566951646	0.5650716241
0.4902037505	0.5449202758	0.541583471	0.5749928176	0.577313604	0.5748621483
0.4358745421	0.5619958881	0.5915970876	0.5646127361	0.5309956783	0.5643706517
0.4086080586	0.497765719	0.5442972061	0.5516185	0.5425549846	0.5604477201
0.4633012821	0.5724906629	0.5331063566	0.577403415	0.5657806736	0.5647739376
0.4617216117	0.5372819378	0.5549604671	0.582155314	0.5638106909	0.578592007
0.3466117216	0.5451503358	0.5784934951	0.5992571987	0.5596968056	0.5639217035
0.5654304029	0.5361403915	0.6120653176	0.5844302676	0.5191277024	0.5642245401
0.413091198	0.5323854862	0.5571168211	0.5559114131	0.5835352474	0.5689679939
0.4435897436	0.4686698106	0.5429479698	0.5795000955	0.5833686072	0.5483987731
0.4961538462	0.4824431696	0.5798445019	0.5725040294	0.5581009131	0.565158775
0.4706959707	0.5341197201	0.5815640865	0.5622767739	0.5322458085	0.5540610209
0.5332417582	0.5516090194	0.5504849725	0.5376016753	0.5686110213	0.5797784691
0.5149725275	0.580848502	0.5547322775	0.5496767938	0.5519462778	0.5452804767
0.496268315	0.52004662	0.5925081999	0.5676513233	0.6075410292	0.6057860036
0.5389678949	0.4985038858	0.5320282386	0.547530618	0.5552829047	0.5614739054
0.5114186059	0.5245751185	0.5905260181	0.5607865582	0.5886541675	0.5687534728
0.4907467532	0.4881268854	0.557631108	0.5298554231	0.5284606407	0.5768265569
0.5639880952	0.5291605453	0.5426962879	0.5507012015	0.5823456446	0.5890162482
0.5244047619	0.5265903827	0.6212921932	0.568294245	0.5856276227	0.5630050277
0.5008928571	0.5354139733	0.5396795048	0.5444377405	0.5299249972	0.5853959446
0.5552345938	0.5672677404	0.535279304	0.559079452	0.606598954	0.5736212362
0.4241758242	0.5256753663	0.5452017975	0.5863038712	0.5693020542	0.5619083318
0.5369563851	0.5878821535	0.5072188024	0.5715035255	0.5585548524	0.5749119665
0.4894230769	0.5496909341	0.5932792561	0.548821644	0.5581825459	0.5467900714
0.389027639	0.5450452529	0.5547723948	0.5619631186	0.5898769926	0.5631313804
0.5110900129	0.5443185287	0.5390919244	0.5791172466	0.5452705954	0.556246905
0.5665441176	0.5604696129	0.5485202706	0.5597666878	0.5577525497	0.5894448012
0.5799019608	0.531332857	0.5627091862	0.530929732	0.5594306674	0.5775498766
0.4748626374	0.5434005333	0.5340202174	0.5567870409	0.5796372105	0.5825612414
0.4480082418	0.6028577052	0.6011508236	0.567197488	0.5498648359	0.5606167568
0.5053342491	0.4936795779	0.525067185	0.5692739348	0.5792688345	0.5681823092
0.3592490842	0.5003777473	0.5567348093	0.5861767097	0.5652472527	0.6005966297
0.4611721612	0.4792995607	0.5321775168	0.5428928302	0.5843487305	0.5869383381
0.5614670868	0.5586955936	0.4906308475	0.5520772222	0.5531236935	0.5836922625
0.4888978668	0.5369857879	0.5597445855	0.5817585891	0.5338282632	0.5838085575
0.5103695324	0.5344852043	0.5532938445	0.5781162465	0.5658225598	0.5700604991
0.5328956583	0.5441255146	0.5874815143	0.5843240501	0.5351207642	0.5728660995
0.4626373626	0.549080209	0.6125830775	0.5814385488	0.5525125309	0.5537875714
0.5613270308	0.5478904062	0.5420025601	0.5603657866	0.5719908604	0.5961163608
0.5148122711	0.5912449038	0.5458276473	0.5981155342	0.5565377021	0.554436988
0.5273122711	0.5304534314	0.5719207127	0.5675828783	0.5903697923	0.5795268844
0.568960084	0.5019199346	0.5603550431	0.578271122	0.5823013558	0.5477687337
0.4527634131	0.6052366139	0.5358622723	0.5491665514	0.575471073	0.5795202312
0.4641025641	0.5800838942	0.5460441655	0.5218513502	0.558732493	0.5599860816
0.5652836134	0.5368378762	0.5708747815	0.5838954652	0.5907299877	0.5479806157
0.5093281718	0.5190247253	0.5353635314	0.5657495691	0.5499271888	0.5888858151
0.5927696078	0.5783788515	0.5265768273	0.5782659538	0.5742611194	0.5548992062
0.5220238095	0.5257424765	0.5647075763	0.5994944823	0.5625797006	0.5572103219
0.4565705128	0.5593312325	0.5276737438	0.549077259	0.5847346921	0.5774583872
0.5129551821	0.5396085328	0.5276172608	0.5755385412	0.5815932696	0.5607843161
0.5628676471	0.5082525318	0.5260237856	0.5798416963	0.5849540707	0.575705448
0.4744047619	0.5683762928	0.4658339017	0.5852453414	0.5918129175	0.583413556
0.4223172661	0.56504884	0.5591943188	0.5526632579	0.5746152051	0.5634158929
0.5687109459	0.4159080503	0.5809932306	0.5802130988	0.5509657628	0.6006189824
0.539010989	0.5471958672	0.5567639876	0.5719477214	0.5585684581	0.5654722236
0.5070733596	0.5598892121	0.5533929327	0.5509224844	0.5560470983	0.5758504694
0.5105095885	0.5840168034	0.5712948	0.5153681184	0.5320675321	0.5634089418
0.4833104396	0.4792944467	0.5847876431	0.5570461197	0.5573072198	0.6111813331
0.3815018315	0.604442018	0.5605649525	0.5373949676	0.5466313249	0.5797896466
0.4443285881	0.5756293543	0.5445638512	0.5419771405	0.5973708073	0.5699538273
0.5191163004	0.590642507	0.5651692942	0.5746673884	0.5512056571	0.5648900543
0.5904761905	0.5613773191	0.560046216	0.5548919019	0.5534309662	0.5663053383
0.4763736264	0.5439701842	0.5854926642	0.5146670409	0.5483769825	0.5606787169
0.4145604396	0.5750891062	0.5799143803	0.5676090029	0.5391856621	0.5694519859
0.5203215902	0.5657087194	0.6037421593	0.5782084987	0.5696130409	0.5703578469
0.450297619	0.4926968864	0.5528045699	0.5662672907	0.5831997225	0.5650796626
0.4725732601	0.5471776589	0.5123128914	0.5327384324	0.5421305574	0.5530808972
0.4952246283	0.5756030702	0.5975732601	0.5494105976	0.5356458737	0.5720116846
0.5090430403	0.5600703422	0.5129252556	0.5995177246	0.5561263204	0.572317242
0.5330357143	0.5726911429	0.5386473004	0.5499962966	0.5762017394	0.5655829976
0.4433161202	0.4579374025	0.5431350834	0.5824369972	0.5564152274	0.6103233551
0.5051133915	0.506043956	0.5746311559	0.5870208905	0.5429868931	0.5556350242
0.4474376114	0.5693975347	0.5328944626	0.5885617548	0.5592749489	0.5727098596
0.4375754148	0.5510571536	0.5825234592	0.5278575017	0.5784930227	0.5867084189
0.5014678949	0.5534545144	0.5604777167	0.5352421411	0.5263649246	0.5761980368
0.4765711413	0.5858691554	0.5893807152	0.5774717301	0.5598898973	0.5543535994
0.5107142857	0.5837438265	0.5966350643	0.5708626475	0.5535639103	0.5717264517
0.4764723022	0.4887094931	0.5682817999	0.5448880674	0.5692148972	0.5753543698
0.4748397436	0.4904418498	0.584381068	0.5726270972	0.558000034	0.5735489672
0.5128205128	0.537880998	0.5815705207	0.6024455346	0.5831137185	0.5734713238
0.5732609711	0.5416094322	0.498532554	0.5674495439	0.5495610302	0.5441814685
0.5327731092	0.5676692202	0.5660742007	0.5365574393	0.5937185914	0.5712624826
0.5252603606	0.5743960084	0.5693344646	0.5141383025	0.5890203166	0.5690309106
0.4667582418	0.5869305735	0.5866563877	0.5517577908	0.5324857109	0.5518164427
0.489825738	0.5201253747	0.525709707	0.5873220121	0.6007850367	0.6043922948
0.5837184874	0.528179541	0.5742097908	0.5603218151	0.594070234	0.565700859
0.3987179487	0.5514349009	0.5589439836	0.5666863059	0.5866112727	0.5397738658
0.457257326	0.6022212469	0.5523439366	0.5695879794	0.580991435	0.5840700875
0.5327380952	0.5341852388	0.5455328713	0.5677270748	0.5691738538	0.5748734528
0.5148010486	0.5638918067	0.5643116401	0.5637566768	0.5810257214	0.5511108411
0.4794184982	0.4837265676	0.5091779136	0.5980439527	0.5194920817	0.5672278603
0.4063186813	0.5657219619	0.5990216948	0.5761591892	0.5827336771	0.5764925346
0.4110972361	0.5510562558	0.5081612953	0.5567681399	0.6082275967	0.5969744757
0.5567752101	0.6001721522	0.5375335993	0.5365683605	0.5745216604	0.5659175985
0.4806318681	0.5482144242	0.5854992638	0.5723194499	0.5624928911	0.5546968758
0.5155677656	0.5226841141	0.5755239343	0.5763942284	0.5677908856	0.5524799012
0.5558006536	0.5755288013	0.5675752195	0.5753807064	0.5514378307	0.5922672844
0.5371323529	0.5427447961	0.5413160777	0.5519712212	0.5651055004	0.5631189964
0.5753205128	0.5937618958	0.5766236623	0.4727380361	0.5705463083	0.5800052427
0.5862745098	0.4865147108	0.5755043797	0.573927186	0.5700146435	0.5494749516
0.5643027724	0.5594829599	0.5961782678	0.565985512	0.5455221576	0.5699127343
0.5518247684	0.5359614446	0.5669852343	0.549335295	0.5627497339	0.5754006859
0.5085164835	0.5100069661	0.5627072253	0.5519689885	0.6038811679	0.5763371705
0.378021978	0.4909358207	0.5744363895	0.592723082	0.5946240932	0.5408668741
0.5245448179	0.5517017705	0.56401143	0.591070643	0.5825013643	0.5347962332
0.4822492459	0.5595749838	0.5257985887	0.5787396427	0.6030197099	0.5642943879
0.5048763736	0.6016393737	0.4810151042	0.584384923	0.5647660346	0.5743755821
0.5132554945	0.5519492762	0.5732026144	0.5633048496	0.6115067079	0.5814972341
0.4819435466	0.5433415033	0.583075233	0.5637255374	0.5611640256	0.5879839659
0.5366071429	0.5268974898	0.5667350487	0.5606817406	0.5069785362	0.543317972
0.486790293	0.5326363254	0.552956439	0.5729124021	0.5582682093	0.5755825319
0.4751696833	0.5265727715	0.5511530137	0.5987740491	0.5720786175	0.5842818585
0.5351540616	0.5651496175	0.5701896143	0.559994703	0.5749631741	0.5514443112
0.4236846487	0.5457018676	0.5634817388	0.5744689542	0.5434653715	0.556162061
0.5146587481	0.5258349494	0.5065603378	0.5689478102	0.546288695	0.5847968951
0.4562957875	0.553368078	0.5703607624	0.5177566	0.5696836007	0.6034379028
0.4542124542	0.5765774022	0.5898702798	0.5501506153	0.5739263488	0.5681584162
0.5650910364	0.4470541101	0.5552090067	0.543258549	0.5942013783	0.5813069651
0.5053113553	0.5621262692	0.6059621479	0.5547591996	0.5839666568	0.5929967506
0.5144473174	0.5640970377	0.5729193601	0.563685875	0.5381344056	0.5743914773
0.3904761905	0.5289498492	0.5841034761	0.5865775274	0.5649235693	0.5703879733
0.531994721	0.5477523702	0.5914339881	0.5494987764	0.5815919645	0.572555186
0.3858225108	0.5434075503	0.5719168065	0.5614512122	0.5802988665	0.5626320208
0.4604539252	0.5016483516	0.5552131828	0.5646274493	0.6049410054	0.5852758252
0.4750228938	0.4628064531	0.5544461802	0.5583017983	0.5825642821	0.6009330702
0.4418269231	0.5985141492	0.5920597355	0.5711630104	0.5569933279	0.5530283075
0.505952381	0.5637870364	0.556831023	0.520215681	0.5700058262	0.5952543146
0.4802197802	0.5674632353	0.5745423687	0.5531101568	0.5648263407	0.6114879086
0.5743172269	0.4902358059	0.5709624977	0.5517042807	0.5721292923	0.5857732708
0.41782017	0.5118360806	0.5451722569	0.5751583427	0.5767314402	0.5639897744
0.4497706134	0.5355479692	0.5502157701	0.5650667841	0.557593183	0.56635807
0.5361007865	0.5576144165	0.5802759475	0.52931928	0.5857648694	0.585672895
0.5449404762	0.5673294638	0.6063054822	0.57592832	0.551302521	0.596406729
0.606355042	0.584085213	0.5151202148	0.5258937313	0.5946362135	0.5689974723
0.5676482874	0.506178708	0.5376647926	0.5736419728	0.5063657176	0.5777086239
0.4968177656	0.5670165823	0.5556392001	0.5774699463	0.5496447404	0.5801930362
0.512797619	0.4889975629	0.5684028368	0.5786080196	0.5232752413	0.5566689195
0.4979707792	0.5779440943	0.5541904582	0.5626843847	0.5585141871	0.5572340882
0.3736263736	0.6244109047	0.4950697587	0.5486847303	0.5329838265	0.5748854272
0.4611950549	0.5841707516	0.5793000995	0.5502236444	0.5749232574	0.5808371702
0.5159403505	0.5046918768	0.5933904882	0.5890358556	0.5482335054	0.5543350741
0.4097569098	0.5412114094	0.5815289701	0.5881908533	0.554329494	0.5771516841
0.5207188645	0.5805326382	0.5007202564	0.5352506396	0.6018841835	0.565301056
0.4626873127	0.6052788102	0.5854084211	0.5875759818	0.6030465162	0.5901173442
0.5129985254	0.5103937729	0.5376471546	0.5613888664	0.5539503217	0.5768901764
0.4726150075	0.5316210138	0.5452778345	0.5711086079	0.5781622939	0.5762358054
0.4549658675	0.5875338918	0.5133221354	0.5782249919	0.5670396296	0.5878951808
0.5245650183	0.5363640649	0.5256934242	0.5298891076	0.5742361014	0.560720627
0.5240070387	0.5142917744	0.5518126481	0.5798649944	0.5527277706	0.5798160205
0.4912231559	0.556701142	0.5674386207	0.5156313968	0.5986753696	0.5813713447
0.5310978237	0.5635362799	0.5592712299	0.5961890846	0.5086280541	0.582067518
0.4445970696	0.5180907328	0.5703949101	0.5756864717	0.5500301041	0.5843750425
0.5726881306	0.4711996337	0.5575096064	0.5933074225	0.5221438202	0.5252771968
0.5007305195	0.4964790724	0.4852303742	0.5671093714	0.5332106864	0.5552124733
0.4860119048	0.4913752914	0.5310251432	0.5093581583	0.5911289394	0.5757223824
0.4521520147	0.5736072955	0.5554743051	0.5156627074	0.58672036	0.5531313703
0.5643180349	0.5362805699	0.5569846154	0.5424272113	0.5990118537	0.5920811881
0.5304123573	0.6059173669	0.5730911382	0.5821837777	0.6044424976	0.5773722135
0.5261635423	0.5648486318	0.5930428368	0.5553082367	0.5541477468	0.5623479722
0.543785014	0.5388648729	0.6046451205	0.5534953404	0.5790080972	0.5395586925
0.5169481254	0.5505376847	0.5767226009	0.5658654968	0.5523682935	0.5953219068
0.5821644042	0.5590688755	0.5182090785	0.5353241938	0.5441496086	0.561633916
0.4927655678	0.5313247414	0.5385320784	0.561416326	0.5804376751	0.5715998306
0.4874232385	0.574958477	0.5525196775	0.5305578	0.5229116717	0.5727282762
0.4943910256	0.4610368798	0.5850840257	0.5537529872	0.5719602456	0.5750566947
0.5239845938	0.5572916667	0.4922082547	0.5144296063	0.6046463353	0.5751686532
0.5276772247	0.5819160619	0.5794291063	0.5894988107	0.5949750413	0.5887019327
0.5840686275	0.5649888306	0.5621438589	0.5544965247	0.5636418063	0.5703968892
0.5665091036	0.5828431373	0.5336125476	0.5503429104	0.5949099091	0.5749579347
0.4686584249	0.4877892328	0.5610520063	0.5881485447	0.5886158432	0.5729630425
0.5787348273	0.537372962	0.5717212526	0.5637478228	0.5651246023	0.5938010549
0.4856684982	0.5439953633	0.5602038026	0.5450662695	0.6012170415	0.5918116653
0.521404331	0.5475618132	0.5776312876	0.550486156	0.5456214464	0.5594762958
0.4970467033	0.5166707067	0.5887470373	0.6015980515	0.5765947486	0.5772758453
0.4902647598	0.5462276694	0.5168583459	0.5674242934	0.5559164692	0.552714073
0.5746794872	0.5337568681	0.5552340032	0.5942890137	0.6251126591	0.5907483579
0.5201397867	0.5659852402	0.5021284271	0.5547946625	0.5599084494	0.56579912
0.5153886555	0.5423302188	0.5367799684	0.5638016965	0.5897350362	0.5970147087
0.4425824176	0.5466305753	0.5956915999	0.5700207166	0.5438475903	0.6057001549
0.5199404762	0.6386525444	0.5215392995	0.5795302677	0.5059350862	0.5822114676
0.5593137255	0.5250971863	0.5708054859	0.5426369173	0.6297551382	0.5724982517
0.519932396	0.5422356443	0.5793480213	0.5675984657	0.5634926022	0.5793473778
0.5342261905	0.5305773271	0.5763923304	0.5089045758	0.5836137289	0.5953344452
0.4773459384	0.5663418893	0.5792316072	0.5531192707	0.5483915594	0.5530109755
0.5154128959	0.5490166664	0.5849895052	0.6328180285	0.5291628959	0.5852796694
0.5386446886	0.6206419849	0.5963066288	0.5488021852	0.5844949005	0.5519434876
0.4758928571	0.5696372459	0.5456407563	0.5853211122	0.5531134633	0.5732584549
0.5024442469	0.5376451947	0.5809374177	0.5159998826	0.5755773625	0.5512305142
0.4625552144	0.5968832348	0.5463720103	0.5398316859	0.5446903741	0.5835353903
0.4808379121	0.5595314408	0.6226931	0.5833397656	0.5710288636	0.5800948969
0.3792163719	0.4294416368	0.5833028241	0.5960373454	0.5874010441	0.5642955101
0.4207438395	0.5445550977	0.5653444981	0.5659847914	0.5854669857	0.575087724
0.5059631545	0.5336251994	0.5727616316	0.5851147863	0.5628041261	0.542834309
0.5428355958	0.5036044021	0.5842705998	0.5907683046	0.5421258807	0.5646974921
0.5360119048	0.4892035048	0.5482279023	0.5401106757	0.5811849996	0.5717128606
0.4835622711	0.5451851253	0.5089515991	0.5476157829	0.5660087389	0.5870541455
0.5129282482	0.4950663919	0.5391557653	0.5788734244	0.6200786799	0.599958933
0.537640056	0.5562120445	0.5551597776	0.5445760718	0.5462395396	0.5811298072
0.4518543956	0.5546393557	0.5400119202	0.5633382039	0.5661774487	0.5695323835
0.4054029304	0.5324519231	0.5321976634	0.5705011374	0.5995683548	0.57368121
0.4666666667	0.5200360914	0.5572522464	0.5931696915	0.6031898137	0.5541129336
0.4970938375	0.5701871454	0.5688298171	0.5349389275	0.54054781	0.5816379396
0.4152930403	0.5231751092	0.520056596	0.5447771897	0.5539172592	0.5875817513
0.5690193385	0.5335928165	0.5761849949	0.5525194786	0.5801130324	0.5854438699
0.4728021978	0.5622710623	0.5172933276	0.5485179413	0.5578941084	0.5838293307
0.5235119048	0.5098717051	0.5932928885	0.5607518986	0.5931085255	0.5777262474
0.4767399267	0.5421561894	0.5759582308	0.5591402266	0.5725262156	0.5784457656
0.5226311679	0.5482672556	0.6066105986	0.5254004166	0.5482526216	0.5810727014
0.48628663	0.5565184998	0.5294038342	0.5511681967	0.5623048932	0.5693899182
0.5062163327	0.5870963466	0.5727860375	0.5526050526	0.5570960584	0.609187831
0.4714972527	0.5210797781	0.5713309953	0.5632585482	0.5400248311	0.5799197324
0.4985119048	0.555906369	0.514863731	0.5341693539	0.5498818455	0.5629348376
0.4316860835	0.5161739576	0.5749117168	0.562392554	0.5461979524	0.581723568
0.5967728758	0.5591770362	0.5565464556	0.5693890174	0.5777655441	0.5625205668
0.5272723192	0.5461080586	0.5364777107	0.5589034332	0.5678946707	0.5410221444
0.3543789544	0.5975528707	0.579018499	0.5864433839	0.574660624	0.5647230988
0.545664099	0.5271248564	0.5399337591	0.5859202056	0.5482166105	0.5976752953
0.4556776557	0.5168498168	0.4981622136	0.5287045267	0.5708744287	0.591915389
0.4815247253	0.502518315	0.5619587656	0.5599774854	0.5997109903	0.5909249982
0.3782059444	0.5890172972	0.5759707999	0.551726005	0.5561577754	0.5928260319
0.5297619048	0.5278605178	0.5988166195	0.6000174243	0.571754471	0.5669717933
0.5345238095	0.5395887201	0.5153963819	0.5884170858	0.5741474444	0.5671309238
0.5682422969	0.4838103073	0.5492159307	0.5068646223	0.5590623837	0.5647720269
0.4495421245	0.5458160712	0.5646061405	0.5775882072	0.5995068953	0.569911683
0.6057189542	0.5066355793	0.5391537384	0.5360166182	0.5895867282	0.5808515296
0.4850719134	0.5733736207	0.5682605521	0.5888815943	0.5874525114	0.5563885841
0.4606787004	0.5650511436	0.5902398893	0.5812999398	0.554976397	0.5715405714
0.4614697802	0.5623076238	0.5977106227	0.5727806024	0.5869176004	0.5327530766
0.4628232062	0.5101839133	0.5481050382	0.5726644985	0.5776702881	0.5863428769
0.4478937729	0.5152728399	0.5400127786	0.5390905459	0.5626301463	0.5582961008
0.4418498168	0.5654576224	0.523482309	0.6056459966	0.5667916354	0.5583656533
0.389720696	0.5022779304	0.5829489145	0.5839175616	0.5711487786	0.5916131345
0.4982254265	0.5290474844	0.6090569561	0.5808487979	0.5715711413	0.5501264183
0.5341211485	0.5440827351	0.5736256255	0.5672522476	0.5817099215	0.5844165726
0.4953525641	0.5752266696	0.5801958569	0.5772808778	0.57689095	0.5536624613
0.4574404762	0.5734899088	0.5381507518	0.5917997648	0.5682411487	0.5848572057
0.5370241278	0.5557383793	0.598567001	0.5403172808	0.5503248222	0.5630384811
0.4697344322	0.5915245906	0.5440622673	0.5505416067	0.5535006729	0.5277794793
0.5452313618	0.6015235345	0.5496462688	0.5763858588	0.5873776778	0.5565690471
0.547429164	0.556637623	0.5356972276	0.5817592093	0.5853996983	0.5915545151
0.5974264706	0.5236916882	0.5856072985	0.5882879069	0.5850270851	0.5965289458
0.5067307692	0.4822317388	0.5502962724	0.5609577004	0.5680886322	0.5746799455
0.5095238095	0.5823455344	0.5013628528	0.607397382	0.5719294105	0.568216112
0.5294467787	0.5426392031	0.558769961	0.5675979223	0.5857303468	0.540389561
0.4164169164	0.5798150991	0.5713901159	0.5714740223	0.5868087777	0.5624816379
0.531683635	0.5441444155	0.5967299628	0.5846870783	0.5892378618	0.5765906943
0.5472069597	0.5301932716	0.5679241782	0.5678078645	0.5969428331	0.5615259717
0.3872710623	0.5825571659	0.5411667717	0.5840330405	0.5849387042	0.5840972611
0.5370973389	0.5677702812	0.5367195097	0.5948174783	0.5815901539	0.5955249455
0.5139714452	0.5016732536	0.5610626302	0.4933406055	0.5778011441	0.5741498693
0.4763251454	0.5918695683	0.5489651416	0.5618203042	0.5911324456	0.5544454155
0.4414377289	0.5138000072	0.5655354449	0.5910585818	0.6068379423	0.5566802221
0.423992674	0.5574309269	0.6156318083	0.5724041261	0.5535780108	0.5495373574
0.5097365869	0.561127047	0.541704823	0.57675653	0.5764830014	0.5698115107
0.3991758242	0.5444243149	0.5768985372	0.5702631095	0.5388517202	0.5500782059
0.5309981685	0.5531303868	0.5221584924	0.5846859635	0.5362551552	0.6056836213
0.4695970696	0.5738276633	0.5516918947	0.54471738	0.5583834303	0.5792279242
0.3608058608	0.5739785337	0.5715045797	0.5554103678	0.5737455252	0.5949845036
0.5297619048	0.5684723569	0.5448707317	0.5477033163	0.5381731714	0.5885248944
0.4891483516	0.5851661819	0.5266276129	0.5570254586	0.5527401602	0.5947006657
0.5133928571	0.4978096862	0.5282075066	0.57462976	0.5542593191	0.5611472119
0.4651152769	0.5501579507	0.5497044758	0.5572948739	0.5892404701	0.5564291975
0.5857843137	0.560329805	0.5626988616	0.54479032	0.55842206	0.5571335373
0.574807423	0.5163804945	0.5353228156	0.5271732251	0.5524636393	0.5669641717
0.5299746822	0.5515541777	0.5422493356	0.5861693142	0.5515870748	0.5486060444
0.5429271709	0.5454064318	0.5617668688	0.5878353264	0.5635614128	0.5702044795
0.5268382353	0.5499662715	0.6180261646	0.5448777428	0.5890246832	0.5732494651
0.4783581614	0.5825147805	0.6043263403	0.5397174007	0.5864918088	0.5480949569
0.5159569597	0.4967948718	0.5156820848	0.5306199723	0.5763365474	0.5683258462
0.4463369963	0.5730984702	0.5478544195	0.5546982676	0.5689835165	0.5830913587
0.5338773971	0.5600200657	0.562063837	0.5740234235	0.6145973342	0.5700533099
0.556355042	0.523514945	0.569876969	0.5634226379	0.5717686515	0.5742092694
0.5095238095	0.4728695324	0.5505331406	0.5455416724	0.5500276285	0.5586827622
0.5639652015	0.5103060338	0.5802700567	0.5890399075	0.5677432707	0.5607015559
0.4801425698	0.5562746894	0.5516700484	0.5699567605	0.5511199993	0.538308824
0.6075980392	0.5056695755	0.5210812472	0.5289985546	0.5570446384	0.5906074655
0.4668354521	0.5903936524	0.5186936702	0.5604575163	0.5849673203	0.586360606
0.5353466387	0.6041287348	0.5647505043	0.5888275376	0.5557959198	0.5536419113
0.5082282913	0.519003974	0.5995899833	0.5355745664	0.5803232062	0.5646239517
0.4971010199	0.5875484573	0.5434139254	0.5626351595	0.5564320797	0.6146596285
0.5133928571	0.4884912269	0.543646155	0.5680591467	0.5947961958	0.5636582894
0.5712481146	0.5165482597	0.5061763808	0.5435762767	0.535574929	0.5758379712
0.4503663004	0.5720756572	0.5468714901	0.543094164	0.5593185736	0.5866990272
0.5078579509	0.5965495257	0.589101052	0.5521411058	0.5429152792	0.5678265044
0.5458858543	0.5346582543	0.5490422102	0.5708756478	0.534693101	0.569734789
0.4778887779	0.5737693475	0.5801994617	0.5786499738	0.6103722825	0.575227134
0.4916895604	0.5508811858	0.563634364	0.5916124032	0.5415137559	0.5877395195
0.4488782051	0.518143315	0.5024886878	0.571836972	0.5281438986	0.5783022166
0.4762362637	0.5546917543	0.566212217	0.5961878501	0.5717806866	0.5422032669
0.5210945917	0.561319217	0.5635351577	0.5969119336	0.5505389463	0.6003758501
0.5148809524	0.4874275031	0.5917161793	0.5812666484	0.5353045226	0.5833117532
0.4713141026	0.568278634	0.6082613601	0.5445530895	0.5722812452	0.5600220321
0.5651960784	0.5554805048	0.5427721516	0.5365854529	0.5842156863	0.5498701883
0.4955008227	0.5040979853	0.589202306	0.5938161061	0.60138887	0.582072078
0.4470508658	0.5713602918	0.5388627032	0.6130718954	0.5468197407	0.5632949648
0.5030825792	0.5975318197	0.4977859423	0.586547658	0.5757360313	0.565376006
0.5241071429	0.5427723012	0.5842324435	0.5539993401	0.5818424313	0.5915348042
0.4682005495	0.5860347985	0.612071232	0.5791623844	0.5697795913	0.5612628666
0.5889005602	0.5601803221	0.5485952343	0.5638858588	0.5538988127	0.5390857423
0.4437823206	0.532257326	0.5556466817	0.5451788408	0.6133397077	0.5925359354
0.5613512713	0.5320042702	0.598848129	0.5940495269	0.6029916231	0.5372873897
0.4445970696	0.5167488385	0.5398638943	0.5886280794	0.6017596971	0.5765010039
0.5776260504	0.5608565862	0.5444908305	0.5851696136	0.5721558752	0.5771239644
0.4335921432	0.6222006515	0.5934197217	0.5911428978	0.5363069202	0.5744699176
0.5340686275	0.4641880791	0.5333571249	0.5790360375	0.5074878798	0.5590515126
0.4203296703	0.5469737575	0.5171930738	0.5875168218	0.5968126103	0.537373592