0.4831897269	0.4929678777	0.5771309165	0.5766792134	0.5915959629	0.5560112669
0.4942640693	0.4941673093	0.5397203244	0.5857888027	0.5553004662	0.5622618929
0.5419413919	0.5486744057	0.5542718032	0.57639147	0.5862178259	0.6011458629
0.559105233	0.534269101	0.6071803046	0.5128195624	0.5849668619	0.5949193733
0.4262283468	0.5417258599	0.5587353615	0.5394193204	0.5881074481	0.5748724304
0.4879120879	0.5012669896	0.5245698774	0.519977449	0.5508586838	0.5748675585
0.4665750916	0.6062293862	0.5348187352	0.5496556956	0.5702767013	0.5279466129
0.5428571429	0.5406716026	0.5513740753	0.5473283865	0.6120516648	0.5875730451
0.5111763237	0.5575159855	0.4917986289	0.5526776677	0.5414636984	0.5763444835
0.5434065934	0.5289615613	0.5834161567	0.586347119	0.6076875777	0.5784491871
0.5986721612	0.5823268235	0.6113802592	0.5706305439	0.5391864087	0.5761401198
0.5205815018	0.5278246876	0.5749030381	0.6108566866	0.5922318286	0.564677581
0.4536421911	0.5448051218	0.5433347698	0.5676609746	0.5650025942	0.5778993061
0.4252164502	0.5917030274	0.5573545191	0.5814420385	0.5627114307	0.5520704111
0.467839187	0.5705107393	0.5684161248	0.5494322467	0.5771359677	0.5573983318
0.6143956705	0.548140891	0.5390989729	0.5673302494	0.5629419845	0.5695793925
0.4301136364	0.5582282913	0.536460682	0.5768607806	0.6059873855	0.5842900922
0.4653846154	0.6067947371	0.5830165613	0.5681214313	0.5731716121	0.5741716224
0.5195512821	0.5825605326	0.5908764574	0.5653944809	0.5801020406	0.5898096627
0.5045787546	0.571262619	0.5728660043	0.5935434035	0.5998126444	0.5809206942
0.4814706127	0.579565961	0.5969192164	0.6145164358	0.5814706733	0.5659274968
0.6334558824	0.5551437329	0.56210271	0.5533103233	0.5675998627	0.5869162537
0.5517193999	0.5560087176	0.5514444025	0.5545377927	0.6136400674	0.5817515792
0.4820987836	0.5340780543	0.5889481434	0.5885395049	0.6127735392	0.5746894763
0.4929403929	0.5822997468	0.5628672182	0.5554272611	0.5750035912	0.5782537356
0.5551048625	0.5343984962	0.5376506527	0.5584667579	0.5568508482	0.6056370494
0.4881410256	0.5834323152	0.5761080287	0.5757439048	0.5742634322	0.5719126013
0.5551311434	0.5912967515	0.5801729452	0.567221569	0.61659653	0.5794671335
0.4779304029	0.5010475431	0.5593559219	0.5337100706	0.5558917798	0.5577323311
0.4860397772	0.5592668157	0.5527360303	0.5583968641	0.5828745764	0.6003519775
0.4809294872	0.6370757092	0.5833889966	0.5950658308	0.5680284421	0.5235591531
0.5157145551	0.5491309581	0.5307258373	0.5786945919	0.5676400324	0.5682354872
0.5996794872	0.526651045	0.5601102193	0.6033246472	0.5728728826	0.5578125845
0.5157212885	0.5931528954	0.5875266346	0.5405792704	0.5315797313	0.5775402206
0.6015877505	0.5793026235	0.5989268514	0.5927056399	0.5783900267	0.5864136556
0.4941612309	0.5903142802	0.5697674695	0.5899705423	0.5687399447	0.5963828878
0.4600732601	0.5867775403	0.5881096028	0.5426727464	0.6203170114	0.5853263178
0.5149684874	0.5731094681	0.5286902969	0.5734576215	0.5595373087	0.568351777
0.5090888278	0.51929892	0.5731579423	0.5878013267	0.5814374025	0.5642207996
0.4928571429	0.5319786852	0.5624244435	0.5375525167	0.5907047609	0.5719823645
0.4818306693	0.578801016	0.5483400178	0.5674881137	0.5485167529	0.5899597055
0.5088410364	0.5577722114	0.5355927684	0.5808604869	0.5783472444	0.5863082763
0.5504237592	0.5324095023	0.5482887239	0.5392213979	0.5658912411	0.5793600021
0.5216278819	0.5568254984	0.558199113	0.5807884211	0.537637077	0.5718031977
0.5508012821	0.602815686	0.5694058393	0.5870056516	0.5381363696	0.5734969247
0.4991138763	0.5216162106	0.5544078428	0.5829301997	0.588554663	0.5722630405
0.5404475427	0.5337940246	0.5883303501	0.5619995915	0.5554611311	0.5639652994
0.4884985521	0.5589498468	0.5785760672	0.5414063775	0.5450739547	0.5968733107
0.5679271709	0.5410283344	0.5175623668	0.5939124773	0.5805931066	0.5706112923
0.4753205128	0.5241013007	0.5796010341	0.5828489531	0.5271812828	0.5819795298
0.5061385918	0.5646850086	0.5263865857	0.5826390661	0.5628677854	0.5626717458
0.5070616883	0.5215315934	0.513529322	0.5801636723	0.566894253	0.6016338074
0.4522727273	0.5755867499	0.5613858994	0.5403416292	0.5524894863	0.5670212225
0.5783977052	0.5320438752	0.5467226308	0.5443369217	0.5594373914	0.6145228976
0.5173198125	0.5266180511	0.5138583639	0.5743020766	0.5931542043	0.5569173502
0.5833333333	0.5264880952	0.5644002147	0.5842505432	0.5156324068	0.5686226927
0.4566017316	0.5551477322	0.5545268593	0.5428762097	0.6122070851	0.5842704919
0.4431838994	0.5403390115	0.5878463835	0.5609805942	0.5715472277	0.5853698159
0.5349358974	0.5591945432	0.5530843354	0.5949369124	0.5660973937	0.5466226543
0.5438213747	0.6054915404	0.5915656647	0.6291209795	0.59701743	0.5814294359
0.4774267399	0.5392399267	0.5830126709	0.5644375302	0.5109191217	0.5785244092
0.4307053241	0.584077381	0.5136924214	0.5586771652	0.599282057	0.581096099
0.5428028263	0.5650899142	0.5864615504	0.5713928841	0.5480926439	0.6038332902
0.5613095238	0.5322153541	0.5214456295	0.5969825523	0.5814472086	0.5840605922
0.600262605	0.5812558829	0.5360975218	0.5961071372	0.535330813	0.5616122556
0.5721961862	0.5935836835	0.5638484881	0.5875389113	0.5785434745	0.5831319878
0.6144266917	0.5438240681	0.5552233714	0.6019104074	0.5181205181	0.5834930897
0.6055497199	0.5477133161	0.5764951144	0.5631290176	0.5548361524	0.5764606375
0.5253514867	0.5581506503	0.5905610321	0.595605069	0.6051228609	0.5908922824
0.4054070929	0.5036713083	0.5514654735	0.5747894553	0.5711612695	0.5504108841
0.5200549451	0.5515581232	0.4834939026	0.58153808	0.5726533103	0.5645298082
0.4297952048	0.5302485097	0.5310438336	0.5599168075	0.534465208	0.5976055347
0.598883143	0.5237280489	0.5168255356	0.566125881	0.5880771228	0.6071709276
0.5240514388	0.6266369048	0.4885365043	0.5615211468	0.5516644458	0.5929838217
0.4784569597	0.5263597922	0.5901351308	0.5208027299	0.5930649253	0.5661386663
0.5849964986	0.5763668929	0.5631375841	0.557571442	0.6000788406	0.5780011805
0.5467261905	0.5456957462	0.5527223049	0.5375177927	0.5628726047	0.5913236192
0.5588594412	0.482356614	0.5461943694	0.5569936685	0.577276449	0.5942045087
0.5539377289	0.5424457283	0.5464281225	0.5534387794	0.5731797696	0.5775271785
0.5394688645	0.4953663983	0.5188925454	0.6090604469	0.5613771278	0.5780276365
0.5796801238	0.6087211808	0.5225817891	0.5873970376	0.6118573772	0.5789585745
0.5576137506	0.5542342848	0.5330020856	0.5498242566	0.5892086835	0.5947120204
0.4365946553	0.5287388265	0.5931214332	0.5860381653	0.5920194103	0.5707346307
0.5454212454	0.5086538462	0.5554738562	0.5725493128	0.5872674333	0.5839233326
0.4085124434	0.4908052323	0.5690448863	0.6266597867	0.605977231	0.5888355055
0.4956593651	0.624947479	0.5874881948	0.5666614845	0.5674290171	0.5602862579
0.5464537097	0.4814858956	0.563016681	0.6180591054	0.5849463389	0.567541464
0.5796549727	0.5519455218	0.52483143	0.5734111273	0.557350966	0.5520053551
0.5438321482	0.579103821	0.5355707881	0.6023523411	0.5500582351	0.563682206
0.3933150183	0.5827677225	0.533433406	0.5715906814	0.5821322868	0.5759721782
0.5077111614	0.554829481	0.5534268242	0.5455299296	0.5396334303	0.5828666429
0.5257703081	0.5557449903	0.5928731535	0.6185028169	0.6021070162	0.5824069309
0.5641254579	0.5122037276	0.5293645761	0.545725149	0.6036087674	0.5928222588
0.5261797027	0.581419447	0.5974351493	0.5549247423	0.5710891718	0.5944671728
0.5754807692	0.53072883	0.5414922109	0.6115531157	0.5366812109	0.5731383069
0.5465322668	0.5845101181	0.559014177	0.5881962298	0.5503948649	0.5988366512
0.4809173669	0.5758472704	0.5559645012	0.5597698854	0.5798404524	0.5691360854
0.4391941392	0.5644256522	0.5633271005	0.5916717168	0.5714490317	0.563600477
0.5256773863	0.6089198179	0.5416961443	0.6035219559	0.5674065224	0.5717585437
0.497967841	0.5081057423	0.5547766711	0.6042559242	0.581289503	0.5480838219
0.4463536464	0.5798335039	0.5557233151	0.6015604977	0.5866962703	0.6021360081
0.5008965707	0.5096728027	0.5197384451	0.5750685691	0.5638616952	0.562500532
0.6115604575	0.5717717299	0.5810767256	0.5969915421	0.5812419907	0.6013235838
0.4512820513	0.547030543	0.5930480661	0.5796579732	0.5842577692	0.5825360134
0.5051406926	0.4769422367	0.5482077176	0.5855340109	0.5861997398	0.5707881294
0.506959707	0.576226388	0.6053332017	0.5922755994	0.5559279609	0.5712336885
0.4873168498	0.5071774018	0.6061237102	0.5774670994	0.6338189412	0.5737162723
0.4573367809	0.5822364576	0.5452067669	0.5694392247	0.6066949756	0.6023897815
0.4339410589	0.5898036196	0.5810124938	0.5971708235	0.5900126542	0.5861421181
0.4276556777	0.5188687334	0.5124340121	0.591598322	0.556910516	0.597546442
0.5698260073	0.5488128905	0.5461951447	0.5320454346	0.5630592365	0.6029963337
0.570935682	0.5846517453	0.5424832112	0.5679452981	0.5638766836	0.5584592822
0.4633012821	0.5593573276	0.599735434	0.5599692775	0.5892154045	0.5634153445
0.514217033	0.4998256033	0.5994777826	0.5833979644	0.5915812593	0.5822070944
0.4564204178	0.4687536148	0.5490873234	0.5873272985	0.5878099992	0.5734697415
0.5513897867	0.5380952381	0.5308991913	0.5276468925	0.5736642039	0.5881319225
0.5071078431	0.5194992099	0.5779336948	0.5792818325	0.5714488852	0.5724968169
0.5328088578	0.5492296919	0.5879996229	0.5670578808	0.5820104513	0.5734898757
0.5500686813	0.5783469798	0.567908325	0.6042493642	0.5944621924	0.5615257945
0.5804042771	0.5578882515	0.5423124648	0.5262149615	0.5986674029	0.5540257326
0.5807921245	0.6024716887	0.5418438702	0.5498801562	0.5875615548	0.6024365873
0.5141761833	0.5522833344	0.5567990017	0.5813470435	0.5720878485	0.5831386106
0.4986263736	0.5243461196	0.5382245206	0.5492556125	0.5602718618	0.5717909868
0.6214514652	0.5875050678	0.6059130605	0.5808741606	0.5988494757	0.5718541215
0.5171353157	0.5042124542	0.5879262951	0.5294434936	0.5718209079	0.5553218735
0.4994692807	0.573286497	0.5510868897	0.5863809597	0.5684671473	0.5770650164
0.5717167636	0.5677898082	0.6062960711	0.5185964771	0.570035822	0.5911609222
0.5645604396	0.5461823511	0.5287999561	0.5781265652	0.5991535116	0.5819153606
0.559610814	0.4837867198	0.5746978211	0.5878352652	0.5653765597	0.5680173945
0.5092652446	0.5402250323	0.6032069238	0.5531721224	0.5439400705	0.5668428104
0.5004578755	0.5025643367	0.5684638869	0.5800427374	0.5660511869	0.559740476
0.5368024133	0.5360433276	0.5665103952	0.6065283046	0.6000938101	0.5661009869
0.5444152661	0.5264805843	0.5804054742	0.6073410277	0.598886616	0.5775250083
0.452014652	0.5722484827	0.5437648136	0.5538332072	0.5811010936	0.578054461
0.5925002693	0.5366408102	0.5664182767	0.5621142848	0.5287801062	0.5637761211
0.3907259407	0.5588738059	0.5030130523	0.5593051846	0.562223172	0.5511843538
0.5756266609	0.5010302198	0.5232371795	0.5149532759	0.5621988796	0.5809208235
0.4824300699	0.5530089364	0.5801680074	0.5794114742	0.5833221109	0.5829729911
0.4912285427	0.4736577965	0.5776150664	0.6183037126	0.5594382969	0.5820662516
0.4961767399	0.5335147695	0.5592632993	0.5629884359	0.5733576541	0.5718288527
0.4354395604	0.5494505495	0.5589082214	0.6062435817	0.5681471053	0.5941465419
0.5669885262	0.5953247325	0.4968346604	0.5543949004	0.5561568987	0.5651594153
0.5335164835	0.5306786963	0.5965111686	0.5746197838	0.5737584569	0.5743414674
0.4727335165	0.527724359	0.579347722	0.5776079925	0.5534322892	0.5715715311
0.5710645155	0.5553463693	0.5658010426	0.5504125368	0.5704772584	0.5718927353
0.6393032213	0.6148886073	0.5994901706	0.597533509	0.5185761375	0.5438534814
0.5521291209	0.4105280137	0.646901544	0.5429529825	0.580638422	0.5498422898
0.584390487	0.5069320998	0.535796701	0.5720751981	0.5820757021	0.5676200423
0.5028617216	0.5702185682	0.5013881271	0.6282207156	0.5512036974	0.5690774392
0.5257711587	0.5178554901	0.4692002442	0.5793741287	0.5347311022	0.5451168953
0.5550553613	0.5594611883	0.585199101	0.5618722168	0.5713552641	0.5818617622
0.5461735976	0.5524983359	0.5563433163	0.5471905239	0.579365216	0.5687401951
0.6273284314	0.4679143773	0.5544543284	0.6025891877	0.5617840983	0.5715542344
0.6009978992	0.57413071	0.5713926596	0.5621371609	0.5092209334	0.5509483911
0.5633699634	0.4644282639	0.5422040127	0.6163690992	0.5582961646	0.5748128493
0.5310295913	0.5175480769	0.5350140056	0.5555867539	0.5682078169	0.5691629806
0.599789916	0.5389485106	0.5122494765	0.6047264419	0.5587916551	0.5525814343
0.5727415966	0.5632497888	0.5538106909	0.5630540458	0.5833412292	0.5458360961
0.4450549451	0.600280112	0.526166535	0.5886762828	0.5724563672	0.581667941
0.4704014939	0.553254218	0.5819529735	0.5756655797	0.5779168411	0.5666601628
0.6073260073	0.5522883023	0.5850259605	0.564396592	0.557272409	0.5666481405
0.5399267399	0.5913070998	0.5563163144	0.586915311	0.5400000468	0.5565526667
0.5322901428	0.6271642648	0.5731317079	0.5606742511	0.5263056225	0.5808453533
0.5463396897	0.6050567241	0.5570115049	0.5598708159	0.5867044638	0.5884766947
0.4827380952	0.5666929272	0.5531419425	0.5217374129	0.5543490741	0.5741069051
0.4155670353	0.5803839113	0.6111048265	0.5399844029	0.5857959662	0.5583382712
0.5521978022	0.5644264437	0.5411203584	0.5258964365	0.5593765239	0.575474705
0.537276449	0.5179995862	0.5608232182	0.6065662483	0.5666347052	0.5500383159
0.5049679487	0.5611708145	0.6119262932	0.5673544287	0.5886032797	0.599055841
0.5932032428	0.5301053114	0.5887151555	0.5428569066	0.5554165674	0.5843569094
0.4685897436	0.5116019397	0.5738946239	0.5492580492	0.5794843869	0.5617315714
0.482967033	0.5495306777	0.54239267	0.5941296959	0.5860031867	0.5902881473
0.5189496778	0.6169991343	0.5941409897	0.5183513344	0.5977338417	0.5639163636
0.574859944	0.5801418965	0.5200372727	0.592458197	0.5830014185	0.5659891291
0.4783286566	0.5112468414	0.5390440578	0.5613409998	0.5579290073	0.5816484204
0.5987140311	0.6152894491	0.6270436492	0.5690220421	0.5881305214	0.581498701
0.5374703728	0.5927495492	0.5763845495	0.5366718147	0.6196023335	0.5460060113
0.4740773932	0.5959962831	0.5409919401	0.5732843137	0.5688856079	0.5630886198
0.5525869963	0.5780041521	0.5786106323	0.6050129093	0.5725831805	0.600470872
0.5819457911	0.5465826023	0.6093226719	0.5623376113	0.5766332073	0.5760596037
0.581491058	0.567239011	0.5565432797	0.583803518	0.5725454048	0.5728006432
0.60057818	0.5442489496	0.5510483332	0.5841426139	0.5462950813	0.5820939576
0.5149038462	0.5972836385	0.5737748091	0.596612832	0.5731560188	0.5658466003
0.5677884615	0.5716673849	0.5960918983	0.5403384912	0.5735853826	0.6024554316
0.5652216656	0.5451391133	0.5937241136	0.5903641846	0.5838464137	0.5646440881
0.4844317447	0.5714974299	0.5637305777	0.583692788	0.5855586081	0.5758022247
0.4271978022	0.5461936348	0.5661194606	0.5748559152	0.5505162553	0.5932341057
0.5252185315	0.5722823745	0.6393915753	0.5466478375	0.5654607158	0.5969283716
0.4959935897	0.5570386313	0.5581678398	0.5603247549	0.5598434001	0.5628464509
0.5374271562	0.5638338989	0.5459250581	0.5787561789	0.5902338662	0.5971183632
0.5958427602	0.5648392049	0.5269449626	0.5747935979	0.5132949498	0.5823136107
0.431911226	0.5123653307	0.51186632	0.5987043578	0.5250847518	0.5964259442
0.4686732385	0.5925925178	0.5626674989	0.5481857748	0.5813336672	0.5835562558
0.596307818	0.5313526547	0.546978022	0.5450381114	0.5475001959	0.5657576696
0.5578256303	0.4997717356	0.5493091467	0.5540471015	0.490813386	0.590185321
0.6143382353	0.5412370718	0.5670873767	0.6104721882	0.5441874955	0.5623282675
0.5804936485	0.5982287385	0.6042740871	0.546596908	0.5784671946	0.6092172561
0.5496132544	0.5848791119	0.5803878175	0.5722324475	0.5804159239	0.541325084
0.5537209114	0.655319211	0.5419753428	0.5956688301	0.5565003705	0.5824420237
0.4638091076	0.5388338989	0.559866468	0.5499266992	0.5564220033	0.5799055071
0.4068181818	0.532468514	0.5503733331	0.577038595	0.5520927864	0.5759053492
0.6431116677	0.5658200052	0.5482056321	0.5720803706	0.6186534681	0.5738405723
0.4585643523	0.5631863643	0.5892972911	0.5670577042	0.5790117627	0.5745579509
0.56875	0.5390979119	0.580254616	0.5594305511	0.5797525677	0.5703825457
0.5111201299	0.6023923993	0.5299449919	0.6165690019	0.5893024133	0.5793623172
0.5256553904	0.478731685	0.5723677738	0.5280304561	0.5807806517	0.5551215288
0.5937271062	0.5902030127	0.5558715794	0.5379824526	0.5983649263	0.5844467952
0.5285641238	0.5795902015	0.5272189999	0.5113854487	0.5840425961	0.5883136291
0.51996337	0.5091906051	0.5702376714	0.5883178617	0.5410599368	0.5783067586
0.463141597	0.5428935615	0.5705384077	0.5731838423	0.5854840816	0.576031647
0.5550904977	0.5714332849	0.587382933	0.5376274219	0.5668404798	0.5651813073
0.5425204697	0.5777140107	0.6074391295	0.6064498598	0.5939564409	0.5516197446
0.5770833333	0.533463171	0.5334249084	0.6008155227	0.5759674639	0.5507417855
0.4502747253	0.5847359136	0.5636997534	0.5759776102	0.570833872	0.5799362035
0.6337535014	0.5313826492	0.5720596068	0.6108557711	0.5733745748	0.5776187108
0.5769607843	0.5357600733	0.5555094172	0.5542279342	0.5488021619	0.5921732853
0.5371482684	0.5193989222	0.5646007723	0.5409586431	0.5616254385	0.5752586831
0.4768398268	0.5583292933	0.6020454448	0.5969768997	0.5530869264	0.602817002
0.5669292717	0.5419705628	0.5388392109	0.5827927485	0.5638287886	0.5799008055
0.4307858808	0.5776695935	0.5789439569	0.5564825289	0.5889506572	0.5843038474
0.5354624542	0.5703092337	0.5587625316	0.5553975318	0.5739534404	0.6002996071
0.4906655844	0.5494296757	0.5404062419	0.5589942227	0.5612325175	0.5860242393
0.507918552	0.5928638763	0.5361209869	0.5949350481	0.5489823257	0.5861587106
0.6251683366	0.4684981685	0.5906033838	0.583821112	0.5655067155	0.5594041227
0.5080128205	0.6147444875	0.4867558912	0.5696068106	0.5323453099	0.5870101252
0.5614468864	0.5989609859	0.5948136745	0.5894624381	0.5793962591	0.5846800164
0.5869680565	0.5774452747	0.5394993895	0.5366857885	0.5305217903	0.5924635708
0.5393095875	0.5565119317	0.5792501616	0.6426865264	0.5622417697	0.5932075924
0.5327152015	0.5362230498	0.5892313977	0.5349743904	0.5828242655	0.5753252426
0.4088494838	0.5961403792	0.5902706269	0.5749534151	0.5634031818	0.5873196306
0.5009490509	0.6000449016	0.5405647049	0.5540093281	0.5351312482	0.5631574963
0.5891712454	0.57129467	0.5890718758	0.5292454482	0.5273026647	0.581827105
0.5984593838	0.553731685	0.5778105315	0.4966026433	0.6090539629	0.5463874842
0.6294265783	0.6183731505	0.5933552974	0.5888356945	0.556546549	0.5861985752
0.5829169369	0.5552083333	0.5194734187	0.5919173759	0.5816515743	0.5577585113
0.4981227106	0.5495402677	0.5448495154	0.5480730054	0.5964821535	0.5604664043
0.5004578755	0.4877784593	0.5271897514	0.5245800564	0.5707077073	0.5911719554
0.5568452381	0.556876153	0.5501998539	0.5515014188	0.5330436394	0.5677960148
0.5757326007	0.5459491489	0.5778235653	0.5442503736	0.5935078411	0.578707832
0.5416989873	0.5755490017	0.5409874847	0.5212386878	0.5791896502	0.5709377067
0.3540626041	0.543036253	0.6222742865	0.5609402911	0.6041244845	0.5989220341
0.5263278388	0.51996337	0.5758331946	0.6082735177	0.5707999448	0.5849519519
0.5512780112	0.5244074553	0.537193403	0.5632271017	0.5721621095	0.5862971697
0.5132305195	0.5984498388	0.522246177	0.6073072777	0.5340008981	0.5961582799
0.5735119048	0.5574973433	0.5832150556	0.591923755	0.531625009	0.6034423587
0.5536047286	0.5073601837	0.5854651476	0.5849468954	0.5601493033	0.5599829973
0.5061651584	0.5667494883	0.530851379	0.5524905038	0.5132242186	0.5858324592
0.5431547619	0.5411579563	0.5741182271	0.5977162044	0.5833472114	0.5522734949
0.5317621921	0.5829315701	0.5810906414	0.5601864945	0.536167039	0.5819923536
0.5556089744	0.5422852947	0.5673031325	0.5825674965	0.5640125153	0.57124583
0.497481685	0.5407152896	0.5504946851	0.5691505761	0.5886527482	0.5653491312
0.4971467258	0.5638556705	0.5562568831	0.5570024951	0.5800028493	0.6111120703
0.5619047619	0.5339629121	0.5968035505	0.5190587293	0.5736234006	0.5554667046
0.5723484848	0.5227097045	0.5343118755	0.6268074514	0.5595440335	0.5672675319
0.5364193405	0.6066851943	0.5405493608	0.6033412768	0.6021784996	0.5667526462
0.5901520865	0.5657303964	0.5402454572	0.5216596296	0.6012996906	0.582141751
0.5541976406	0.5406797419	0.574025727	0.5846970426	0.5360528687	0.6176670726
0.6275789162	0.6132150937	0.5705999066	0.5921785575	0.556532985	0.587799202
0.5073260073	0.5761406486	0.5526033299	0.5581222393	0.5727536155	0.5962214383
0.6430631868	0.4563270063	0.4696279483	0.5966983884	0.5336189919	0.5962573261
0.5090214932	0.5065106935	0.5535027473	0.5814206933	0.5806026898	0.5548346356
0.5213280184	0.607509382	0.5883303108	0.5969610761	0.5548967536	0.5797061158
0.5391797745	0.5673507865	0.5474631699	0.5359126984	0.5772766896	0.584204823
0.654888045	0.4952179582	0.551636192	0.5644463074	0.5636703089	0.5770793942
0.4874542125	0.5608015963	0.5710895722	0.5550175932	0.5682905652	0.577070131
0.4198418004	0.5556951627	0.5867600673	0.5876668513	0.5623400791	0.5657446123
0.5581964604	0.5618787022	0.587916128	0.6209922431	0.5358816347	0.5763773073
0.5668242297	0.5708367001	0.5569448232	0.5814272023	0.5844369077	0.5601090239
0.5346652122	0.5920589548	0.5556224492	0.5685052682	0.5855239532	0.5805530937
0.465950716	0.4967261905	0.6163834123	0.5860882882	0.573059197	0.5652801842
0.5730625584	0.5534280058	0.5301012305	0.5481310979	0.6019774077	0.604225635
0.5456008044	0.5390771219	0.5480643539	0.573152899	0.5624296507	0.5564581774
0.5638883176	0.5695809093	0.6117739673	0.4795568402	0.5510039144	0.5683784183
0.4627245304	0.5847955933	0.5887889344	0.5932810143	0.5396190656	0.5662485223
0.5567577031	0.5171474359	0.5107130887	0.5653029875	0.5965366659	0.5553359583
0.5507783883	0.5212183038	0.5118248581	0.557875089	0.5462245026	0.5966116516
0.4911844283	0.5508994886	0.5629794147	0.5867851662	0.6015590116	0.5707152905
0.548278927	0.5808360145	0.5269063181	0.5907864791	0.5831993587	0.614223086
0.557257326	0.5922412319	0.5713457545	0.5878006491	0.5500360832	0.6112081922
0.4764500206	0.5899226998	0.5499609459	0.579849552	0.600435047	0.5978162496
0.6102537169	0.5234286343	0.559063812	0.6102973598	0.5508365654	0.5929405362
0.5458840588	0.4975494352	0.5548971725	0.5680810246	0.5863160777	0.5730579891
0.5136904762	0.5282778496	0.5694486342	0.5627977721	0.5284059147	0.5747198502
0.5854166667	0.5813246963	0.5596307968	0.5319169495	0.6152940373	0.5485268082
0.4782051282	0.544820337	0.5512522479	0.5492887219	0.5811796129	0.579840955
0.4764298202	0.5424632353	0.5468223498	0.5671376842	0.5685826587	0.5613445187
0.4255861785	0.5623689831	0.589900255	0.5806232269	0.5515630091	0.5572013575
0.4360884214	0.5163320136	0.6092796093	0.5624927054	0.6028012102	0.5744276215
0.5871323529	0.5116151339	0.5795894257	0.5482059199	0.5076524456	0.5772101149
0.5666895604	0.5544054801	0.573527279	0.5907333674	0.5595072085	0.587432285
0.5162007111	0.5718877936	0.5969494422	0.5700689199	0.5463484847	0.5776982426
0.5643113014	0.5996417798	0.5504789579	0.5583604975	0.5887272836	0.5782641941
0.5805672269	0.500503663	0.557740639	0.5647468034	0.5524340499	0.5881116639
0.4576361139	0.5220029358	0.5397121669	0.5396613191	0.5386172492	0.599566254
0.4753205128	0.4900273542	0.5731792717	0.598665918	0.5158616384	0.5761224611
0.5012928248	0.5597109998	0.5994111567	0.5757945674	0.5275704769	0.607937323
0.5354895105	0.5881960156	0.5601208432	0.6042319813	0.5787265345	0.5531245015
0.3675491175	0.5561995935	0.528410109	0.5091945432	0.5358914709	0.5557530125
0.6000861883	0.4883814103	0.5581880402	0.5699843441	0.6014070432	0.5611159639
0.5265567766	0.5295875081	0.5727914708	0.5558930642	0.5675080501	0.593863544
0.5245421245	0.6170347626	0.5556900752	0.5554400971	0.5522733875	0.6042214644
0.4812604063	0.5844979743	0.5964623884	0.5924841208	0.5945685197	0.5788332185
0.4592490842	0.5528950227	0.5746522541	0.5875342284	0.5546289495	0.5730616606
0.4868818681	0.5522107182	0.5958205516	0.5802958581	0.5838795518	0.5841152071
0.4834249084	0.5195627289	0.5675434193	0.5895836995	0.5878251247	0.6137528281
0.6147029506	0.583912163	0.5549247049	0.5856101415	0.5762305084	0.5784612101
0.4489239927	0.5867831107	0.5324025683	0.5425608973	0.5695024433	0.5663798476
0.631127451	0.5634292178	0.5642627088	0.5905453207	0.5620542826	0.5779601921
0.599772409	0.6172157983	0.5688004262	0.569541176	0.5553155255	0.5780930168
0.5815826331	0.557517911	0.5418294511	0.5561475451	0.5725854606	0.5825837808
0.5354166667	0.5427201819	0.5325275308	0.5504744508	0.5855743573	0.5791845085
0.5003663004	0.5057465614	0.5936696946	0.5542488353	0.5651136608	0.571473799
0.5656364469	0.5639382676	0.5643535923	0.5862785971	0.6031961258	0.5843318964
0.5097985348	0.5325606991	0.5717094316	0.6045305276	0.5884332579	0.5751455184
0.5735617324	0.5375114469	0.6150732301	0.6119963842	0.5962829774	0.5749740041
0.6071994182	0.4857911084	0.5818551138	0.5590445996	0.5557843137	0.5822467202
0.4923076923	0.5614439686	0.5614002011	0.4714162676	0.5753192641	0.5620658304
0.5667811355	0.5415232439	0.5780743358	0.6075245322	0.548095525	0.5722317878
0.5688644689	0.5907156773	0.5741888422	0.576231916	0.5889055123	0.5430711677
0.5345224628	0.5479079132	0.5708826412	0.5851118653	0.5901434629	0.5560526647
0.4647667284	0.5521784996	0.5612799911	0.5453500544	0.5619072757	0.5821378684
0.5290089812	0.5351190476	0.5505064788	0.5386571359	0.5735181799	0.5762913538
0.5521749084	0.5838969242	0.6162773071	0.5882034106	0.5599437083	0.5896024912
0.5068681319	0.6184065934	0.5668602367	0.5648573794	0.5487783622	0.5806274831
0.5219941823	0.5943809254	0.4933757827	0.5358274079	0.6292767363	0.5642959822
0.5360347985	0.5855055484	0.5768841725	0.5777001185	0.5566060702	0.5937279426
0.5886595023	0.5621471666	0.5859234562	0.5598228859	0.5856812752	0.5710964558
0.4732600733	0.5521147562	0.597028897	0.5875778719	0.592271204	0.5827390663
0.472985348	0.5352642423	0.5621812828	0.5231091916	0.5375883838	0.5356359368
0.4395604396	0.5760416667	0.5781076938	0.5911056629	0.5991150825	0.5842630974
0.5857769424	0.5420405983	0.5662575714	0.5540354066	0.5800694361	0.5551384707
0.4245762408	0.5922710835	0.5999260815	0.5567289795	0.5633734729	0.5542709503
0.480630399	0.6266741633	0.5456467552	0.5780408317	0.5809280507	0.5650148626
0.4912260942	0.5861324337	0.5421657319	0.5352389339	0.59898767	0.6109850843
0.3921911422	0.528786226	0.5278372227	0.5750308209	0.6070471994	0.5967628654
0.4721861472	0.5778260343	0.5919479736	0.5629583244	0.5967594415	0.5793748481
0.529079108	0.6092060373	0.5206542232	0.5427973155	0.6020344224	0.5575787721
0.4264099871	0.592100278	0.5817729656	0.5367472875	0.6127585319	0.5629558537
0.5400439022	0.537865627	0.5638228852	0.5885576143	0.5702135854	0.5801316735
0.5750197515	0.5830758906	0.5678631282	0.6049826501	0.5492934353	0.5815450981
0.5439331502	0.5468339259	0.5617693445	0.5199059009	0.5943341054	0.597597458
0.602207229	0.5584817176	0.5877819943	0.586362033	0.5777468296	0.6012828593
0.4835497835	0.5422791465	0.5664728926	0.6302447944	0.5992805071	0.5900929742
0.5501023486	0.5151944837	0.5902938321	0.5995927555	0.5884917959	0.5861658128
0.5927319005	0.5704216943	0.5652888778	0.5616350867	0.5795473223	0.5751466123
0.3943556444	0.575381114	0.6263896371	0.5687594268	0.572469853	0.5526997484
0.4956043956	0.5008643403	0.5403678565	0.5755607428	0.5837938455	0.5930750618
0.5160109498	0.5641536794	0.6001961138	0.4910590023	0.6013657258	0.5932241295
0.5031905594	0.5385665193	0.5999009433	0.5809100111	0.581451366	0.5532303019
0.4768315018	0.5798831071	0.5999399974	0.5904952863	0.615145731	0.5593077047
0.5516739388	0.5179327381	0.5781301623	0.5132758275	0.5771275332	0.5743361302
0.5039772319	0.5069950882	0.52285831	0.5429667641	0.5305329066	0.5699151547
0.5365384615	0.5707040509	0.5747938064	0.542455553	0.585707642	0.57573556
0.5754260037	0.5219797768	0.5292933939	0.5946373818	0.5774391991	0.5637406453
0.5523863392	0.5967672646	0.5582808653	0.5198631654	0.5493497516	0.5853769652
0.4284548785	0.5189737958	0.5046684525	0.6088429072	0.5725703012	0.5576401458
0.6055764411	0.5469237054	0.537529353	0.5977776502	0.5861395841	0.5983317527
0.569601086	0.6284401261	0.6076747534	0.5826040757	0.571707116	0.5839549099
0.504029304	0.5565651261	0.5616093193	0.5832381939	0.6285089609	0.5576749034
0.5780987395	0.5732326905	0.5748240322	0.5886274265	0.6216625746	0.567065087
0.5845238095	0.570116444	0.5420707138	0.5585733813	0.5609500506	0.5917331877
0.5879946851	0.5508033021	0.6086743616	0.5653929082	0.5720495573	0.5954095292
0.6091036415	0.5450457835	0.6100747564	0.5709705021	0.5867380414	0.5627942192
0.5170895281	0.5417474682	0.556800498	0.5867513098	0.5690734429	0.5910429685
0.481578593	0.5186272265	0.5752343245	0.5451285938	0.5788140862	0.5754966153
0.5548386662	0.5942103208	0.5940174957	0.5975812457	0.5241948179	0.5440090139
0.3969363969	0.5651980985	0.5669648842	0.5780682553	0.5687440746	0.5861044887
0.5287545788	0.5271520147	0.5930171	0.5485346455	0.5601593432	0.5817207818
0.6025726316	0.5454760592	0.5290374164	0.5940261949	0.571224281	0.5649440178
0.4820457729	0.605086245	0.5865180958	0.5848857331	0.57959689	0.5762092566
0.6208647562	0.529710506	0.5720856077	0.531661384	0.5793425009	0.5595195166
0.5667770955	0.5462741507	0.5744499824	0.5968859389	0.587180385	0.5527909683
0.4932234432	0.6174432594	0.5732004959	0.5727895164	0.6022560691	0.5303813324
0.4460622711	0.5965329401	0.5201457584	0.5179042873	0.5911801563	0.5681292557
0.498489011	0.5792799306	0.5207444516	0.5954261715	0.5748750153	0.5828041977
0.5331984192	0.5511053285	0.6107365258	0.6111452805	0.5837298842	0.5915739197
0.5598214286	0.566155585	0.5865514402	0.5619313091	0.5771514854	0.5775728902
0.5094811643	0.5038381349	0.5905974637	0.5621002412	0.5380176849	0.5585820717
0.4966064637	0.6033111389	0.6199962734	0.5428825056	0.5921442975	0.5513823799
0.5897664835	0.5734142696	0.5511690472	0.5645039198	0.535925844	0.5608005189
0.6168942577	0.6034771601	0.48370449	0.5455460389	0.5830100373	0.5803306824
0.5168706294	0.5895218344	0.568957894	0.5453699267	0.5662756164	0.5774165459
0.4421453546	0.5435937837	0.5651024765	0.5926930708	0.5861308721	0.5463859781
0.4548534799	0.601355446	0.5644836781	0.4990010398	0.6090078467	0.5772199423
0.5606792717	0.4731516237	0.5383377086	0.5952314504	0.5355506748	0.5747252747
0.4912441725	0.5741266087	0.5547786364	0.6151904022	0.5978750988	0.5706034407
0.4781593407	0.5658837894	0.6010445845	0.5959330181	0.5867178363	0.5804033486
0.3835747586	0.5096109483	0.4878955718	0.5381870886	0.5756705919	0.5704520847
0.5108058608	0.5667696886	0.524859944	0.5776696821	0.5582354122	0.5835190659
0.4662254412	0.5617879025	0.5948322425	0.5464792662	0.5012134679	0.598042417
0.5311813187	0.5438561439	0.5667536032	0.5680254794	0.5424517506	0.5993254464
0.6166666667	0.5372542286	0.5812531179	0.5175106235	0.5612665229	0.6087582574
0.5146062271	0.5459828162	0.6005746597	0.5726297906	0.5822673813	0.6081489688
0.5450549451	0.5552504481	0.5944804271	0.5693575828	0.5715179102	0.5618913246
0.6049450549	0.476968436	0.6152563803	0.6149194437	0.5549807545	0.5926308536
0.5116695804	0.5472357504	0.5781229642	0.5579901104	0.5641955104	0.5609164881
0.5237179487	0.5017047903	0.5722304227	0.5216112013	0.6098317262	0.5673581267
0.5492944147	0.5182790421	0.5639626577	0.570650835	0.581614162	0.5602110226
0.5607843137	0.5692649918	0.5858292271	0.5628105485	0.5865673564	0.5486408356
0.5761931696	0.5058971258	0.5763402583	0.5636726325	0.5548401994	0.6056731809
0.4345025889	0.5446428571	0.5703257799	0.5275435961	0.6095771141	0.57441088
0.5645833333	0.5712434012	0.6155991884	0.5612923417	0.5835441262	0.5517896717
0.5379318394	0.5775582669	0.5494384292	0.5551248792	0.5615717697	0.5934081953
0.560839977	0.5050682773	0.6194182666	0.5771048745	0.5870088563	0.5867256164
0.4565934066	0.6050763575	0.5179410867	0.5550618805	0.5578017081	0.5711503046
0.4804029304	0.5452603157	0.5551476574	0.5628404684	0.5726977237	0.5718032213
0.5434429541	0.5376945971	0.5283119658	0.5534552704	0.5688184309	0.5630895779
0.5641712454	0.5223901099	0.5536878427	0.5459796637	0.5937205429	0.5652397467
0.5267628205	0.5417908813	0.5528805753	0.5508018432	0.5608152971	0.6000434574
0.5950105042	0.5630283524	0.546305043	0.511832389	0.5580781718	0.5463543341
0.4104229104	0.5948213551	0.5787887222	0.5132638399	0.5598472198	0.6097367901
0.3666666667	0.5646219385	0.5649077366	0.5865221568	0.5511722007	0.5876315506
0.4232434232	0.5282711161	0.5195752777	0.5701140841	0.5745647679	0.5792562426
0.5603479853	0.5909643665	0.5238494757	0.5780897191	0.5756678697	0.5916995281
0.5791437729	0.5990687621	0.5677400601	0.5600474877	0.5857723967	0.5771990905
0.3897144522	0.5675294477	0.5761864633	0.5774923912	0.5778844521	0.5723750256
0.4483516484	0.5723636013	0.6189216521	0.5896094934	0.5461851792	0.5560263616
0.3928571429	0.6036874686	0.4913346321	0.5817595712	0.5709096459	0.5829550882
0.4897435897	0.5276265584	0.5788738674	0.5863053511	0.5919705608	0.5582080158
0.4604478854	0.5715154331	0.5156642785	0.5581777903	0.5468587149	0.5935800352
0.5157509158	0.549566365	0.5690500132	0.5538674765	0.5386190607	0.5633953791
0.444715701	0.5268166882	0.5661359202	0.6110791508	0.5620695807	0.5738626284
0.5211309524	0.5589783991	0.5971737413	0.5624593748	0.5414622387	0.5938900567
0.5172161172	0.583409197	0.5865848476	0.5418804541	0.5706106613	0.5773931624
0.5216103749	0.5412288262	0.5792082645	0.5664767245	0.5241347309	0.5831108857
0.4685504447	0.5684329248	0.5722516998	0.5184955057	0.569700316	0.56387193
0.6317226891	0.5753658515	0.5566094094	0.5811993868	0.5609597712	0.5781435347
0.5371763041	0.5328357304	0.5772818642	0.5389672913	0.5561726891	0.5535643719
0.5590066796	0.6198762838	0.5619976565	0.5783967972	0.5686747648	0.5822692053
0.5457875458	0.512953162	0.5973681139	0.5642969367	0.5582436436	0.5936943414
0.5424450549	0.5675463221	0.5670820465	0.54105554	0.5398770635	0.5767289934
0.5324768369	0.6031047996	0.569047619	0.5504795348	0.5692572967	0.5639509974
0.5534798535	0.5918696983	0.5473986389	0.5575379541	0.5761084272	0.5759552043
0.4671182984	0.4902580263	0.5618793244	0.5949273765	0.5869494394	0.5871449622
0.4691164228	0.5987440557	0.5573842144	0.5826052216	0.6076015028	0.5822299409
0.4603479853	0.5583827121	0.5002128182	0.5637515263	0.5743847316	0.5372248211
0.5337696617	0.5252549534	0.6053813124	0.5669900973	0.6135155479	0.5459884749
0.4936813187	0.5814587373	0.5474497316	0.5015991668	0.5994359059	0.6002669404
0.4455128205	0.5741199364	0.5729973902	0.5380714567	0.6065162151	0.5864435695
0.4456407563	0.5711372369	0.5470793074	0.5726150059	0.5527706521	0.5714168913
0.4595321345	0.6147523432	0.5553191205	0.5632625646	0.516285822	0.5603425537
0.4901098901	0.5695995385	0.6265349932	0.5652654127	0.5476407743	0.5579914938
0.4975649351	0.5560518998	0.5421568627	0.5630506023	0.5685497608	0.5796687708
0.4916625042	0.4910658603	0.5637194891	0.5945437657	0.590221886	0.549858358
0.4164294039	0.5664283021	0.5669005029	0.581784507	0.5555331876	0.5871692257
0.559946671	0.4664751883	0.5897825679	0.5731212694	0.5635411308	0.5839934773
0.5473102061	0.5287985299	0.5858301013	0.5875877187	0.594061705	0.5793117692
0.5375915751	0.5516110932	0.5634796834	0.5691112503	0.588775847	0.6090501849
0.3549961068	0.5459179505	0.5686311667	0.6496239361	0.5817351684	0.5784347378
0.4866300366	0.5377768065	0.6409291281	0.5979127598	0.575942647	0.598433506
0.5333441069	0.5575846668	0.5512423328	0.5710660953	0.580381922	0.5800355952
0.5598550959	0.5223878654	0.5786215941	0.5530341455	0.5577319808	0.5733644348
0.4736721612	0.5671797565	0.5363515705	0.5709392613	0.5642565849	0.5706736605
0.5686597716	0.5287043226	0.5840752113	0.5348391702	0.5568929192	0.5760567069
0.4811355311	0.5418014583	0.6012812244	0.5610854117	0.5302559356	0.5750561719
0.5633699634	0.598797628	0.5587795375	0.5935119839	0.5568572685	0.5700626118
0.5377109818	0.5491212552	0.5285912617	0.5948055057	0.5868582901	0.5558449984
0.5162545788	0.5656279178	0.4840827881	0.538921638	0.5497361741	0.5788196365
0.5395375458	0.4803118654	0.5680560052	0.5880589896	0.5947169016	0.5758975985
0.3992257742	0.6342023753	0.5734869004	0.5452547538	0.6098587201	0.5440316898
0.5379215148	0.4963702556	0.5597310348	0.57228013	0.5708234576	0.5748946712
0.5721451064	0.5837110806	0.5622652266	0.6005046671	0.5404681185	0.5609256202
0.5723443223	0.5480517644	0.5923976214	0.5843810601	0.6159503349	0.5797211502
0.4255494505	0.5421501293	0.5341672217	0.5846099978	0.5241997652	0.5761466999
0.3787795538	0.5169395523	0.5614814201	0.5878160888	0.5569642857	0.591526171
0.4569960677	0.5560587965	0.5957665815	0.5395764581	0.5969127712	0.5791523142
0.4656393851	0.5690846531	0.5630920142	0.5902706722	0.5321031815	0.5734854411
0.5802871148	0.6120614271	0.5678189866	0.5829308731	0.5157682514	0.5982699668
0.5433230985	0.5239108522	0.5711243686	0.5673751805	0.5664831574	0.5923968906
0.5233516484	0.4805860806	0.5326608713	0.589179477	0.5849833908	0.5863093101
0.4309149184	0.5388525894	0.5782619886	0.5793003436	0.5877761862	0.6002577632
0.6241697995	0.6288427871	0.5679880713	0.5638465508	0.6204375853	0.5797482832
0.5028846154	0.56238396	0.5792494134	0.5682838554	0.5500665266	0.6142761715
0.5509543088	0.5522958584	0.5403807249	0.5963828784	0.5829527731	0.5546615064
0.5658586512	0.5400661226	0.5741967727	0.5774979353	0.5570874108	0.5878505228
0.5114509265	0.5283970319	0.5684895213	0.5847803544	0.5602126632	0.5449132159
0.490303569	0.5694531979	0.6022063313	0.5358908265	0.5548463615	0.6012670991
0.5971117934	0.5561833387	0.5703747233	0.5877096292	0.576331064	0.572492305
0.5538259535	0.5923593155	0.5969548289	0.5317661199	0.5892538851	0.5731552284
0.6136029412	0.6019347483	0.5406466899	0.5143824823	0.5860771745	0.568680943
0.409162475	0.5483478939	0.5778490422	0.5699683551	0.5826266694	0.5748844512
0.5571428571	0.5483408748	0.525131552	0.5566542617	0.5750832823	0.575715136
0.4842490842	0.5604070272	0.5563387693	0.5958277774	0.5618176852	0.5666415621
0.4962454212	0.5720904708	0.5610243243	0.5591103443	0.5588116901	0.5837765251
0.4976107226	0.5547787384	0.5549737844	0.5869840632	0.5499848178	0.5867463861
0.4900736518	0.60821864	0.6062192938	0.5943643162	0.5429966602	0.5787802557
0.4925740926	0.5656101864	0.5350583369	0.6026054011	0.6266339869	0.5431456738
0.5359768908	0.5725414002	0.5322303922	0.5474352241	0.5912968602	0.5826550108
0.5286454967	0.5136097563	0.5505039308	0.5572825153	0.5324812116	0.5704879185
0.541735348	0.5703869048	0.4925596577	0.5647177781	0.5607038193	0.5649893611
0.5625411353	0.5707217823	0.5562446054	0.5910325989	0.5699447366	0.5784707739
0.4300043094	0.509750666	0.5369496438	0.5555504238	0.6145447801	0.5713933695
0.468189327	0.6116284655	0.5663708432	0.5280003901	0.5624577534	0.5624890692
0.5153846154	0.5810782967	0.5808831011	0.5643638225	0.5344441343	0.5767309002
0.6044562056	0.5787305627	0.5325172377	0.6199010854	0.6054521201	0.5744823267
0.5293040293	0.6119400004	0.5751761311	0.56458468	0.5579029781	0.5896844841
0.5374393988	0.5047298698	0.5952240613	0.5788161368	0.5691689863	0.5865858183
0.5445322651	0.4990953899	0.5940313091	0.5457405206	0.5288294793	0.5877145681
0.5115384615	0.5600288192	0.5895657039	0.5709956098	0.5470698037	0.6110569245
0.5244734432	0.5325417026	0.5390046651	0.5431933671	0.5537811535	0.5884130788
0.3967032967	0.5351082741	0.5702908339	0.5780061544	0.5902608095	0.5921105202
0.6044373519	0.5895367425	0.5697631617	0.5457053975	0.5549371543	0.5831656218
0.5380952381	0.5988387021	0.5209390283	0.5889304001	0.5680832974	0.5957423843
0.4692171799	0.5306374794	0.5773787079	0.5882649214	0.5527957745	0.6043703179
0.4624125874	0.5393759223	0.5558494338	0.5955118991	0.5533400913	0.5593951229
0.57378663	0.5604782956	0.5965883632	0.579712148	0.6113173346	0.5644276005
0.447712704	0.5450914948	0.5583759807	0.5513150657	0.5813783894	0.598257824
0.5247710623	0.47177914	0.5170554119	0.6112831215	0.5916599616	0.5761927703
0.5456008044	0.5322687729	0.5305995454	0.6027902229	0.5100629354	0.6067005395
0.5123626374	0.4951694139	0.5911674926	0.5811713602	0.5015207995	0.5776671802
0.5930030345	0.5905508847	0.56452767	0.5979874802	0.5898058684	0.5715459111
0.5385046326	0.5401199903	0.5712316142	0.5562794742	0.5409190019	0.571324698
0.2907925408	0.5739482331	0.5913156288	0.5438803747	0.5440245444	0.5722094424
0.5351486749	0.5856920653	0.579725993	0.6151095062	0.5830236838	0.5846914491
0.4867714393	0.5861122924	0.5491440749	0.5746070718	0.5232314907	0.5733165304
0.5094093407	0.5960084034	0.5382019332	0.5243342614	0.5778153056	0.5912392312
0.5516847123	0.5725784224	0.4965050744	0.5251128773	0.57282572	0.5742771509
0.4409328417	0.5498397436	0.609615172	0.5841563869	0.577640727	0.5762176012
0.5662774725	0.6046649902	0.5439831117	0.5567443188	0.5613181426	0.5889947342
0.4635447885	0.5036990583	0.5150363504	0.5245081818	0.5658390547	0.6068051079
0.5785902823	0.5132424765	0.5686756326	0.5425800491	0.5862526036	0.5860606007
0.5576923077	0.560607897	0.5951523558	0.5747872226	0.5857842003	0.5600313732
0.4648434898	0.5314742243	0.5512040519	0.5929058176	0.5914295496	0.5875365993
0.4400641026	0.5585966117	0.6223946619	0.5879549576	0.5661139841	0.5809816018
0.542032967	0.5364592311	0.5855392078	0.533591894	0.577754076	0.596522958
0.5662545788	0.5313806292	0.597437693	0.5758161252	0.5696329814	0.5805694707
0.5471840659	0.5379558554	0.5608722976	0.5451378177	0.570952606	0.5690333984
0.5300568304	0.5951792897	0.6045365582	0.5874358077	0.5783149096	0.5737731844
0.5105769231	0.5744563851	0.5607536756	0.5810142166	0.5658906629	0.6013419677
0.4681384792	0.5240047889	0.6103346681	0.5742034314	0.63067827	0.5795869239
0.5583387201	0.4729359456	0.5446955278	0.5701793611	0.5822741216	0.6084547352
0.5576694139	0.5485504079	0.5891485013	0.5653639661	0.5986854674	0.5531763792
0.4680968541	0.5435663032	0.5642838915	0.5756886571	0.5589808076	0.5829943708
0.5456407563	0.4722916703	0.5860779557	0.5390237826	0.5667861271	0.5642310038
0.5617869875	0.538402284	0.5836569884	0.5952970898	0.5706627192	0.5975064736
0.5271520147	0.5603896963	0.5222036907	0.538012612	0.5339893766	0.5527477541
0.578525641	0.5469131359	0.6223369904	0.5467086835	0.5770318046	0.5846297957
0.5948529412	0.580220576	0.6016140779	0.562641066	0.5516044508	0.5866930146
0.492965368	0.4490613553	0.5678592649	0.5627113894	0.5800271134	0.5743286714
0.5539606227	0.5583205398	0.6285986617	0.5711288437	0.6044339402	0.5560933797
0.5449404762	0.5216233929	0.5583503914	0.5766937789	0.5532230463	0.581639669
0.5678571429	0.5456219026	0.5016351704	0.5927314397	0.575691184	0.5807062504
0.5	0.5264373054	0.5782575998	0.5678756599	0.5669649142	0.5636956385
0.4912804108	0.583685269	0.5612997977	0.562430096	0.5973526104	0.5868519898
0.4535880786	0.5712292609	0.5174176722	0.5574755605	0.6012326867	0.5854727316
0.5499865331	0.6040607269	0.5685933348	0.5958124419	0.5663824248	0.6096129168
0.5789377289	0.4628569347	0.5278337811	0.5338715496	0.5464493388	0.5607996854
0.4604395604	0.522985348	0.5425314065	0.61868996	0.569849969	0.570341611
0.4548076923	0.5304197641	0.5806011176	0.5671501352	0.6006824471	0.5545656236
0.5518780927	0.4637447724	0.5555938851	0.556856685	0.5982966041	0.5782228266
0.4919657548	0.6108461188	0.5789714908	0.6019714854	0.5795193111	0.5707764874
0.4435897436	0.5746548182	0.5685946815	0.5944112846	0.5732999117	0.6129748455
0.5437957875	0.5953215902	0.5409351842	0.5530805591	0.5873434671	0.5588888195
0.4526161339	0.5506315752	0.5721258639	0.5266375373	0.5820078193	0.6045737746
0.4815247253	0.5905837014	0.5469720367	0.5969099077	0.5959887417	0.559075795
0.485012863	0.5564531261	0.5138264921	0.5820400596	0.5912248806	0.5680322578
0.5379178785	0.5506151195	0.5581899854	0.5367527591	0.5894846803	0.5772429274
0.6132294585	0.5737720817	0.5443024432	0.5711120987	0.4939748354	0.5820558868
0.6070795626	0.4777207442	0.5841326387	0.6187935903	0.5637183976	0.5729990069
0.59554155	0.5514981954	0.5561920786	0.5958557557	0.5772418792	0.5784742216
0.6111652151	0.5088164083	0.6148194498	0.5958764334	0.5924449652	0.586275847
0.5578642354	0.5347991373	0.5436912438	0.5464453224	0.5924328119	0.5894945708
0.5048117088	0.5693910256	0.5748583295	0.5863341009	0.5552178949	0.5549646496
0.4064771013	0.5803564695	0.5844841569	0.5542411837	0.5840211294	0.5699064783
0.4962734634	0.4934113068	0.5468022038	0.6130024403	0.5593765467	0.5726023059
0.6302655678	0.5364645567	0.5162193521	0.5612932749	0.5603174376	0.5398627877
0.5604166667	0.5685197156	0.5341695456	0.5819357205	0.5547709536	0.5906156982
0.5818452381	0.5456885639	0.5773147332	0.5750257998	0.5618771558	0.5778380518
0.4939857528	0.567203997	0.582266949	0.6164630916	0.5422183419	0.6046839313
0.5356213639	0.5750538677	0.5814309057	0.5832799188	0.5787538085	0.5810800996
0.5663581559	0.5261754145	0.5889572001	0.5668425105	0.5597781029	0.5804723512
0.4721611722	0.4999939399	0.5666285104	0.5698210872	0.5952849979	0.6018210709
0.5335164835	0.4877549534	0.5946736736	0.5760979034	0.5530614063	0.5634079315
0.5076581915	0.5779562145	0.5321843053	0.5745046094	0.5666830065	0.5944868833
0.4610199849	0.489907825	0.5517406749	0.5858320902	0.5930894308	0.5605957632
0.6263363679	0.4975248404	0.578337757	0.4777763291	0.5745797327	0.5720019633
0.5596584788	0.6362394958	0.5591040904	0.5834331008	0.5626891899	0.5824021455
0.5961403792	0.4894634777	0.5799333836	0.5571815627	0.5728253201	0.6002407459
0.5387793579	0.5222048785	0.5840428907	0.5851886267	0.5709280176	0.5742467996
0.5599302658	0.6090663593	0.5452030812	0.565003415	0.5732807144	0.5521174788
0.5029387279	0.5460784314	0.5552731353	0.5696661762	0.5721939571	0.5430183776
0.5100274725	0.558952421	0.5880916469	0.5806029142	0.5641456991	0.5680012579
0.6112044818	0.5262560356	0.5402146329	0.6001243446	0.5410379898	0.576282727
0.5781593407	0.511665928	0.5392937944	0.5756127451	0.5595827947	0.5665553613
0.5746812828	0.5399978666	0.5963610714	0.5605391035	0.5248490712	0.6026444529
0.5825679631	0.5843717868	0.5628503441	0.5396247935	0.555886997	0.5579643443
0.5464002909	0.5331795859	0.5654522493	0.572574015	0.5680972704	0.6020183117
0.4794966063	0.5214645444	0.5437809195	0.5679372405	0.5996047906	0.5527120547
0.5143851247	0.5572324122	0.4972459322	0.5189426957	0.5951203707	0.5719776629
0.6309582166	0.4786888153	0.5400370713	0.551592022	0.5192883016	0.5693483638
0.4535714286	0.5019356461	0.5547386029	0.54731502	0.5839201184	0.5788300833
0.4701694139	0.5728769392	0.645490226	0.5782402781	0.5493568197	0.5847186678
0.4896520147	0.4750317665	0.5581113102	0.5731088136	0.5926325051	0.5547697807
0.5654990842	0.6072056674	0.5778943143	0.5868826301	0.5963942288	0.5572603809
0.4105214638	0.5596039377	0.5420146847	0.5967650083	0.5683962842	0.5887044461
0.5290750916	0.5646403433	0.581871597	0.5533516932	0.5707218014	0.5618965198
0.6262526603	0.602726001	0.6135466164	0.5405455451	0.5775785979	0.5523783417
0.5161087687	0.5523237179	0.5954291759	0.6161973631	0.6084672276	0.5824151281
0.5213639066	0.5306534152	0.5658475783	0.5653865468	0.6061276984	0.5702795119
0.5313873626	0.5742970265	0.569113607	0.5886410975	0.5874684685	0.5689234042
0.6402952848	0.594067595	0.5558205547	0.5593714088	0.5415572207	0.5779060207
0.4539377289	0.5850759535	0.5653038138	0.581224321	0.5821463122	0.5850878267
0.4926739927	0.5748042807	0.5563533803	0.6040631958	0.5854056925	0.5671252698
0.5071724844	0.5837788405	0.5787783703	0.5371097486	0.573888062	0.5642997233
0.4991987179	0.5827205882	0.5394814336	0.5804961889	0.6179604035	0.5570645894
0.5819475867	0.6028900022	0.5815299939	0.5746863737	0.5440649547	0.5587601599
0.5856155283	0.5730863499	0.6048416589	0.5605131796	0.5673264725	0.5410191075
0.5932234432	0.5604380956	0.5802284432	0.6011431707	0.5669608496	0.5746270433
0.4826236264	0.4549881491	0.5631735503	0.5464900763	0.5636111438	0.5752042649
0.5402203189	0.4733767458	0.5650293878	0.5488945899	0.5599293715	0.5658344839
0.5422996122	0.5494806256	0.5487103175	0.5856879071	0.5917456017	0.5767613117
0.5217436975	0.5560668498	0.5124931033	0.5551185844	0.5808879854	0.5618441103
0.5709626158	0.5479702863	0.5983301013	0.6069127381	0.5527120918	0.5985031064
0.3457188645	0.5906133877	0.5306638215	0.5394265763	0.5097480461	0.5822673203
0.5552009265	0.5997607376	0.5845121597	0.5615943493	0.6024712186	0.6071450928
0.4632783883	0.4817748836	0.5438022217	0.5922368551	0.5820285176	0.5836218847
0.5019667832	0.5288751689	0.5341517415	0.6025842009	0.5739731626	0.5668676866
0.4591575092	0.6006295175	0.5747230302	0.5620670384	0.5939538373	0.582407673
0.5368818681	0.5534684066	0.5785002035	0.5559747721	0.6037232268	0.5553141683
0.6178571429	0.5454757865	0.500105042	0.5875612568	0.6177444696	0.5585859114
0.4676248588	0.5274004794	0.5451203209	0.5399902471	0.6040308303	0.5660564472
0.5708333333	0.5619891546	0.5747449854	0.5142029029	0.5199733913	0.6001264579
0.499702381	0.5423613356	0.5836372369	0.540890713	0.5774804281	0.5791284464
0.4955495485	0.5366325056	0.5514394103	0.6098254982	0.5569832386	0.5646049513
0.5573364974	0.5403132407	0.6003676471	0.5774415772	0.5417868556	0.5997129064
0.5263736264	0.5290286919	0.5633958233	0.5659012846	0.5397183617	0.5562141745
0.5255494505	0.5634144042	0.5209654044	0.6027239987	0.5549807872	0.5398193263
0.5450091575	0.6229281608	0.5479378873	0.4906648499	0.5937733427	0.5759087423
0.3958770396	0.5508484163	0.5446759259	0.5624042431	0.5966090188	0.5966716093
0.5940247253	0.5760548146	0.5419448686	0.5411124721	0.6092532377	0.5717888194
0.5490351152	0.526662798	0.5625008978	0.5607414558	0.553336824	0.5681155274
0.5483516484	0.574793956	0.5724016917	0.5438247414	0.5545802714	0.5688985874
0.5605769231	0.5569386088	0.5644399145	0.5195008117	0.5711086871	0.5897028857
0.4970009158	0.53034911	0.6119125428	0.5949196497	0.5532140164	0.583143821
0.4725880737	0.5542937047	0.4982665211	0.5723618293	0.5539396448	0.5812630249
0.5812706493	0.5300864458	0.6065774983	0.5691444982	0.5775092052	0.5654699822
0.5331043956	0.5054703262	0.539089554	0.5679549311	0.5215006399	0.5630947576
0.4814437197	0.5604864466	0.5662725347	0.5730717608	0.5874682181	0.5875660932
0.5320512821	0.5960930205	0.5355752907	0.5674942586	0.5705607628	0.5590547116
0.4783290003	0.5894123034	0.5658356077	0.572832558	0.5557790971	0.5698266459
0.5343271924	0.5813861577	0.5443371343	0.5909022946	0.6208962073	0.5628620099
0.6194826007	0.4734219212	0.5701599871	0.5779722626	0.5542582121	0.5675143048
0.4721638655	0.5328599237	0.57083468	0.5970137093	0.5755595531	0.5743438016
0.497306615	0.5235824225	0.5376248615	0.5415835594	0.5389660907	0.5777879916
0.3611471861	0.5619451627	0.5774634078	0.5779500835	0.5852373865	0.5572608059
0.4585016699	0.5637896825	0.5773754002	0.5672027303	0.564440239	0.554217496
0.5669611434	0.5140980751	0.5871043559	0.5633741984	0.5656695708	0.5669464976
0.4580898268	0.5735664458	0.5683275874	0.5640146473	0.5812249043	0.5575072739
0.3819493007	0.5279532967	0.5780416479	0.5295179086	0.58418433	0.5893912454
0.5526327839	0.570908136	0.5799311391	0.5714294043	0.5896191034	0.5704318516
0.4671932234	0.5839057603	0.5711321358	0.5598370933	0.5860309556	0.5799089492
0.5354247468	0.5989087302	0.5215762838	0.5612941528	0.6051400371	0.5737646777
0.5474358974	0.5709029941	0.5915562221	0.511389652	0.5789702811	0.5718687431
0.5239468864	0.5462513181	0.5898755341	0.5992023623	0.5936758658	0.5831509701
0.6254120879	0.5214215319	0.5333773253	0.5433142403	0.5621091572	0.565727374
0.482009657	0.5784111722	0.5904099813	0.5684669766	0.5825428072	0.6005559106
0.4591991342	0.4913284815	0.5933174754	0.5822359916	0.5291697995	0.561146716
0.5010504202	0.5733341413	0.5763861955	0.5498990335	0.5335284568	0.5619693795
0.5416240214	0.5661212562	0.5799070483	0.5637923641	0.5428756211	0.5605863237
0.5700746965	0.5271789485	0.573458486	0.6189999532	0.5813680764	0.5798522902
0.5188227214	0.5694035948	0.574522121	0.5324430369	0.5769356555	0.5929860832
0.5470049558	0.5177541209	0.5789004704	0.6090026631	0.5715070121	0.5461203013
0.4792124542	0.6193685571	0.5778714162	0.5590329519	0.5773110275	0.5813249616
0.5038461538	0.5495825253	0.5394764957	0.5224640658	0.5560932532	0.6025984376
0.6011554622	0.5846621956	0.5441694199	0.5956050571	0.5761501154	0.5865753491
0.5077794754	0.5000733915	0.5815372128	0.5486238499	0.61973086	0.5781992098
0.4742153272	0.5569940831	0.5801988317	0.5911829323	0.5781856461	0.578319023
0.5778900022	0.4813489615	0.5784788454	0.563375385	0.5280943424	0.56886853
0.5604199722	0.532959827	0.5689681642	0.5692795278	0.564996938	0.5859883211
0.5717948718	0.5617791318	0.5854166509	0.5600127593	0.6013532731	0.5612774324
0.4580586081	0.5569372148	0.5915316981	0.5437507856	0.5688059326	0.5801953301
0.4517815518	0.5445326732	0.5419104316	0.606061463	0.5625239595	0.5669380738
0.4784694472	0.592108443	0.5843005578	0.551634548	0.540329401	0.5995701781
0.4955128205	0.5716198018	0.5582018064	0.5036917669	0.5366223959	0.5978708359
0.5608516484	0.5621565934	0.5740983704	0.5759812749	0.5842285106	0.5873295016
0.5006701632	0.5186481207	0.5562778631	0.549522067	0.5377642537	0.5504324992
0.5442024887	0.5637115744	0.5825970054	0.5754000799	0.5496852331	0.5947368539
0.5175054113	0.5844044028	0.5677376137	0.5438671553	0.5747858643	0.6047816331
0.5645514616	0.5681570751	0.6026468493	0.569344728	0.5819430067	0.5590439806
0.5261961722	0.5750091788	0.6008942855	0.5420859369	0.575246629	0.5579743453
0.4984432234	0.6044591234	0.573741441	0.6187946223	0.5704190907	0.5940749475
0.5245503271	0.574747944	0.5893252173	0.5204368172	0.5577810751	0.5650811559
0.4821585277	0.5473299576	0.6076182783	0.5614437324	0.5036598287	0.5872772122
0.5511925574	0.5931547619	0.5464082608	0.5712604593	0.5867551742	0.5938464204
0.3790147353	0.5551367342	0.6200898567	0.607461852	0.5617761693	0.572449972
0.4688186813	0.5720134849	0.5659756838	0.5841338239	0.5726120109	0.5850469736
0.5890231092	0.5527526395	0.5449355383	0.5652474004	0.5556210001	0.5729945203
0.5004120879	0.6308152428	0.5737840863	0.5652060664	0.5362935186	0.6007398398
0.331968032	0.5679339516	0.6066860134	0.5504589462	0.5773317438	0.6049736632
0.5406903146	0.5423927584	0.5694362225	0.5843905697	0.5704741324	0.5661626115
0.4874895937	0.4759205868	0.5734387345	0.5217592967	0.578902885	0.5782381222
0.3996898934	0.5446272478	0.607339175	0.5908181382	0.5652822668	0.5656447442
0.577014652	0.5909566408	0.5940621599	0.550570037	0.5829574029	0.5606371651
0.4235597736	0.5429265383	0.5632996361	0.5465837643	0.5766652989	0.5695614501
0.4979039343	0.5497664434	0.5459623166	0.5829483033	0.5901045523	0.5794424409
0.4546703297	0.5662460497	0.606153487	0.5739728103	0.5402371171	0.5700885389
0.4161005661	0.5076913014	0.5477406988	0.5588420464	0.5517017662	0.5685948557
0.4716117216	0.589347355	0.5476803812	0.5808347107	0.5723303004	0.5698639037
0.4744734432	0.5537092605	0.5775543765	0.5971257093	0.5662938124	0.582850003
0.3723276723	0.5599947567	0.5937746342	0.6126573268	0.5605966548	0.5685343784
0.5923911872	0.5495180677	0.612280938	0.5860689856	0.5127839807	0.5666065842
0.4430631868	0.5434952507	0.5693154612	0.558461594	0.5888492063	0.5810672414
0.4705128205	0.4886861913	0.5467578732	0.5978690835	0.580800285	0.5499541132
0.5122481685	0.4888843999	0.5888439991	0.5823474304	0.5655456729	0.5739178877
0.4769438894	0.5430076255	0.5855881455	0.5713499376	0.5433440416	0.5576515609
0.5089514652	0.5682694552	0.5507600515	0.5432863399	0.5821789107	0.5886236921
0.5471361971	0.5804264975	0.5559740369	0.5578155301	0.5598733851	0.5482851297
0.5395604396	0.5271378744	0.6003067466	0.5663626508	0.6142185511	0.6121394077
0.5602949682	0.5194264885	0.5463756173	0.5650457719	0.5665552503	0.5749891981
0.526752047	0.5172625169	0.6017891558	0.5723457813	0.5970173076	0.570157714
0.4825778388	0.4905560942	0.5683415534	0.5446878586	0.5314278532	0.585666772
0.5892857143	0.5606202009	0.5477426441	0.5662977851	0.5835536522	0.5988169212
0.550070028	0.524822461	0.6251434661	0.5732188574	0.587283573	0.5639523679
0.529739011	0.5343844268	0.545718742	0.558527009	0.5339880531	0.5946007368
0.6032738095	0.5822660795	0.5461900572	0.5662398774	0.6094186588	0.5737439923
0.4350649351	0.5304686735	0.555674638	0.5961159261	0.5713118581	0.5669471756
0.5675770308	0.6034552704	0.5157397749	0.5754298076	0.5715936948	0.5831686636
0.5174762737	0.5636561355	0.6004999222	0.5516628286	0.5658151081	0.553282758
0.4065268065	0.5488726755	0.567747163	0.5711268001	0.5999900345	0.5652286093
0.5086080586	0.5594008116	0.5482554053	0.5791903106	0.5622977513	0.5576910909
0.5584060547	0.5796896086	0.5602702445	0.5743000958	0.5701657656	0.5966294226
0.6057948179	0.5409860425	0.5672313797	0.5284034287	0.5633239963	0.5800149032
0.4973007385	0.5832778945	0.5390497281	0.5603595267	0.5816249334	0.5856243196
0.4565018315	0.6200527951	0.6077972001	0.5790265274	0.5561740629	0.5642619818
0.5298884939	0.4978049868	0.5338507897	0.5808126573	0.5794637479	0.5670402916
0.3737262737	0.5169171515	0.5685035553	0.5945939037	0.5685130719	0.6033048346
0.4887321012	0.4890483903	0.5459160801	0.5540702659	0.5888440846	0.5987489439
0.5917124542	0.5669245583	0.5036374688	0.5647325622	0.5579868695	0.5934246339
0.4961072016	0.5494536746	0.5627146682	0.5869926218	0.538749445	0.5900957664
0.5162597615	0.5421696241	0.5683943078	0.5894418184	0.5801367342	0.5794748185
0.5618131868	0.5613211715	0.5971520446	0.5990782137	0.5383064532	0.5800158012
0.4614468864	0.5659987072	0.618992507	0.5778427675	0.5536376291	0.5595143934
0.5970695971	0.567727187	0.5641650518	0.5641856714	0.573006389	0.5985860225
0.5303113553	0.610967015	0.5689579076	0.6105237228	0.5704727582	0.5583997899
0.5888278388	0.5438988095	0.5772541506	0.584396996	0.5931668074	0.5847905476
0.5929137039	0.5042932117	0.5720032125	0.592636928	0.5857486713	0.5540824131
0.4756410256	0.6168365744	0.5476543609	0.5681530785	0.5818757631	0.5805141908
0.4783799534	0.5979810222	0.5532671863	0.5304484516	0.5733005638	0.5719837073
0.5755731476	0.5474085147	0.5807211751	0.5937002846	0.6009134923	0.5502017584
0.5197559793	0.5287148513	0.5430815895	0.5662932962	0.555353821	0.593532202
0.6038398693	0.5946516106	0.5241816054	0.5875152389	0.5840729558	0.5618710725
0.5521129606	0.5383033289	0.5675291964	0.6162192753	0.5674420686	0.5645931146
0.4769230769	0.5804199885	0.5421064352	0.555124803	0.5922872131	0.5802006641
0.5321428571	0.5551600564	0.5440058694	0.5836931011	0.5842364962	0.5637343524
0.5830886842	0.5195905606	0.5419250548	0.5857877927	0.5913981362	0.5775660528
0.5086080586	0.580104638	0.4764220064	0.5847514006	0.5929804101	0.5877777965
0.4373843069	0.5969369479	0.5654904328	0.5561537319	0.5927423149	0.5685934877
0.5882554945	0.4157020063	0.5936059039	0.5893830252	0.5601377059	0.6024953953
0.5694139194	0.5713567478	0.556934868	0.5885413746	0.5660974157	0.5774409464
0.5527903469	0.5650324553	0.562089117	0.5599953764	0.5615448359	0.5855002112
0.5611034799	0.5954860639	0.5926836995	0.5177265137	0.5417441537	0.5668883842
0.5197448385	0.4777309195	0.5860995701	0.564483372	0.5588884572	0.6116113483
0.3868152681	0.6296374302	0.5634253231	0.5389176715	0.5443791735	0.5855779566
0.4649350649	0.5867121849	0.5478327636	0.5542616697	0.6071385477	0.5787534962
0.5636904762	0.6069734273	0.5735596454	0.5888302852	0.5521932153	0.5717566231
0.5916760935	0.5562598757	0.5628596299	0.562804098	0.5668099303	0.5731799521
0.4728021978	0.568213343	0.585229311	0.515922495	0.5590282361	0.5628480212
0.4174658675	0.5734048427	0.5884278711	0.5818849183	0.5439174499	0.5660187138
0.578539108	0.5891876538	0.6064684635	0.5824328755	0.5811839128	0.5725949395
0.4698717949	0.5077237305	0.5611604741	0.5659054691	0.5920791515	0.5674687643
0.5062896662	0.5732986784	0.5307024131	0.5348305424	0.5488558951	0.5548046881
0.5423575199	0.5863072557	0.605829383	0.5526309077	0.5445434712	0.581668531
0.5481227106	0.5712986156	0.5198977028	0.6073977837	0.5574430441	0.5751485803
0.5521398944	0.5775113335	0.5457239248	0.5538316769	0.5867296601	0.56336514
0.4728084416	0.4727767298	0.562653039	0.5924643398	0.5657303846	0.6139702495
0.5273809524	0.5302494075	0.5905538497	0.5897292368	0.5504063012	0.560940526
0.4314393939	0.5797290053	0.5313325413	0.594064116	0.5684335517	0.58079366
0.4664481352	0.5545915482	0.5809008444	0.53187895	0.5832303893	0.5886626718
0.525297619	0.5834363553	0.570414512	0.5382604324	0.5266092636	0.5809432907
0.506753663	0.5956326761	0.6063031038	0.5803592928	0.5690370062	0.5586313233
0.5370421245	0.6002569702	0.606299678	0.5710970332	0.5539837356	0.5747361877
0.4844301532	0.4910586855	0.5730885944	0.5616311589	0.5809075715	0.5731724755
0.4923642534	0.4861092339	0.6008059915	0.587657512	0.567164546	0.5743760774
0.5224837662	0.5450821152	0.5793568496	0.6176795271	0.5869595085	0.5787191627
0.5985644258	0.5601533883	0.5011927207	0.5721819337	0.5627005257	0.5493848996
0.5785714286	0.5677915093	0.5703044777	0.5322946957	0.6073710058	0.5747223236
0.4977158806	0.5780091844	0.5794840372	0.5200038932	0.5885048925	0.5701568802
0.4954212454	0.6058902086	0.6134530645	0.5557170464	0.5436663289	0.5594266028
0.5036051302	0.5270737411	0.5368366791	0.5982991784	0.6018292479	0.6113018636
0.6064192344	0.5343278658	0.593453578	0.5591787754	0.5968730981	0.5724491777
0.4061355311	0.5645272211	0.5597897065	0.5740146802	0.5913939165	0.5391497269
0.4800865801	0.6030946994	0.5496540203	0.5758524682	0.5903422489	0.5935473653
0.5382065647	0.5463259779	0.5493821674	0.5780082453	0.579802074	0.586306906
0.5292707293	0.5711767399	0.5760878204	0.5698277004	0.5941553923	0.5540929244
0.4847985348	0.4960400506	0.5199489236	0.6025268854	0.5341700263	0.5722805117
0.3883387446	0.5762995583	0.5998107306	0.5939511705	0.5901318698	0.5790690905
0.4198551449	0.5602759373	0.5269789056	0.5623612907	0.6171870428	0.6072566252
0.615513449	0.625712235	0.5376829053	0.5429293031	0.5768448979	0.5750584587
0.4857371795	0.5657481773	0.6066273732	0.5788040659	0.5691850225	0.5581009962
0.5481684982	0.5320247735	0.5877606598	0.5941291058	0.5747561589	0.5538932361
0.581407563	0.5757429458	0.5795812826	0.5823647661	0.5630348543	0.6013993388
0.5408380019	0.5545558608	0.5547601092	0.5530913327	0.5703103583	0.5617489214
0.5938873626	0.5918861775	0.5855585183	0.4705467225	0.5771395353	0.5790728825
0.6341763629	0.4760186086	0.5795943006	0.5810107886	0.5756149376	0.5515916013
0.5754084967	0.5800595238	0.6141172281	0.5687538731	0.5551502011	0.5789685233
0.5525210084	0.5506750398	0.5688349598	0.5553885759	0.5662816922	0.5771794021
0.5259682719	0.5105077521	0.5758600855	0.5543228003	0.6114528875	0.5880831084
0.3997668998	0.4850063743	0.5766201814	0.6002433202	0.5930749479	0.5418894463
0.546887059	0.5748826133	0.577252529	0.600992594	0.591421219	0.5455779392
0.5004807692	0.5797702094	0.5372917116	0.5890353417	0.6118418217	0.5672191579
0.5431089744	0.6272388763	0.4751363832	0.5971746273	0.5733710407	0.5818382789
0.513003663	0.5500247914	0.5773311248	0.5757362982	0.622445759	0.584714484
0.5097751921	0.5590799927	0.5913856096	0.563611765	0.5693863395	0.5980099263
0.5692478273	0.5331302072	0.5729087361	0.5621276395	0.506701493	0.5524710657
0.4862637363	0.5527306919	0.567533787	0.5875083046	0.5615968075	0.5838519098
0.4645426941	0.5350559711	0.5573333257	0.6005526932	0.5842680183	0.5860303379
0.5722177332	0.5863826941	0.5766522421	0.5673811585	0.5692096874	0.5564503479
0.4254370629	0.5632130737	0.5745735474	0.5887894581	0.5477846255	0.5572061068
0.5588760504	0.5430434353	0.5136581556	0.5737338846	0.548778375	0.5899498841
0.4661234599	0.5660855688	0.5818331887	0.5290794683	0.574421494	0.6032999117
0.5045787546	0.6030540506	0.5938147071	0.5566383984	0.577393119	0.573514448
0.6176995798	0.4594769814	0.5657979004	0.541756589	0.6007376804	0.5899140905
0.5149267399	0.5877999419	0.6276390684	0.5550507161	0.5949668718	0.6090276167
0.5317307692	0.5760558563	0.5839273744	0.5919390352	0.5460320472	0.5795946657
0.4041042291	0.5394754143	0.5912526178	0.6025810425	0.5767958594	0.57441731
0.5573340875	0.5611856281	0.5935684958	0.5565782472	0.5960373777	0.5777998837
0.4034465534	0.5464411545	0.5785712632	0.5704548005	0.588263091	0.5734466669
0.4469654528	0.5217032967	0.5587338995	0.5705356139	0.6129112657	0.5905998098
0.5263965201	0.4791451701	0.5654990842	0.5575136465	0.5908996641	0.6022544578
0.4555369875	0.6149031728	0.5931224406	0.5823847775	0.5678904279	0.5588468966
0.5503932342	0.5807106615	0.5699883192	0.5272916932	0.5849415961	0.5983550462
0.51128663	0.5718292125	0.586989635	0.5587703055	0.5657979997	0.6111982587
0.593697479	0.5086122211	0.5796578944	0.5651511001	0.5716827454	0.5911133603
0.4303475936	0.5215214932	0.5518461658	0.5793796331	0.5788537662	0.5626646908
0.4032894737	0.5360299423	0.5529262132	0.5734464661	0.5588507326	0.5716051565
0.5437271062	0.54558149	0.6166637843	0.5435613567	0.596355765	0.5925169447
0.5798305861	0.5666215761	0.6129474012	0.5935070342	0.5550539983	0.6009575856
0.6289377289	0.6127750442	0.528553051	0.532031784	0.6065671218	0.5747588145
0.6179796919	0.510622236	0.5489990531	0.5802703166	0.5135699595	0.5789379227
0.5243881119	0.5838740186	0.5679813378	0.5774650084	0.5562330111	0.5839676289
0.5446886447	0.5071327569	0.5868054453	0.5776883693	0.52402731	0.5601742927
0.5067162005	0.5911825307	0.5622233295	0.5669606945	0.560202311	0.5657035753
0.3769230769	0.6487715447	0.5148576913	0.5508103212	0.5400136675	0.5739392032
0.496824499	0.5928151355	0.6091953662	0.5597713051	0.5862292657	0.5832550409
0.5230957768	0.5116185897	0.6020342539	0.5935584625	0.5484573502	0.5577722886
0.4140742836	0.5515088057	0.5901963462	0.5957493895	0.557148603	0.5748372747
0.5725045788	0.5916414812	0.5156468897	0.5413138069	0.605458485	0.5669870579
0.4597402597	0.6195430956	0.6010962786	0.5913233605	0.612855248	0.5924120346
0.5511795587	0.5051261239	0.5474230047	0.5715939139	0.5666338237	0.579121494
0.4896103896	0.5502861722	0.5561833978	0.5777094401	0.5845665867	0.5831916684
0.4710622711	0.6174488298	0.5137006097	0.5930690225	0.5770679858	0.5966877741
0.5519661711	0.544737799	0.5384583962	0.5348942273	0.583149635	0.5666573912
0.5478165625	0.5359674639	0.5592230482	0.580020183	0.5544996447	0.5795828632
0.4935322847	0.5539318933	0.569276788	0.5254403378	0.5983190159	0.5819884852
0.5593872502	0.5785337212	0.5639713837	0.6050450469	0.5134392903	0.5836735386
0.4430569431	0.5310175731	0.5789345867	0.5865883418	0.5540490633	0.586371441
0.6075235222	0.4826433983	0.5739670868	0.5964239702	0.5213551387	0.525582393
0.5433510117	0.5124084249	0.4952491952	0.5672595583	0.5395056904	0.5560096154
0.5047847985	0.4903107309	0.5350293089	0.5121943926	0.5967070155	0.5827742764
0.4936368778	0.5823430654	0.5651688589	0.5310039021	0.5957591819	0.5646521981
0.6030448718	0.5344941823	0.5648501782	0.5478715525	0.6009154201	0.5973751807
0.5603250916	0.6178903613	0.6009456774	0.5809905786	0.60525006	0.5839800344
0.5500161603	0.5789148352	0.6019832292	0.5634392531	0.5631148904	0.5730494022
0.567151476	0.5472803544	0.6052343497	0.5598372458	0.5799925294	0.5336029012
0.5567814538	0.5663081984	0.5859250155	0.5818849655	0.5613220032	0.6056187225
0.6128501401	0.5927525497	0.5226700723	0.5425729907	0.5428288623	0.5623987251
0.5153504584	0.5452192415	0.5486028147	0.5651903904	0.5830276341	0.5759669158
0.5007721445	0.5774853211	0.5693391576	0.5350161379	0.5318076205	0.5807891665
0.5058608059	0.4722196513	0.5980883109	0.5730620993	0.5805876305	0.57727392
0.5520685197	0.5743488742	0.5007923857	0.523378012	0.6133955505	0.5787020045
0.5530875987	0.5912669234	0.5890429946	0.5921861887	0.6019784709	0.5922148287
0.6267215219	0.5735284936	0.5714519685	0.5589362145	0.5744019134	0.5736245379
0.5735002334	0.5899765676	0.5360356963	0.5677047422	0.5914031686	0.5773341105
0.4580033937	0.4781631971	0.564860437	0.6059153469	0.5951762956	0.5753682283
0.6060210623	0.546482684	0.5804986637	0.5708160508	0.5712355769	0.5954615186
0.5044871795	0.5416732981	0.5618356159	0.5573930971	0.6072901664	0.5955278184
0.5334567393	0.5679146834	0.5784201501	0.5566442523	0.5467921423	0.5594217261
0.5350274725	0.5253373819	0.6012838469	0.609259273	0.5816322197	0.5826218757
0.5128191661	0.5652307864	0.5280112045	0.5730451636	0.5633980644	0.555041249
0.609214968	0.5648695055	0.5769877182	0.5985161693	0.6255168181	0.5920087478
0.5685571781	0.5729085865	0.5010172834	0.5579914861	0.5653005165	0.5673140052
0.5401897939	0.5567974305	0.5524563672	0.5714961128	0.5978800856	0.5980315962
0.4548534799	0.5537129022	0.6008391505	0.5772515636	0.5495867286	0.6107563829
0.5414606227	0.6489306907	0.5379825784	0.5912906028	0.5157310663	0.5888453789
0.6	0.538316769	0.5874886122	0.5620634966	0.6385067212	0.5819725029
0.5268772894	0.5527337858	0.6011981074	0.5782272364	0.5646679589	0.5830144625
0.5782738095	0.5560527095	0.5878634573	0.5112234579	0.5800348959	0.597694427
0.4981203845	0.5888621795	0.5717402559	0.5609571586	0.5509366695	0.5530511802
0.5489239927	0.5591357752	0.5891423348	0.6467807079	0.5261617223	0.5882504617
0.5446657509	0.6347962431	0.6214577362	0.5547548185	0.5894577318	0.5540664727
0.4642628205	0.5849054948	0.5568714238	0.5934493095	0.555754058	0.5868225357
0.5206264324	0.5447842652	0.585060242	0.518907504	0.5785276978	0.5553023073
0.501627131	0.6089025354	0.5490811068	0.5503473344	0.5619635675	0.5870881365
0.4816163004	0.57743078	0.6315505959	0.5840406245	0.5786000016	0.5856861398
0.3857364449	0.4374493154	0.6108664147	0.604241349	0.5918087782	0.5666206126
0.4333333333	0.5821098632	0.5791823623	0.5724910469	0.5961283015	0.5823586445
0.5257716548	0.5439919149	0.577361823	0.5865848081	0.5692450687	0.5463454058
0.5874771062	0.515105544	0.6072728878	0.5949148182	0.541404535	0.5693838169
0.554235348	0.5134417666	0.5662319527	0.540897593	0.58568403	0.5754800643
0.493922091	0.5638264921	0.5012672391	0.5555746337	0.586437646	0.5861533264
0.5371754471	0.5048401354	0.5379558214	0.594175862	0.6319031648	0.6028946163
0.5657536091	0.5654678622	0.5709742872	0.5498014633	0.557653684	0.5831341706
0.4705815018	0.5625394214	0.5511504849	0.5660490487	0.5745801816	0.5720659161
0.4035762032	0.5467490842	0.5309511159	0.5840995896	0.6017751233	0.5752545603
0.478021978	0.544339178	0.5599812203	0.596884124	0.6177823187	0.5575258116
0.5340888278	0.5753097393	0.5718853128	0.5541830514	0.5462668133	0.5879396762
0.4102564103	0.5560148185	0.5222218499	0.5524952006	0.5598218775	0.592776561
0.5779990842	0.5260151688	0.5772580017	0.5623771111	0.5839222869	0.5911298301
0.4646769897	0.5708441069	0.54012216	0.5549803997	0.5675435431	0.590590834
0.568040293	0.5272680547	0.5950452347	0.5761973219	0.6020511356	0.5823285637
0.5056022409	0.5580013736	0.5844405666	0.5672284796	0.5830250387	0.5789647006
0.5695283883	0.5597024707	0.6076420154	0.5365262291	0.5632993069	0.581852522
0.4978021978	0.5673424346	0.5348260672	0.5592164463	0.5784218856	0.5719200221
0.5090659341	0.5891923436	0.5806251347	0.5663638123	0.5648693451	0.6165105354
0.4717261905	0.5363862853	0.583735514	0.5657129463	0.539417142	0.577968968
0.5461309524	0.5729471917	0.5291933965	0.5477371689	0.5517139654	0.5687298544
0.4249190352	0.525912381	0.5923708372	0.5632097113	0.546160361	0.5862312219
0.6287815126	0.5651534332	0.5696430977	0.5749857593	0.5833052323	0.5644535184
0.5321043336	0.5440819597	0.5434469942	0.5625359118	0.5735456619	0.547390629
0.3392107892	0.6199770613	0.5821634907	0.5988641357	0.583228641	0.5694451425
0.568802521	0.5350689955	0.5488834423	0.592809099	0.5532284472	0.6089467967
0.4568452381	0.5228936505	0.5033124147	0.525072905	0.5763795235	0.6004604035
0.5059995152	0.5185897436	0.5681041861	0.5637764696	0.6159248375	0.5974074751
0.3956817692	0.6009918154	0.5819954534	0.5593928023	0.5606890564	0.598306709
0.5504026611	0.5403005695	0.6086577094	0.6039418576	0.574763431	0.5714956232
0.56458468	0.555527275	0.5216551236	0.5859594842	0.5843779178	0.5679657761
0.5989940207	0.4986263736	0.5650382978	0.5150738661	0.5648175354	0.5704870897
0.4520895771	0.5740647424	0.5764559636	0.5981128703	0.5982076373	0.5736265296
0.6406454248	0.5096346636	0.5462148962	0.5439210606	0.5939754647	0.5816943755
0.4925818054	0.5674030594	0.5731288456	0.609638113	0.5925322119	0.5606767083
0.4793110076	0.5717338765	0.5984057838	0.5811687496	0.5640731164	0.582590408
0.4571415105	0.5704760281	0.5993608645	0.5787342903	0.594055536	0.5405589186
0.4971368501	0.5369560447	0.5471363174	0.5956717302	0.5874354863	0.5918575551
0.4966387779	0.5281732565	0.551047686	0.5480259345	0.570883161	0.5643715175
0.4297369297	0.5856173239	0.5374965585	0.6138798873	0.5793250334	0.5600305983
0.3919511861	0.5205815018	0.5937122217	0.5839663792	0.5724765023	0.5945464907
0.5043629573	0.5401624111	0.6255660598	0.5859147421	0.576065952	0.5510724398
0.5452380952	0.5461808412	0.5870552922	0.5818938608	0.5880852678	0.588379154
0.519245338	0.5805166003	0.5862000064	0.5783942558	0.5786241858	0.5546701828
0.4475983575	0.5886866606	0.5395650782	0.607847514	0.5753445003	0.5914337786
0.5496108059	0.5680319884	0.6033158248	0.5464020865	0.5592940638	0.5672960087
0.5119047619	0.6043251393	0.5634084032	0.5517843595	0.5575201909	0.5313006335
0.5779761905	0.6010955226	0.5683479375	0.5782484758	0.5904871767	0.5626113833
0.5566270739	0.5741055717	0.5552673634	0.5838092119	0.595156755	0.6001509501
0.6561539359	0.5352583079	0.596529587	0.5835654848	0.5934658904	0.6003402854
0.539217033	0.4876137955	0.5531123561	0.5753751967	0.5828035711	0.5880603102
0.5184981685	0.6053708643	0.508028083	0.6218055331	0.5761861423	0.5709084728
0.5460205236	0.5478042178	0.5661422047	0.5804129066	0.595902851	0.541388464
0.4191641692	0.5800447102	0.5805331107	0.5840791234	0.5876849032	0.5676743587
0.5638951735	0.554984109	0.6105824752	0.5916769913	0.5942731065	0.5885637795
0.5730311355	0.5278123193	0.5805076732	0.5796781204	0.6007543793	0.5613177515
0.4238095238	0.6107766588	0.5485974265	0.5930040623	0.5908386256	0.5909372946
0.545751634	0.5836235456	0.5424458504	0.6015132201	0.5837181047	0.5949922624
0.5228438228	0.4979709661	0.570224329	0.5014606411	0.5862879278	0.5723394096
0.4703862314	0.615560784	0.5602903768	0.5759056931	0.6039655842	0.5552111
0.4375765166	0.5276819382	0.5765319376	0.5990582189	0.6118501382	0.5578953805
0.4282967033	0.5705310009	0.6246621298	0.5784782705	0.558509046	0.5497220543
0.5082130288	0.5777182989	0.5504435107	0.5757784178	0.5871751791	0.5691912102
0.426048951	0.5594322226	0.5855462484	0.5885746488	0.5457640236	0.5506899757
0.5332144979	0.5691712699	0.5330086308	0.5831898698	0.5329136378	0.6092600468
0.4682234432	0.5849954129	0.5555609423	0.5572559675	0.5646469432	0.5838364237
0.3877872128	0.5856476244	0.5735495577	0.5614524977	0.5858003701	0.6013272978
0.5446886447	0.5870760872	0.5546041764	0.54591482	0.5511085075	0.5901953507
0.5147664835	0.5933639481	0.5380106879	0.5673056605	0.559254471	0.6041475413
0.5525641026	0.4994877467	0.5370916293	0.5697114144	0.5687130108	0.5715964142
0.4892628205	0.5595025889	0.5659933204	0.5689742635	0.6007611128	0.5566170162
0.6296272355	0.5782428356	0.5752567694	0.5486738445	0.567556202	0.5645831035
0.6127828054	0.5460562722	0.5448725953	0.5370404412	0.5605896718	0.5801205526
0.5815018315	0.5626109765	0.5492596184	0.6023746028	0.552595927	0.5510357601
0.5952838828	0.5548678446	0.5561674029	0.6044318529	0.5706690132	0.5705009765
0.5656337535	0.5623926115	0.6250670747	0.5641685928	0.5975859804	0.5760257379
0.4530000637	0.5929957523	0.6203169909	0.5416131367	0.5929471591	0.5553464086
0.5376602564	0.4949175824	0.5200286641	0.540814801	0.5793262212	0.5698209758
0.4566766567	0.5965733409	0.5583444061	0.5706995914	0.5719212105	0.5915559
0.5538113847	0.5545532286	0.5735098572	0.5799491364	0.6235808743	0.5848363704
0.5946545285	0.542353031	0.569150582	0.573808626	0.5882035878	0.5779922406
0.5587737018	0.5007150937	0.5548545273	0.5441460704	0.550984229	0.5671861947
0.6152957337	0.5079277952	0.5900295375	0.6035339338	0.5704301327	0.573436516
0.4830675173	0.5726811179	0.5603309272	0.5814086853	0.5662001397	0.5377393444
0.6333333333	0.5080841952	0.5354270729	0.5410310514	0.5630772822	0.5988601231
0.4881580837	0.5993537884	0.5225609902	0.5725328593	0.594969728	0.5904658706
0.5643180349	0.619925887	0.5750077888	0.5948203016	0.5583182749	0.5525556394
0.5244814031	0.5149374523	0.6072860948	0.5407525991	0.5865080181	0.5756011668
0.5189170715	0.5994833898	0.5615065898	0.5719498569	0.5640907841	0.6231450067
0.5322438591	0.4909515729	0.5487503008	0.5695956107	0.6084070234	0.5675454757
0.5688873626	0.5229907756	0.5254931751	0.5474673203	0.5447415794	0.5809737178
0.4542124542	0.5993690746	0.5523063803	0.5469272643	0.5723422656	0.5984447591
0.5096243626	0.606477024	0.6019170129	0.557349663	0.5513789968	0.5686437294
0.5809375673	0.5485597123	0.560067259	0.5731644286	0.5388294549	0.5736488464
0.4903908591	0.5930773271	0.5873111638	0.578921516	0.6170141795	0.5779747989
0.5075320513	0.5650647759	0.5791328497	0.5932270876	0.5466371129	0.5971178984
0.4684648685	0.5344665751	0.5196015586	0.5877455115	0.5360145981	0.5806558577
0.4868732983	0.5613606165	0.5812586701	0.6071558752	0.5727870904	0.5497355491
0.5318910256	0.5671143796	0.5703871528	0.6150857501	0.5616727717	0.6081688809
0.5214285714	0.5039377902	0.6064572646	0.586068977	0.5406083365	0.5806352845
0.4969551282	0.5854859977	0.6197443159	0.5541382503	0.5863457105	0.5621044298
0.5901493931	0.5522224679	0.5445701279	0.5368516288	0.5918744164	0.5481174946
0.5221736597	0.5195321223	0.607989659	0.5995104714	0.6083690656	0.5834364112
0.4671328671	0.5828870465	0.5662707391	0.6253499865	0.5556714609	0.5695675689
0.5502518315	0.6210638422	0.4986416361	0.5940083346	0.5855878667	0.5693337543
0.5522664835	0.5476257811	0.5939445996	0.565403918	0.5838425627	0.5979739913
0.4712454212	0.5924062253	0.6149871206	0.5884616453	0.5816081777	0.5670761956
0.5968891403	0.5605957768	0.5557865724	0.5811695351	0.5641202885	0.5397291879
0.4648917259	0.5677583854	0.5635481757	0.553079998	0.6241639969	0.6003005274
0.5986007865	0.5322475319	0.6097885882	0.6034360742	0.6125237821	0.5388209204
0.4637362637	0.5215332913	0.5508942038	0.5908370021	0.6116874246	0.5824331639
0.6211336458	0.568101996	0.5562595765	0.5876059693	0.5796764347	0.5784564913
0.4412313177	0.6415831481	0.6043978489	0.6014268089	0.5436129067	0.5788082834
0.570260989	0.4690901011	0.5313128457	0.5888058428	0.5124674998	0.5663067288
0.4420392108	0.5553854234	0.5218946767	0.5893485481	0.6040773077	0.5450225505