0.646374774	0.62347722	0.492729946	0.462973145	0.439804764	0.502917753
0.657178415	0.621657766	0.520029532	0.441448464	0.487010885	0.492231093
0.591047017	0.523537352	0.532241561	0.496518836	0.434923448	0.427973823
0.565126516	0.552572378	0.415596049	0.570586648	0.458298845	0.445558484
0.672270046	0.506801931	0.528982969	0.535911676	0.463256	0.474175385
0.691768816	0.595011707	0.542181657	0.589028091	0.528927295	0.469627362
0.703217008	0.410459616	0.541608724	0.517228225	0.492584394	0.532339565
0.553663613	0.521550499	0.521954859	0.519921617	0.397821552	0.434952757
0.582374291	0.51439605	0.60062481	0.521046207	0.546083473	0.468547882
0.562006371	0.530489817	0.453212457	0.471576786	0.429042756	0.475900004
0.513027174	0.471105011	0.409225371	0.491546425	0.518953749	0.465303085
0.597068746	0.557560511	0.49121203	0.410396063	0.471866915	0.472813927
0.672868595	0.53406257	0.562114947	0.503509737	0.507199099	0.459315411
0.755617726	0.48351075	0.518104132	0.459372059	0.517812071	0.502408103
0.650395701	0.533173324	0.484168759	0.524907465	0.466077774	0.504435624
0.448802886	0.526369294	0.509631495	0.509742936	0.491869503	0.478879098
0.700709004	0.512050433	0.55143252	0.477190142	0.425163354	0.454538402
0.684876039	0.427182799	0.472662727	0.520757604	0.462903549	0.453423033
0.568155043	0.464495029	0.467206905	0.506173443	0.465013049	0.432867648
0.612398196	0.480400221	0.479051691	0.461038753	0.44273232	0.449547479
0.656767335	0.525972384	0.457617052	0.4134942	0.454501741	0.468002717
0.448194403	0.520736791	0.492450877	0.540128949	0.491637476	0.446288882
0.497311581	0.509507131	0.498322491	0.502450566	0.395797222	0.46791695
0.643352996	0.592322511	0.482681792	0.455620589	0.40440464	0.46381144
0.685954248	0.492343668	0.482117926	0.546174028	0.483995176	0.481909653
0.52276151	0.557845638	0.565634796	0.533302287	0.519725323	0.400105188
0.685793695	0.510244295	0.483217538	0.501687485	0.469244839	0.487217996
0.586046982	0.480673115	0.499229911	0.481615965	0.395476678	0.436980083
0.686319459	0.597033922	0.516135878	0.563516019	0.499865511	0.497009063
0.64840493	0.544105073	0.535040606	0.506893412	0.479815453	0.431018643
0.638681025	0.363760074	0.482776239	0.443203223	0.487415916	0.559260328
0.590918309	0.511144896	0.558859968	0.475647494	0.51382746	0.478817449
0.558716686	0.565543026	0.522231216	0.432166493	0.494996974	0.495090279
0.639749322	0.419254311	0.49880218	0.497828584	0.527694623	0.458808373
0.472977769	0.472664033	0.433533271	0.477359207	0.466889678	0.449963853
0.598327303	0.43574411	0.470153706	0.454885808	0.504229609	0.432786291
0.742999749	0.480107696	0.470016211	0.49808072	0.417772671	0.469141908
0.576534108	0.495095611	0.549619769	0.489670993	0.495960026	0.481652405
0.626621099	0.578576008	0.470450886	0.444441431	0.446595534	0.48573811
0.629486708	0.57072516	0.486882612	0.539954933	0.453288455	0.466734068
0.611208589	0.488189181	0.541656166	0.481387463	0.544193124	0.442984694
0.632998043	0.511601026	0.544775012	0.462834014	0.468095818	0.445413847
0.549137769	0.573274112	0.531283326	0.547968739	0.501734033	0.469776643
0.621486686	0.511022211	0.507038116	0.468673497	0.551725407	0.466450459
0.551810256	0.440453879	0.517579385	0.470474663	0.52254288	0.47703358
0.610470483	0.593123507	0.477788989	0.455735366	0.438002563	0.461860124
0.597815853	0.566620511	0.444086089	0.521885003	0.484752164	0.489622551
0.564770839	0.479820681	0.479700764	0.51759037	0.543127987	0.433466623
0.540463909	0.566600966	0.576545253	0.456640705	0.474036985	0.473124444
0.687566647	0.579673697	0.447577838	0.44299421	0.556614252	0.464470295
0.552003654	0.510433112	0.536736564	0.460603758	0.489352481	0.50060264
0.634677431	0.575036347	0.600119534	0.486200016	0.500886157	0.412863668
0.665622209	0.471593828	0.50281811	0.530634253	0.537990315	0.484005863
0.524862167	0.598366305	0.561569035	0.527145648	0.507758311	0.405622452
0.602327135	0.580471399	0.593194146	0.458336885	0.431854614	0.506747211
0.560385126	0.592860663	0.511683469	0.452675448	0.578779077	0.484965402
0.707029793	0.530476665	0.527569197	0.512743921	0.398717914	0.464365831
0.689315605	0.547321975	0.450877045	0.491502439	0.480139289	0.464511806
0.609519368	0.560472669	0.530651097	0.461981411	0.471016882	0.517098152
0.538659134	0.433284815	0.448665767	0.377552363	0.4235013	0.453352869
0.718647224	0.56174988	0.436177958	0.487758431	0.57651025	0.46290415
0.703501601	0.491606807	0.606269688	0.519191556	0.440589072	0.437208879
0.570365275	0.541716027	0.455064449	0.508925078	0.501408121	0.420894274
0.602727031	0.541149753	0.550191157	0.417447888	0.47148366	0.462549599
0.493542322	0.491944224	0.532293312	0.445297253	0.549064281	0.502274738
0.505084474	0.501252874	0.517223334	0.442214194	0.469799764	0.441031505
0.49386375	0.557515218	0.517477348	0.430105131	0.573726183	0.450703345
0.514763177	0.568680706	0.509635227	0.512371947	0.511974856	0.465341849
0.586281555	0.493542811	0.462855714	0.446507703	0.410028388	0.450366538
0.726722334	0.627635152	0.536836881	0.453248807	0.467143163	0.511992771
0.612701168	0.478629074	0.636843088	0.449082895	0.48570122	0.482757247
0.714122936	0.567603923	0.573718592	0.502406049	0.542932849	0.430707554
0.455199938	0.590304583	0.609572959	0.48360783	0.443485899	0.417620272
0.642819902	0.418280854	0.617100606	0.492603231	0.531034252	0.430131804
0.702893527	0.591994803	0.450008719	0.529407215	0.475152205	0.481614802
0.532469391	0.485909625	0.522395298	0.488850793	0.422195048	0.458673029
0.555372896	0.554725163	0.524505714	0.540068689	0.461033443	0.451698924
0.53926819	0.665211154	0.514786463	0.510607687	0.477283903	0.419639701
0.623511593	0.554800899	0.517587577	0.491953181	0.476859364	0.459892621
0.611990092	0.6193594	0.565675695	0.419543377	0.497827664	0.458361025
0.57659478	0.452227077	0.565380436	0.471926843	0.417979502	0.475181686
0.5189993	0.493985645	0.545955302	0.540079018	0.453266013	0.442532672
0.73778224	0.541260896	0.450086749	0.473802701	0.428998358	0.477601598
0.617601457	0.622702687	0.521725108	0.48586245	0.441360739	0.430587561
0.761561838	0.610357473	0.502055438	0.383137045	0.44491566	0.444629184
0.632740884	0.410717018	0.477673358	0.483354014	0.482727006	0.497782156
0.532019892	0.661908061	0.51558384	0.393548475	0.46557752	0.475773537
0.472713299	0.531051844	0.551238419	0.497006786	0.513551166	0.511870024
0.541714035	0.485893454	0.55613649	0.419555374	0.512142034	0.476302573
0.792166156	0.481550296	0.553402111	0.472978242	0.440147785	0.480635135
0.641186167	0.503012769	0.500565034	0.487500547	0.548513635	0.45911334
0.585375753	0.536085371	0.465180199	0.397027127	0.438347382	0.469055981
0.5431841	0.625642229	0.564240239	0.551872121	0.422819223	0.428980393
0.611222123	0.468912154	0.456230505	0.542317224	0.477732945	0.438006555
0.509373912	0.572390055	0.536504817	0.395576057	0.560508306	0.462213638
0.580176665	0.457953694	0.506138002	0.466643136	0.489928095	0.413818467
0.666509648	0.51113852	0.537598821	0.498022334	0.46666202	0.464249003
0.745489834	0.50792406	0.546281735	0.456046498	0.481268879	0.487094383
0.617402991	0.422238727	0.514771422	0.439151975	0.498119584	0.482111012
0.665993276	0.595430653	0.526559871	0.437413398	0.437442162	0.506889403
0.717549981	0.482942217	0.500919867	0.422692024	0.445288019	0.417591701
0.604082689	0.628928496	0.556229096	0.470996081	0.505512639	0.500003634
0.453320503	0.434433639	0.475474841	0.432180893	0.465400205	0.42056983
0.696811951	0.535952757	0.441521522	0.459514789	0.438431501	0.460248578
0.588920875	0.640545565	0.535889296	0.44592992	0.463212374	0.482215458
0.641035752	0.467884941	0.452318938	0.444793616	0.515132472	0.455610269
0.619503436	0.593350582	0.450089215	0.476843464	0.348278095	0.458398643
0.67050707	0.460282785	0.539448233	0.472035512	0.417346399	0.418911772
0.718477695	0.478860164	0.449029132	0.424497505	0.442716226	0.465057352
0.689597777	0.609681505	0.606722211	0.484907042	0.49988456	0.438772345
0.51750101	0.561237089	0.543265893	0.533061457	0.486699379	0.412449999
0.551516153	0.460762311	0.549237263	0.503158582	0.482313267	0.489371684
0.67087573	0.515605485	0.421801829	0.495282468	0.436371475	0.493302242
0.677842867	0.623751437	0.444553881	0.454373292	0.442002361	0.462566813
0.662413835	0.651657566	0.538130364	0.4717741	0.453055629	0.468314526
0.631082911	0.592274012	0.537695436	0.542857941	0.480342797	0.434252417
0.608714398	0.550193229	0.500404385	0.514398094	0.494836315	0.482012114
0.593864352	0.527753624	0.474132713	0.490793538	0.472690962	0.470816564
0.539282952	0.488195738	0.485289452	0.410901662	0.414938386	0.500724483
0.517997591	0.525243139	0.498853218	0.549139625	0.431388385	0.499275677
0.520263733	0.407650936	0.522902065	0.503912911	0.445824225	0.410982768
0.60046395	0.537754285	0.521436551	0.470702884	0.465683705	0.446992038
0.631364288	0.550148277	0.598338838	0.511509221	0.515428363	0.466939859
0.466055435	0.472140136	0.436446392	0.474967035	0.431926168	0.479650928
0.632180427	0.651483219	0.460392276	0.574593799	0.490785973	0.495935736
0.644277531	0.528982078	0.529019084	0.456612774	0.50700706	0.459311482
0.564240822	0.50747636	0.40301064	0.56450979	0.492801753	0.449491605
0.572035939	0.534670501	0.542920931	0.46872547	0.418623139	0.459070906
0.529596872	0.65299547	0.478565427	0.460158832	0.509653386	0.485906133
0.631963205	0.57149371	0.434076392	0.493108583	0.519225112	0.496975811
0.611471776	0.54585804	0.506290721	0.466963214	0.495329292	0.509077334
0.584136534	0.56175031	0.520168213	0.432975904	0.439169066	0.481092068
0.594134938	0.554960738	0.492823213	0.409767064	0.441484449	0.475550106
0.713785809	0.500900495	0.515535741	0.528756751	0.462480498	0.480100197
0.509065339	0.573596422	0.512088502	0.515160202	0.545486343	0.502867248
0.766264863	0.528962202	0.590044459	0.519230033	0.494539551	0.51370015
0.526771277	0.648283718	0.557343008	0.574001667	0.500236223	0.466948615
0.642867938	0.513579364	0.465492416	0.45078201	0.450350032	0.471563542
0.624806563	0.601576924	0.446293207	0.414826083	0.487850135	0.454857302
0.645830726	0.591228707	0.530441456	0.476069887	0.468813673	0.488888875
0.76359008	0.558969757	0.501302332	0.429427991	0.493837446	0.434466454
0.562344001	0.444411418	0.616490399	0.514388834	0.501152423	0.478449656
0.574369069	0.581963106	0.497893425	0.473545961	0.486405121	0.469907204
0.684874567	0.609370965	0.483105902	0.497832321	0.521331077	0.459941593
0.494660289	0.50437312	0.538246624	0.537441215	0.478632447	0.466600415
0.41621383	0.423312862	0.411123899	0.434548597	0.552813949	0.511058902
0.577165323	0.75193795	0.334591049	0.539267417	0.454166213	0.51741558
0.523034318	0.616696419	0.547284191	0.453739899	0.492919451	0.486092
0.646663717	0.495399867	0.607724808	0.394998846	0.50316707	0.473264696
0.566026311	0.569222872	0.654226027	0.477075575	0.563889357	0.516268701
0.567612228	0.540420052	0.466690686	0.49885098	0.48222162	0.464262072
0.572908149	0.515273299	0.499691717	0.522515005	0.493081219	0.476927398
0.456603911	0.684399313	0.517768294	0.450752329	0.519912094	0.47636427
0.474088025	0.479893724	0.4940091	0.502489615	0.588983647	0.524413136
0.534253993	0.605926005	0.535719566	0.368587328	0.518557326	0.474343882
0.57220923	0.602666851	0.557970289	0.51355163	0.495951503	0.476369457
0.521524644	0.530241048	0.573703633	0.430709945	0.488319805	0.490462921
0.549698894	0.464730833	0.516928918	0.480622189	0.454737728	0.533731865
0.734765499	0.454663715	0.577795916	0.46491195	0.502416513	0.460324508
0.670960274	0.521895867	0.492597179	0.482355578	0.459524908	0.482444084
0.515087191	0.528671032	0.49412557	0.503562962	0.52339125	0.46694028
0.604754984	0.455889446	0.541587892	0.47255101	0.511792554	0.486158592
0.528923604	0.376400973	0.45900234	0.506041192	0.576192149	0.452505395
0.605009619	0.465423977	0.502439033	0.467942498	0.467216905	0.43545237
0.63386423	0.530969264	0.538659247	0.567062926	0.504947671	0.472624832
0.688306367	0.491737777	0.430741293	0.554649936	0.441905654	0.491737266
0.560037563	0.479152815	0.536976018	0.538045468	0.499126803	0.501905677
0.554954104	0.607807595	0.476241328	0.42383446	0.504649102	0.514180238
0.602711103	0.528442733	0.401334182	0.506019115	0.440936836	0.435067056
0.493699105	0.573378981	0.459518444	0.552935641	0.525065537	0.458761108
0.687712939	0.601311109	0.469933287	0.534429878	0.462422889	0.497324118
0.668265458	0.539812192	0.556360538	0.450542964	0.472338712	0.442550829
0.595675548	0.414843352	0.468211432	0.573842942	0.447083256	0.488034971
0.525553229	0.490239074	0.571678231	0.425957337	0.481466733	0.459994816
0.634204189	0.568782368	0.541666327	0.520627108	0.514953082	0.466240469
0.493716329	0.416264434	0.379851815	0.478784692	0.454167215	0.452634248
0.57800632	0.469825272	0.477673891	0.552986396	0.383468475	0.518880944
0.628619272	0.473301183	0.504021138	0.485652825	0.505875409	0.480570339
0.577935675	0.47763762	0.464104897	0.437952006	0.45437255	0.409975109
0.531223577	0.506323594	0.404805892	0.503955314	0.457440661	0.464068812
0.511390957	0.487905174	0.526820231	0.458673863	0.462582059	0.461307279
0.494808644	0.541738211	0.511487462	0.451264261	0.514501842	0.44109733
0.635752522	0.435405003	0.474063733	0.446025231	0.476639669	0.48668642
0.550252252	0.495849715	0.443696409	0.513115966	0.453088547	0.429713892
0.527022979	0.576617524	0.444148856	0.450968074	0.432080527	0.493747615
0.63439987	0.471216456	0.494779606	0.480056153	0.473144632	0.48183244
0.708268752	0.582356966	0.485891169	0.490058383	0.504100049	0.441435045
0.592532102	0.50094528	0.371068746	0.520148938	0.476249405	0.444202754
0.672870284	0.505225221	0.510629859	0.495311854	0.506320277	0.481224967
0.616432897	0.517230924	0.531535765	0.450935435	0.443248984	0.427988735
0.485867946	0.496529698	0.574563429	0.461985696	0.561797249	0.444857648
0.716393384	0.62354625	0.589015752	0.471633499	0.558398999	0.436617539
0.641518759	0.476476488	0.52938621	0.539257904	0.44368927	0.436731046
0.475127103	0.562255334	0.532094138	0.552478684	0.530521441	0.484346584
0.551871445	0.619641232	0.514999262	0.518220451	0.617907995	0.444938738
0.486513045	0.544886755	0.500830313	0.421451473	0.553143866	0.492423243
0.561085552	0.44430112	0.430454127	0.530047862	0.508828448	0.406110406
0.514511063	0.484586329	0.494790671	0.484397953	0.473755306	0.520937669
0.587886404	0.363155273	0.538770405	0.442185719	0.502459552	0.46181648
0.656386762	0.546562009	0.527600633	0.525076912	0.507431071	0.470496123
0.778834069	0.595633901	0.548329239	0.448240543	0.499207261	0.467506824
0.377065137	0.531514478	0.524138352	0.469340823	0.404296633	0.479358442
0.666829405	0.514270193	0.45649844	0.49098328	0.468257351	0.480474553
0.521286361	0.529722147	0.485956587	0.508967645	0.484611996	0.470475222
0.573271354	0.419515844	0.525850455	0.400447436	0.468536886	0.477268474
0.591612772	0.664430267	0.508819687	0.553743519	0.469748507	0.515081517
0.477329674	0.490106767	0.537417045	0.522858676	0.449890825	0.443198225
0.548306945	0.487288236	0.553236298	0.576110946	0.455927876	0.458771086
0.618404367	0.589160758	0.49654924	0.462725389	0.525242987	0.460514937
0.637121385	0.553583599	0.496303223	0.477900737	0.46903893	0.453295256
0.6022972	0.469034985	0.460501184	0.508243768	0.523231031	0.483829444
0.580534764	0.493957844	0.454114647	0.420582711	0.452409675	0.497127685
0.528298012	0.551693654	0.562710913	0.435051732	0.463989719	0.495569819
0.694961734	0.471122392	0.518215964	0.48911342	0.509970935	0.462990688
0.407058961	0.564162449	0.484382883	0.399527774	0.464349783	0.463428278
0.533450882	0.601293208	0.517427068	0.51683152	0.534837891	0.432660582
0.578423877	0.568327464	0.52236083	0.539413979	0.486425023	0.460917604
0.653605109	0.525410777	0.430494527	0.458551832	0.518583269	0.431293432
0.548488214	0.534657476	0.580214243	0.45962531	0.492430822	0.45554132
0.730198648	0.486428505	0.464792069	0.511396173	0.472506718	0.435465655
0.562845679	0.461693417	0.497586958	0.48744649	0.47368459	0.432775339
0.668127181	0.54981026	0.525177798	0.510275298	0.527460734	0.454939054
0.641033917	0.477475349	0.557422077	0.433156093	0.485962759	0.459073114
0.396531572	0.678827926	0.44758815	0.437227114	0.481718359	0.48430163
0.637309222	0.407290184	0.625552012	0.501518552	0.547189342	0.45157356
0.534746678	0.46947338	0.428681849	0.464888335	0.453998798	0.456393499
0.528229203	0.492749572	0.536562225	0.52023004	0.541658807	0.448668895
0.576617309	0.529027515	0.492436868	0.356422835	0.489132239	0.4602935
0.605579289	0.594961767	0.480274893	0.562429465	0.44644786	0.461631819
0.774405166	0.493534346	0.464213993	0.46076278	0.505195975	0.454865329
0.671425833	0.438231713	0.529774781	0.517013553	0.539061517	0.484134308
0.598131937	0.51859515	0.446054536	0.566298062	0.58073301	0.464040666
0.49853795	0.526084483	0.463767114	0.592657478	0.415628838	0.513807083
0.463344814	0.415891567	0.468858257	0.454224176	0.502921371	0.44402411
0.501527897	0.533152991	0.576052348	0.448034871	0.474641566	0.499542142
0.709287401	0.530335253	0.52891711	0.520567323	0.436766252	0.480898013
0.614081254	0.617741545	0.53796796	0.568345484	0.479286771	0.451053647
0.554465845	0.516037207	0.518564033	0.511551871	0.534357903	0.47618217
0.54146681	0.529259169	0.499739609	0.538873628	0.462277119	0.458069781
0.567767158	0.486867592	0.528618067	0.569713715	0.491081543	0.469254179
0.80548559	0.584295519	0.389944252	0.467233074	0.404116457	0.423512643
0.584790117	0.603942109	0.499094785	0.417425983	0.489153489	0.455296045
0.570665014	0.570245784	0.556966616	0.496245076	0.48700401	0.439499483
0.621750985	0.477290833	0.575079891	0.408471294	0.52838772	0.457322175
0.537223631	0.534854427	0.443975051	0.460672042	0.543475429	0.407946447
0.601477777	0.596083398	0.478989222	0.500648899	0.536227334	0.512636622
0.622950413	0.500302945	0.55599357	0.528389852	0.601972725	0.449571355
0.607623332	0.559201041	0.463822763	0.449527903	0.472712195	0.500886553
0.600484218	0.473111202	0.487846978	0.524659118	0.530012304	0.467572744
0.554733916	0.569344562	0.500128722	0.44671268	0.510515641	0.472245669
0.635208165	0.551219902	0.541592812	0.488660998	0.454383971	0.477258406
0.633421042	0.488967418	0.519053397	0.511959675	0.463760284	0.39318409
0.567630425	0.574359274	0.446506418	0.597988318	0.483642471	0.501612678
0.551330683	0.569918501	0.513923834	0.412294816	0.508773443	0.485671176
0.557209855	0.448176927	0.538999324	0.441140498	0.432060804	0.474692583
0.502620212	0.492216426	0.545231395	0.567335836	0.417980621	0.458592042
0.54879592	0.555279357	0.474758883	0.47967502	0.542870451	0.403976762
0.453320503	0.453121988	0.491287631	0.422266665	0.55555498	0.44639678
0.644845008	0.491721819	0.502134103	0.497250708	0.483523427	0.451469607
0.416494034	0.706680794	0.635453931	0.437462507	0.544066936	0.436667765
0.598729877	0.609592526	0.500262269	0.470054298	0.463551559	0.507486076
0.581040246	0.449144693	0.474270416	0.444601813	0.509751021	0.475435238
0.550686834	0.487605366	0.549487069	0.530084684	0.447716248	0.458904345
0.448261153	0.643790809	0.524744061	0.513465563	0.475627241	0.455019938
0.677199438	0.539011646	0.494152443	0.515712493	0.478834363	0.474338968
0.664337574	0.533383264	0.469298133	0.453330908	0.482697034	0.49055922
0.577044364	0.517869527	0.474511442	0.405474041	0.54723434	0.47367944
0.553513463	0.479629399	0.496760855	0.474723315	0.473505197	0.477864996
0.587064836	0.468944399	0.516851384	0.489840608	0.476094356	0.470216992
0.697638679	0.637551757	0.423671628	0.450170967	0.464574383	0.487182332
0.517539229	0.54939921	0.553432211	0.529918781	0.421299987	0.430605315
0.57224882	0.484278948	0.510544161	0.465507391	0.500437419	0.507556437
0.551640249	0.505295387	0.42849698	0.635581608	0.520091884	0.47884272
0.602545524	0.47837106	0.450624008	0.475216272	0.532605788	0.479732872
0.542206604	0.594307312	0.570525608	0.517113608	0.438243559	0.506022464
0.585762245	0.595315035	0.604464705	0.451183327	0.525033746	0.436403003
0.583876913	0.520173977	0.500653979	0.458815918	0.434613545	0.46803761
0.548124915	0.475652954	0.556779188	0.444793077	0.449443103	0.382792708
0.56638441	0.4712501	0.500081604	0.440361877	0.496150284	0.412182913
0.634839776	0.473355131	0.53780259	0.47823372	0.445706253	0.431684932
0.487027011	0.566288906	0.521870058	0.41980036	0.534573349	0.44975291
0.54997282	0.599437578	0.502504618	0.50648192	0.465974301	0.47964437
0.641980395	0.573905211	0.491226757	0.490427794	0.548780241	0.460576688
0.486764747	0.50989047	0.525673622	0.558451746	0.387229795	0.515552221
0.672711902	0.561870377	0.517931605	0.507114799	0.460579906	0.435234862
0.683088839	0.564788068	0.522569525	0.50192953	0.461647195	0.510633159
0.725311289	0.516119579	0.471547976	0.495395875	0.510411997	0.505794744
0.712314662	0.608099451	0.444505936	0.510065874	0.459561617	0.453925328
0.506022012	0.549772261	0.492751221	0.542946471	0.580845822	0.461642955
0.560820426	0.50893954	0.475103474	0.445273583	0.500448727	0.443408084
0.621139072	0.493543497	0.438156036	0.489148798	0.531674523	0.464469921
0.538416887	0.458565576	0.513266223	0.536681289	0.473576925	0.474558924
0.520081959	0.635175431	0.511856678	0.489029518	0.505565055	0.444426756
0.723595912	0.548421115	0.563056681	0.523468279	0.529457212	0.42227771
0.662334373	0.623054196	0.479260647	0.435314268	0.561755836	0.450884054
0.60456801	0.531890996	0.439765079	0.467284642	0.549201048	0.431102962
0.6183161	0.466663123	0.516155686	0.411584976	0.470294614	0.514945576
0.825694048	0.531187377	0.577877675	0.566613045	0.527214534	0.503421962
0.487769194	0.633049417	0.537535828	0.49695789	0.442566155	0.48436555
0.576664869	0.591223687	0.489079699	0.515228293	0.490301988	0.438326902
0.600239094	0.396675737	0.54089859	0.515221068	0.504300815	0.430650289
0.665736773	0.454247507	0.459580939	0.407474324	0.439855918	0.469744681
0.700006466	0.519261371	0.482938839	0.468943045	0.534596509	0.478014912
0.684375363	0.559177004	0.455759918	0.485730556	0.463174078	0.448720336
0.660487441	0.571631703	0.492385269	0.472904723	0.447740339	0.412986084
0.485487479	0.47710448	0.5388377	0.455313827	0.485847773	0.468242891
0.690028287	0.481817776	0.516923249	0.510840178	0.465419376	0.477023293
0.429902605	0.522846599	0.487308798	0.450165202	0.490292472	0.443216303
0.475985656	0.403415977	0.505340117	0.483662735	0.51350231	0.462380015
0.499474399	0.522890534	0.529788066	0.523808912	0.454240889	0.464669065
0.577252694	0.535758559	0.541180306	0.519101416	0.469030391	0.455798809
0.674993138	0.632142461	0.436528826	0.536604474	0.499195463	0.463823467
0.574326137	0.510715583	0.491929978	0.44360607	0.429295484	0.441567671
0.627237549	0.556817188	0.489845228	0.434997648	0.457840248	0.456972917
0.537570846	0.57314242	0.415410479	0.409216791	0.429013272	0.476242905
0.491776739	0.623683685	0.466680264	0.512532054	0.489336353	0.456526431
0.669477703	0.506356917	0.517589182	0.642265808	0.468636457	0.495200844
0.540542279	0.536536575	0.476819134	0.416423603	0.508264949	0.493195525
0.567084179	0.453829109	0.478696438	0.479449174	0.453054361	0.519604361
0.563750357	0.549066839	0.474839896	0.451242681	0.451536251	0.492510143
0.625631068	0.578277426	0.488872857	0.54261893	0.511995077	0.452226888
0.629011872	0.57284617	0.508261662	0.572126799	0.486418706	0.461911731
0.592454757	0.466997453	0.419083266	0.449148305	0.498244715	0.43988597
0.678307381	0.410859387	0.511638642	0.512178491	0.555774875	0.453270376
0.653015669	0.45042822	0.609452607	0.537394979	0.372317597	0.487807175
0.577886771	0.484980407	0.467901194	0.49156808	0.515938575	0.446592192
0.493316271	0.50356003	0.445119739	0.497133676	0.460885604	0.477319279
0.723889723	0.541789235	0.460359042	0.45050742	0.451579091	0.452026841
0.698660092	0.557755909	0.525325469	0.548183353	0.540056269	0.544210722
0.709804174	0.453527953	0.470002531	0.443675719	0.435002691	0.438187694
0.487576858	0.525924046	0.525604496	0.521777779	0.489756385	0.496939079
0.682369385	0.436572272	0.451931718	0.509774628	0.500107089	0.521350907
0.651952663	0.390962153	0.529805456	0.501064277	0.463261331	0.478419106
0.657059849	0.509247806	0.545186191	0.566751391	0.426152865	0.401973603
0.813479313	0.567527647	0.584377432	0.46572861	0.388999633	0.438752948
0.628796273	0.488688544	0.434880173	0.528681592	0.438656789	0.442254084
0.572298347	0.418417479	0.573135163	0.522940066	0.440202042	0.509624293
0.699598349	0.4152238	0.490590378	0.522527371	0.39661384	0.492116973
0.596178863	0.518018192	0.478859188	0.454137418	0.485217331	0.460665412
0.503371652	0.487001462	0.496490683	0.438780328	0.526818355	0.45141131
0.574471499	0.550708246	0.512108664	0.541907194	0.428290501	0.438489337
0.531174767	0.490532519	0.440861224	0.43492741	0.45939332	0.436948784
0.654082622	0.531771582	0.493378391	0.37391957	0.44587255	0.454508198
0.542473386	0.566596891	0.458021509	0.405757938	0.423352584	0.43911557
0.494509621	0.519427424	0.507525222	0.510289732	0.491512331	0.458267779
0.80129242	0.490268267	0.411692698	0.488066339	0.475730759	0.51243847
0.697790529	0.566628449	0.531227807	0.48261368	0.456077646	0.420824294
0.553655646	0.488293357	0.438002954	0.636160206	0.415587802	0.442844637
0.626505101	0.541716919	0.438288817	0.454511173	0.47768121	0.502495572
0.641991962	0.4714038	0.449399713	0.439494364	0.411211461	0.48879767
0.565704864	0.588928509	0.467601167	0.577197445	0.45738329	0.474175674
0.619615551	0.615934723	0.567140912	0.518938757	0.554862576	0.473962375
0.585476239	0.498011517	0.462785248	0.530960613	0.472517358	0.452641712
0.505486594	0.537210967	0.559254107	0.462685654	0.462220871	0.47849323
0.562875353	0.483369632	0.502622211	0.576947997	0.507919244	0.442521503
0.714775839	0.598358071	0.619776346	0.387089817	0.443245243	0.513772469
0.480008736	0.544212594	0.494550041	0.426737744	0.452880645	0.434973262
0.545749054	0.39616789	0.42850288	0.490725813	0.469454455	0.449808458
0.655227641	0.54923947	0.516853449	0.45616873	0.384772896	0.499977973
0.516409467	0.52163185	0.49395616	0.445422359	0.40200422	0.465279303
0.50124626	0.530572366	0.573173374	0.515256366	0.484533039	0.433150635
0.475555663	0.57215897	0.423803575	0.495234095	0.48081248	0.434680575
0.497576051	0.531730538	0.445512936	0.521054903	0.442531742	0.504807489
0.613858638	0.541646173	0.499503554	0.442037367	0.501125287	0.461809388
0.641866029	0.583586935	0.470856542	0.542504795	0.467127311	0.480365683
0.543335173	0.438579469	0.46377592	0.441646506	0.552899481	0.524946851
0.77291876	0.506967023	0.512086105	0.486227962	0.49934549	0.463582925
0.603396254	0.565754684	0.455804859	0.537492391	0.493620203	0.435803651
0.484197282	0.512007805	0.558533724	0.445027483	0.469650659	0.480108633
0.661391131	0.463476526	0.434029619	0.441356954	0.478318932	0.476363966
0.470125673	0.54219684	0.498480245	0.556480384	0.470776383	0.474092262
0.547407723	0.499869129	0.440241737	0.430394908	0.470844771	0.512031432
0.666381213	0.402422623	0.486177374	0.51025285	0.419589102	0.520096604
0.734509057	0.460707565	0.584954078	0.554438904	0.435627876	0.50580683
0.624949462	0.497297748	0.57038925	0.428679142	0.464447188	0.443699737
0.547789785	0.582939863	0.433349649	0.402063548	0.457941335	0.443030983
0.546040309	0.511344963	0.448499445	0.476379717	0.472085989	0.485723138
0.625446889	0.62535375	0.43841186	0.472665708	0.552746215	0.493589766
0.645054552	0.45635083	0.399158469	0.514447825	0.458799563	0.538911402
0.553331315	0.502570201	0.50707964	0.535013928	0.527139544	0.499262361
0.459371317	0.485461571	0.643531072	0.530271837	0.465280158	0.459785439
0.61599668	0.486639541	0.483724257	0.531701457	0.484776742	0.448989154
0.685380673	0.549026456	0.468593478	0.452215141	0.45051532	0.541696927
0.692855994	0.47355183	0.510428593	0.598857472	0.43258911	0.454832607
0.532850736	0.641301048	0.533086174	0.441673436	0.527937241	0.490142483
0.648303784	0.498158434	0.529576857	0.414840755	0.432515723	0.475774119
0.616037668	0.485046838	0.436503274	0.455660957	0.465960633	0.452896219
0.795505303	0.589629113	0.599168516	0.529444523	0.436769508	0.474122047
0.604077565	0.527314214	0.575091593	0.48673229	0.496742087	0.455839969
0.702954836	0.482579407	0.44552484	0.540724971	0.590877776	0.43814524
0.632949034	0.545088846	0.496535388	0.500567002	0.5138122	0.444350601
0.46896323	0.558680922	0.453668006	0.585464005	0.507352143	0.403753806
0.664721552	0.537087724	0.432856081	0.473797975	0.462263134	0.402781247
0.585907683	0.526168662	0.419299067	0.490163614	0.490324581	0.498451099
0.502751344	0.620837412	0.393279204	0.3747188	0.517603243	0.459273291
0.565348871	0.570569603	0.473855042	0.515155325	0.504138277	0.493090165
0.620993283	0.592764514	0.458955679	0.576575901	0.388123769	0.482878373
0.555098864	0.527812068	0.521615186	0.480733712	0.472363834	0.499671209
0.516051368	0.480760781	0.454242088	0.485849659	0.471839323	0.51253015
0.544417976	0.612897513	0.516645957	0.517356237	0.487875864	0.397399882
0.670763111	0.558739054	0.491452059	0.538973263	0.403882133	0.4565394
0.54491694	0.515015292	0.409843223	0.488746199	0.466726269	0.491733625
0.549194806	0.506367146	0.513169659	0.49924146	0.49134638	0.436688488
0.550156654	0.599811642	0.381880452	0.506759467	0.456055887	0.456002565
0.681761403	0.452688595	0.586639584	0.511568764	0.49599697	0.482020111
0.648405702	0.525747717	0.491860155	0.497534904	0.450382162	0.491545811
0.561930938	0.561891127	0.571050785	0.513476728	0.491461559	0.505781207
0.535452965	0.615801167	0.52596274	0.531361062	0.422145347	0.480242473
0.639059086	0.531602435	0.531836143	0.536264568	0.489172781	0.437218785
0.44767432	0.507772451	0.512649977	0.563387049	0.492945806	0.51902876
0.737848695	0.461301291	0.473725893	0.583100887	0.486147598	0.421632659
0.818830544	0.520944646	0.51654027	0.483558508	0.530932797	0.458890622
0.758797426	0.55106031	0.597070234	0.491182159	0.466286516	0.448856831
0.578055012	0.484461446	0.597719617	0.435996686	0.48827295	0.440741124
0.517736261	0.469915325	0.512357443	0.486479102	0.447436567	0.46488163
0.726658152	0.50319735	0.497945821	0.472675238	0.457302261	0.467266859
0.66515125	0.492894281	0.39368902	0.432460599	0.507072582	0.507221752
0.773276937	0.436187882	0.608184125	0.432309637	0.467144295	0.467141376
0.628725096	0.542684119	0.449898178	0.480969107	0.467492992	0.509897481
0.668469161	0.488799566	0.59113144	0.509300578	0.511524034	0.436197617
0.656010188	0.515163769	0.509512091	0.510377779	0.535365285	0.486210806
0.684453991	0.591175089	0.512103606	0.419721379	0.524590479	0.468476219
0.57676561	0.511416602	0.462728155	0.523992085	0.537358406	0.433942103
0.601326561	0.472225167	0.45250958	0.525638317	0.504850524	0.449806244
0.629572542	0.520607367	0.496345584	0.497312258	0.558108702	0.463015584
0.707412262	0.453888377	0.496364404	0.563205752	0.490092308	0.496932111
0.507350548	0.474529768	0.500342167	0.474100677	0.504479143	0.469566626
0.638628837	0.581858347	0.456185061	0.545311845	0.509776412	0.504422262
0.522289303	0.432027229	0.502834117	0.47750711	0.480910176	0.455921901
0.602031557	0.604734989	0.430658041	0.506983812	0.49807595	0.445823788
0.587903627	0.517016019	0.500813119	0.524925574	0.525618855	0.468350294
0.59381457	0.484954174	0.519399399	0.526312821	0.491625181	0.478540381
0.552049364	0.514562771	0.53041435	0.485088674	0.481692218	0.460180022
0.673221827	0.631280314	0.507701676	0.443943789	0.461645164	0.459042979
0.632407353	0.439448475	0.501272751	0.480062773	0.41547561	0.464218354
0.702922174	0.514873869	0.595231709	0.495387396	0.473265371	0.52724492
0.599064035	0.600261129	0.407293871	0.478825328	0.42023348	0.524039627
0.710563419	0.528466875	0.546574665	0.588667457	0.42238934	0.430834016
0.7393717	0.500350118	0.471173872	0.516764428	0.415928777	0.439956677
0.702040535	0.503010593	0.539062705	0.477702961	0.513331293	0.462777859
0.718890642	0.42802017	0.530438949	0.497725347	0.57401496	0.505657313
0.665744857	0.48885224	0.38300238	0.478412931	0.527847558	0.507692642
0.540769303	0.53356549	0.53406051	0.493624006	0.472721392	0.4609068
0.643293504	0.642861001	0.494060177	0.440427084	0.433026038	0.518897527
0.727804182	0.536723812	0.49364551	0.466082948	0.523255589	0.465886252
0.528817008	0.622816833	0.435079508	0.500200472	0.456987262	0.460222245
0.540247846	0.589308278	0.467548364	0.468933228	0.452402682	0.45884134
0.570611793	0.51949726	0.533773658	0.488696898	0.430350514	0.400115473
0.731208641	0.543063084	0.500511287	0.35010193	0.482087832	0.461447978
0.693987893	0.567228126	0.368305501	0.43889913	0.472003463	0.436484428
0.538619913	0.527569721	0.509141225	0.478703074	0.455096618	0.459926948
0.542126032	0.588479579	0.482734168	0.498317601	0.495234691	0.474669176
0.632269849	0.520601149	0.582076019	0.486671329	0.485418926	0.474855784
0.534187299	0.588664318	0.484640669	0.559323613	0.516461415	0.461835851
0.657626721	0.539258754	0.425851735	0.495662078	0.546874947	0.448738313
0.556044674	0.433382438	0.541478658	0.432773508	0.500611392	0.476405697
0.598879266	0.53040752	0.556520908	0.425399537	0.460019294	0.511746034
0.605618842	0.493229367	0.627650457	0.545777031	0.507974312	0.466200699
0.650180596	0.668886526	0.510198426	0.473687968	0.443898492	0.463081262
0.768054406	0.362382982	0.491456991	0.537002331	0.40505004	0.519673307
0.602848869	0.565780623	0.509132621	0.473455687	0.491445355	0.476408642
0.54567802	0.485314461	0.491633629	0.424032906	0.533067296	0.481769517
0.556932113	0.555222222	0.456824994	0.474067787	0.39162367	0.475249852
0.721102286	0.562579653	0.529317699	0.452296599	0.568362751	0.470904966
0.779224328	0.553737486	0.488774077	0.448402564	0.528725428	0.441268854
0.708074899	0.510907286	0.433561118	0.530412534	0.445729756	0.464352778
0.696835607	0.522951757	0.472631592	0.453187087	0.508602805	0.453222165
0.501639799	0.427371226	0.4932715	0.417775096	0.587136831	0.442296331
0.536932026	0.572658274	0.493203521	0.529740746	0.471274738	0.430014359
0.65831741	0.640141242	0.546398092	0.430841051	0.44477832	0.446926544
0.745755183	0.599285554	0.496084781	0.454367226	0.460250082	0.414804083
0.4606906	0.370010201	0.522793109	0.48977755	0.389424764	0.447889612
0.665286989	0.498620355	0.480828138	0.491319884	0.510710847	0.413140788
0.546901468	0.477640586	0.549815146	0.432892331	0.45493207	0.512811946
0.53184774	0.556571214	0.485357656	0.473607802	0.522536863	0.458128946
0.628194	0.598176189	0.488754928	0.455798753	0.496903306	0.51865155
0.62937466	0.508067242	0.424266773	0.543104816	0.484998833	0.421979659
0.473551691	0.529907373	0.50569753	0.459986472	0.464555007	0.474258441
0.551589034	0.432716499	0.471692561	0.549179328	0.464575104	0.469868926
0.446361154	0.456164814	0.554259984	0.543491758	0.454778698	0.476726206
0.682446825	0.557338593	0.467602876	0.482875144	0.442956192	0.465390171
0.540818773	0.469664233	0.561659497	0.503094378	0.487886574	0.464951153
0.702793981	0.528079233	0.504615344	0.441212688	0.49421841	0.482833099
0.618837777	0.522439491	0.515151493	0.523086717	0.502256762	0.451865284
0.566858329	0.520461534	0.533623504	0.458974076	0.55165771	0.444157417
0.619572489	0.479292112	0.419416548	0.425648906	0.541943711	0.443429303
0.662842738	0.499414903	0.527639977	0.427389545	0.381630305	0.544010561
0.571963472	0.531297594	0.559081237	0.534368104	0.459431295	0.472856636
0.606247728	0.589849656	0.520713492	0.535840463	0.535651727	0.475024982
0.628379741	0.52145935	0.6427471	0.500426682	0.482387918	0.490748242
0.543921233	0.52156248	0.525206204	0.450682478	0.495139471	0.461225333
0.653762627	0.610091286	0.542009166	0.516235818	0.389721223	0.454602681
0.69955914	0.457085147	0.512416661	0.558084622	0.504217507	0.506148302
0.621208389	0.507313244	0.498774335	0.506772061	0.564999568	0.450348418
0.481064542	0.504824531	0.581685008	0.394548736	0.407392206	0.478369423
0.665524352	0.453624093	0.482276734	0.507533407	0.501015713	0.435061998
0.554845045	0.626611824	0.414407194	0.476525458	0.459518504	0.449443002
0.572269701	0.589767387	0.435518515	0.492729259	0.531490314	0.448270026
0.633488907	0.591876052	0.464745983	0.49141109	0.541960344	0.399066999
0.613169374	0.55831157	0.554798681	0.496321874	0.514717146	0.431716761
0.77044781	0.578441179	0.484236299	0.462444829	0.476987013	0.457854934
0.431490946	0.44875946	0.504354428	0.540403993	0.531459014	0.458191484
0.596451246	0.400626674	0.588098123	0.462177638	0.500932359	0.434735625
0.656731037	0.56340332	0.461752077	0.461790242	0.504621568	0.432089773
0.702662493	0.560157334	0.536650882	0.426098627	0.503210167	0.487175721
0.519661166	0.538353155	0.461198825	0.457782698	0.404659599	0.472837992
0.692907202	0.519197856	0.519471247	0.542918736	0.475326379	0.429524029
0.601808941	0.663104109	0.59547791	0.404632258	0.438690578	0.473999957
0.572807008	0.605408951	0.543655306	0.430801258	0.59697699	0.41568743
0.590223707	0.648658757	0.447217419	0.445752082	0.601849264	0.45585872
0.475765207	0.477784204	0.554187898	0.447464068	0.43891746	0.469843736
0.560121907	0.540312818	0.511272618	0.524946974	0.546626169	0.470295193
0.891529011	0.531003724	0.455257257	0.54304725	0.555762837	0.477350032
0.528551165	0.464751634	0.478045755	0.38813296	0.456027674	0.460453331
0.644128755	0.460289459	0.527284726	0.488758013	0.554157148	0.465710278
0.6036578	0.480889721	0.5075664	0.53234167	0.487497226	0.442235787
0.533914406	0.458859738	0.571917211	0.582488217	0.514198148	0.48152019
0.70399546	0.544563093	0.427527537	0.446365862	0.478290556	0.468357198
0.529364965	0.452293905	0.513439879	0.500448738	0.521321273	0.440287861
0.668676497	0.631158154	0.558323689	0.558515728	0.478480255	0.423979164
0.542598957	0.617456422	0.507503749	0.529145249	0.449691537	0.445455961
0.534139684	0.539091741	0.452325694	0.48554106	0.434558413	0.504731736
0.680703611	0.552067085	0.523281349	0.4427127	0.439748328	0.449819085
0.698025942	0.522600156	0.406374736	0.457704396	0.483993528	0.459908766
0.580918276	0.558269488	0.452914429	0.547485338	0.466258664	0.428560089
0.612685287	0.565887085	0.465868388	0.474888265	0.485303666	0.458248188
0.546648793	0.577982182	0.481605348	0.522779999	0.46529105	0.489308941
0.559902174	0.456025848	0.439515264	0.472843054	0.446244967	0.485580555
0.64292527	0.500760446	0.476488057	0.466985481	0.500810896	0.423713451
0.684935199	0.526546535	0.404695677	0.477266233	0.381794487	0.465797451
0.567871555	0.641069924	0.526796576	0.487833119	0.470495281	0.406776914
0.536879561	0.529011807	0.482862888	0.476417555	0.443528836	0.498285392
0.648341376	0.536056668	0.505816123	0.476038807	0.522375974	0.454273214
0.551424228	0.606420917	0.478678907	0.546798441	0.475320044	0.487777616
0.534643316	0.576874712	0.489880053	0.433258356	0.491900111	0.429064849
0.564291265	0.5181504	0.55779291	0.536565482	0.53312786	0.504580718
0.572105865	0.534620868	0.395572308	0.527541459	0.468216834	0.430356956
0.482210534	0.473041379	0.437020561	0.481093239	0.539407814	0.453997535
0.661823325	0.68752745	0.507299946	0.491246133	0.453835425	0.468494911
0.565195487	0.559622117	0.368352001	0.485151398	0.419006958	0.501252857
0.580481327	0.584086183	0.532665596	0.475804017	0.500193902	0.456858568
0.533507753	0.553716621	0.573328168	0.457976144	0.454484063	0.464084544
0.648516156	0.600472138	0.469642252	0.505301798	0.518309614	0.480513614
0.610057975	0.454463767	0.503161171	0.520295924	0.428796209	0.456690884
0.688768786	0.502487677	0.598114587	0.507479119	0.431498483	0.446851677
0.563453702	0.43569842	0.507810461	0.452741984	0.506034861	0.407116958
0.519589989	0.643177069	0.551255986	0.573308326	0.48711798	0.492043283
0.676434575	0.602654685	0.550342839	0.409121613	0.496946132	0.493313938
0.707028398	0.577152161	0.458104949	0.500933403	0.418199762	0.500560775
0.560763906	0.658708614	0.499685455	0.511611274	0.439469551	0.465419343
0.615322936	0.432149463	0.49448632	0.425049405	0.48747715	0.460216977
0.743160977	0.514464655	0.492034444	0.443624724	0.489504129	0.399784825
0.552268565	0.489029653	0.538563637	0.522005144	0.442863449	0.497605442
0.688194444	0.501437241	0.503413047	0.528454123	0.46364587	0.417105546
0.662098134	0.453044203	0.522279084	0.433977252	0.437987604	0.483816308
0.612290936	0.520055957	0.589825536	0.486499854	0.449460798	0.4786552
0.527927001	0.553325891	0.502645617	0.541530847	0.436727481	0.450919951
0.451028559	0.493251348	0.568576056	0.49540332	0.586108189	0.469848247
0.477077971	0.631284673	0.457329913	0.395185167	0.506930124	0.453753044
0.474070085	0.530859939	0.545684273	0.427958849	0.448593895	0.456086204
0.460570946	0.624661055	0.412472724	0.436348901	0.450812024	0.452029629
0.563369728	0.57062499	0.549116997	0.526318968	0.447039353	0.448108391
0.60745024	0.505497519	0.475679423	0.512508351	0.523557713	0.49504328
0.693227875	0.511319914	0.476220917	0.512499464	0.458467047	0.478754415
0.598874119	0.61053879	0.529331721	0.406425749	0.528153015	0.464354876
0.460261323	0.5490823	0.5677647	0.502669746	0.484196939	0.526210096
0.608780029	0.562640157	0.572575981	0.482391153	0.509459339	0.441140645
0.508696018	0.535856455	0.505742904	0.482582125	0.485861234	0.440959294
0.59190706	0.514445842	0.470319844	0.412222471	0.521496667	0.420938502
0.606793281	0.498266048	0.47675958	0.45786945	0.484687838	0.455190608
0.498597189	0.579591083	0.433878986	0.490756635	0.502625381	0.462509853
0.679045398	0.575338178	0.521745874	0.471752114	0.418645983	0.41057633
0.573566836	0.60165631	0.435563325	0.473748766	0.521079444	0.479044171
0.686530746	0.487028538	0.56962645	0.449844748	0.507389049	0.417841672
0.678488699	0.619625823	0.545231894	0.464327196	0.4477633	0.484523355
0.43752942	0.637107811	0.477043022	0.609235018	0.496901763	0.47474873
0.537367104	0.39567018	0.528297431	0.48378253	0.479235653	0.440321215
0.521274537	0.633345792	0.488847619	0.492674905	0.474253016	0.428307734
0.617207477	0.59815201	0.462511707	0.456700151	0.479151627	0.467248542
0.558154588	0.459471123	0.558226835	0.509256251	0.516473905	0.493345542
0.627643486	0.584232127	0.490765667	0.480360485	0.478680754	0.516371606
0.581698602	0.506252822	0.465339245	0.478341844	0.498817585	0.485812242
0.474977314	0.567924425	0.506890338	0.441132854	0.515978812	0.460914938
0.515525683	0.608879528	0.550607817	0.484075309	0.49433119	0.482818068
0.488175424	0.561895661	0.463219169	0.485854754	0.545179999	0.414718797
0.499839293	0.439643549	0.501243593	0.52993827	0.516245821	0.489805161
0.561520057	0.52705042	0.531301515	0.488345201	0.471961435	0.416974756
0.716428509	0.582883348	0.545722573	0.489689455	0.447237827	0.499701741
0.641493824	0.547472254	0.627328987	0.554632111	0.416726494	0.486486006
0.445347506	0.649863004	0.509271485	0.504292973	0.566777795	0.470790744
0.694133462	0.613056742	0.543216746	0.530966885	0.469751853	0.480955347
0.728537998	0.468066335	0.372501507	0.462305231	0.526001069	0.471801316
0.662780873	0.624792261	0.519209416	0.476795264	0.448845916	0.489171411
0.530522119	0.424836412	0.468939541	0.431491923	0.427318183	0.513286672
0.71128955	0.515069767	0.553583621	0.421433947	0.476650179	0.430177735
0.673151405	0.528815237	0.46676234	0.537658249	0.487839293	0.471711524
0.46779346	0.467510264	0.400697709	0.543210552	0.466354558	0.520629588
0.568870069	0.535897844	0.408922933	0.380852826	0.426330205	0.454843404
0.563778588	0.550393796	0.505896435	0.471017747	0.409472963	0.48555681
0.590262582	0.495421191	0.511435916	0.483261679	0.450295758	0.47999692
0.412501146	0.456346003	0.516874479	0.4955329	0.517528558	0.462054936
0.711091724	0.484886502	0.505142646	0.491633191	0.473113418	0.447266765
0.657189655	0.469122754	0.507856562	0.404026038	0.445244403	0.47666931
0.600907057	0.477544346	0.489831388	0.543220805	0.479362163	0.492908579
0.6458528	0.503756648	0.548425058	0.494352856	0.370716502	0.501765827
0.556185874	0.482828713	0.482354229	0.502921348	0.504365896	0.493297717
0.511195138	0.520017209	0.433688396	0.49323284	0.48094519	0.525297847
0.500135748	0.49265599	0.464530323	0.418248762	0.485276099	0.463829502
0.687753767	0.704333132	0.477424144	0.517078424	0.523575514	0.467917846
0.567409975	0.674592458	0.495082267	0.524271944	0.495066748	0.497060857
0.603391721	0.556223328	0.559216159	0.463856914	0.453505005	0.464803644
0.630682654	0.568743292	0.55675754	0.511660259	0.472692932	0.498177896
0.546828601	0.546615179	0.445429154	0.420624819	0.529971977	0.429148502
0.822061058	0.447407154	0.579587123	0.539858142	0.567091772	0.456062346
0.485907699	0.451463329	0.483688792	0.511311579	0.422738312	0.397266528
0.693645974	0.640219531	0.525805738	0.443184895	0.467295751	0.462597851
0.607059839	0.566877217	0.565307015	0.427156296	0.497085222	0.489962219
0.707633627	0.473314237	0.485906374	0.522577268	0.436422116	0.458262567
0.584117565	0.55704606	0.513284582	0.489377125	0.430414199	0.509156674
0.480539153	0.531148464	0.602111365	0.442548494	0.382267764	0.503365355
0.627996535	0.564298907	0.538457831	0.536242031	0.403898081	0.483981552
0.559111182	0.493442508	0.497860236	0.561269736	0.547966089	0.415988354
0.628456926	0.514395439	0.468937512	0.532190397	0.482347371	0.449736923
0.634870883	0.545238371	0.524765862	0.411209103	0.515603	0.482711422
0.533698067	0.555689296	0.477304863	0.479664435	0.535256291	0.433574863
0.617959117	0.566714932	0.457533615	0.521791976	0.528129735	0.501027094
0.591453727	0.516354491	0.588643598	0.437523036	0.531346764	0.540481681
0.566986777	0.405686162	0.520808884	0.583128011	0.433302076	0.464395086
0.737974921	0.510614846	0.525848089	0.507125078	0.438671659	0.419299775
0.511403909	0.469284967	0.527751929	0.565239572	0.404572513	0.470913497
0.537515403	0.576869534	0.488995557	0.50120751	0.513070252	0.480594727
0.558469439	0.509118944	0.473967235	0.551018534	0.515275799	0.456166035
0.517866621	0.499775761	0.509368791	0.600151412	0.48015362	0.446745474
0.648603105	0.612356928	0.424765877	0.458537465	0.508546939	0.458561757
0.683275703	0.523895	0.592553146	0.470860556	0.489876572	0.464933241
0.520289535	0.532549819	0.419846529	0.473193547	0.494550664	0.472720574
0.599872235	0.5926257	0.53923715	0.485863693	0.560479407	0.477867114
0.599114477	0.534940735	0.522232251	0.464575424	0.462577078	0.427853776
0.645153146	0.475062908	0.55109016	0.46802009	0.485886866	0.505310812
0.614465872	0.471121209	0.484304031	0.48375208	0.508015878	0.465958561
0.571723854	0.488674153	0.50759368	0.475371169	0.385508523	0.490296705
0.450163211	0.619625331	0.49133197	0.475926718	0.492064091	0.481004733
0.690782071	0.550782504	0.492877827	0.428463929	0.47030593	0.476531516
0.630608336	0.551455275	0.533553665	0.518268367	0.522274405	0.458944234
0.818083877	0.518410122	0.519497158	0.472022151	0.467069309	0.507879451
0.675330892	0.522447172	0.477258056	0.471594661	0.475822974	0.520471057
0.531764995	0.621935074	0.465549568	0.503411019	0.505123282	0.472444312
0.669392241	0.503676511	0.487582489	0.531731059	0.470002144	0.481326315
0.721575411	0.598655857	0.475774804	0.585219917	0.440954549	0.444624685
0.554828794	0.528385005	0.467596026	0.435789571	0.45749843	0.477598635
0.659762226	0.452136749	0.482914281	0.493593345	0.452439946	0.44471763
0.607985487	0.45539367	0.54625795	0.488639822	0.417845005	0.466382713
0.581861614	0.499268551	0.446413944	0.594330148	0.470243694	0.454714989
0.632196251	0.536901509	0.456452271	0.46082555	0.436592256	0.457437354
0.49145843	0.568219703	0.558573079	0.527826983	0.505186113	0.476558496
0.664016605	0.501973987	0.41408949	0.501359048	0.471489832	0.413934375
0.721578148	0.589441321	0.482787664	0.474164763	0.539718178	0.496923986
0.65229842	0.504636658	0.505566159	0.507962362	0.541931055	0.478587026
0.555847309	0.500081675	0.452035883	0.499818022	0.526903309	0.48929792
0.49759028	0.583220022	0.49242503	0.392718627	0.471511772	0.451516553
0.565536363	0.482655137	0.464476611	0.545345151	0.481949262	0.439938226
0.561151528	0.602503471	0.451176592	0.420116398	0.476213906	0.515536236
0.659735485	0.427484758	0.493755599	0.516619923	0.451582737	0.470652831
0.674432401	0.519863382	0.540180602	0.55620338	0.519333389	0.418421776
0.480671002	0.473067818	0.530040236	0.435067658	0.479309554	0.450115356
0.638138116	0.610785286	0.499877502	0.522138715	0.389810392	0.450363307
0.642162885	0.51099699	0.476679571	0.454281526	0.466441086	0.4786926
0.526144395	0.628726791	0.445761494	0.484278189	0.562031462	0.462083733
0.605254721	0.522106283	0.517715122	0.449936788	0.501439642	0.445080722
0.533037913	0.515423516	0.430167283	0.502911264	0.407931033	0.490943436
0.701368186	0.503925203	0.473191603	0.553474934	0.49603042	0.456761484
0.73995376	0.567745031	0.531396901	0.410952646	0.527831756	0.506943044
0.655331577	0.445132204	0.485690285	0.517328638	0.516184873	0.430159472
0.649845721	0.497243631	0.512504305	0.58567959	0.543575096	0.424094465
0.567941166	0.534556889	0.499009395	0.494694946	0.459826524	0.448643861
0.626023837	0.56694924	0.498887175	0.504885913	0.559625647	0.505474203
0.561450446	0.484667646	0.46204626	0.497654995	0.534790175	0.413593635
0.588237013	0.463861768	0.50823703	0.538543685	0.45481637	0.42360541
0.531484389	0.490926635	0.450176448	0.50603033	0.448612152	0.498164989
0.565351077	0.516374951	0.457932684	0.526604645	0.458591825	0.486001362
0.65544018	0.459585404	0.497282839	0.397635139	0.505400401	0.436793647
0.590287056	0.475612589	0.457952447	0.563542967	0.514341282	0.489279808
0.65702187	0.545896626	0.407635886	0.494094924	0.586899073	0.467312639
0.545717573	0.493623949	0.496902994	0.474265525	0.453633667	0.438946593
0.787992391	0.539719933	0.393013963	0.416037455	0.500202906	0.484548781
0.667979307	0.508299117	0.456669179	0.438838425	0.476083525	0.442439937
0.501509957	0.564237602	0.558712038	0.479497467	0.499068286	0.444860038
0.63432952	0.3867647	0.509090357	0.496803041	0.526799334	0.405554301
0.852093835	0.497426427	0.454457794	0.515837544	0.468655539	0.407766367
0.520580846	0.559713282	0.49443619	0.449990573	0.473615166	0.488604604
0.629406445	0.647239302	0.516215794	0.581908171	0.478189165	0.470609074
0.735081599	0.532476507	0.456835793	0.464574045	0.482436172	0.477582092
0.550455677	0.468243357	0.394445474	0.486568902	0.469791455	0.49691902
0.717836647	0.532032218	0.510186737	0.503670637	0.50083405	0.475513364
0.60854955	0.511408805	0.524077722	0.472062338	0.460647318	0.457277334
0.723668261	0.504061992	0.441376996	0.49145794	0.533387015	0.482598167
0.732002535	0.583976595	0.520865186	0.519496949	0.502173322	0.483676475
0.68348947	0.474687353	0.521503888	0.450071771	0.496663215	0.490136654
0.655522408	0.544327707	0.497968425	0.452251664	0.479957186	0.438797173
0.833608599	0.5017151	0.445057163	0.405927692	0.45917362	0.491885413
0.488714899	0.537070209	0.405696118	0.449371484	0.556532366	0.484887196
0.707523652	0.537426523	0.495846929	0.512567377	0.450960993	0.464897672
0.681170073	0.628641773	0.508327355	0.44906333	0.452449454	0.506254125
0.614839928	0.616003368	0.472773554	0.464228925	0.495188316	0.481067318
0.648612268	0.557648439	0.473751406	0.486379427	0.52657531	0.472022204
0.589250383	0.483304577	0.484744662	0.531276837	0.47712327	0.46072446
0.614589713	0.464680177	0.51737549	0.514157398	0.506039892	0.502482368
0.571665328	0.595293269	0.436694163	0.480462167	0.410332236	0.396203585
0.534021003	0.587081863	0.524663169	0.494928662	0.464775428	0.496599277
0.576813941	0.585838867	0.43114311	0.488045163	0.451443082	0.479174972
0.631495164	0.628076845	0.470694725	0.542554192	0.545621546	0.45073795
0.496806098	0.557279218	0.51463623	0.484159432	0.46270943	0.42931373
0.580438079	0.571789807	0.373713207	0.48057214	0.438856091	0.459425682
0.617428166	0.544931981	0.512267202	0.498940633	0.532338194	0.43637695
0.483236099	0.493703918	0.532559457	0.499700453	0.415249606	0.465473194
0.731022623	0.559105718	0.542586934	0.440186116	0.474499113	0.492349166
0.553315581	0.430077033	0.607569257	0.482698559	0.485052	0.459526756
0.605343667	0.513759164	0.447021509	0.510184053	0.489593743	0.494818386
0.788543686	0.509100231	0.494457616	0.494387284	0.415933607	0.486145056
0.58874824	0.53505104	0.517470848	0.458521913	0.516246701	0.502844023
0.520224753	0.484779868	0.515461037	0.483613549	0.494633832	0.449461427
0.468174088	0.534243112	0.51465536	0.559098724	0.50735743	0.446526983
0.653500017	0.503518251	0.520081331	0.49241002	0.445390237	0.432589231
0.672401632	0.414787171	0.419620655	0.468940924	0.507631108	0.497548488
0.592856325	0.599671666	0.536165382	0.475479107	0.462326168	0.468046669
0.806795588	0.608576555	0.510760417	0.453642497	0.480546921	0.406434115
0.683408007	0.627732824	0.540650441	0.506109157	0.451077387	0.43549254
0.477816443	0.517905474	0.621243812	0.496720442	0.49625285	0.443088338
0.610393745	0.51839592	0.500950802	0.451979968	0.532415706	0.446030265
0.565629792	0.518150148	0.483707696	0.463806793	0.471609461	0.471599484
0.547986071	0.541764769	0.443374128	0.446117824	0.509205686	0.458979442
0.660415291	0.521919322	0.385375843	0.483844705	0.517334359	0.488206377
0.541427257	0.522157539	0.522016913	0.459004145	0.464859802	0.413558858
0.597665035	0.444970303	0.529928916	0.418792011	0.485077224	0.50000168
0.529069959	0.564832342	0.473045324	0.467079645	0.432273731	0.442552353
0.48860099	0.571657078	0.463690681	0.441901766	0.443507346	0.509532678
0.663040177	0.415128643	0.521879212	0.517362606	0.465765937	0.45271607
0.657604511	0.45876895	0.519470395	0.5504609	0.497076564	0.478637754
0.484704787	0.556660707	0.479718185	0.45820429	0.430024312	0.510224784
0.586435789	0.571999492	0.501143215	0.505188835	0.509742168	0.430643688
0.446659298	0.456126305	0.531367608	0.473571056	0.449020329	0.489607695
0.576058962	0.543042108	0.47299731	0.402504984	0.476393643	0.475904636
0.67495243	0.492142715	0.550347776	0.508667083	0.432758935	0.454243338
0.631181323	0.539348437	0.525932423	0.477342348	0.44973644	0.477013184
0.545985275	0.556627619	0.563641331	0.442707129	0.449769493	0.457310529
0.678465255	0.508406371	0.655602523	0.463295575	0.447374552	0.449409221
0.701136645	0.487993494	0.507675376	0.505222048	0.446438162	0.475323846
0.46759574	0.723954485	0.458732524	0.462408502	0.510892007	0.408575993
0.555547676	0.51804061	0.517787855	0.454900201	0.492374348	0.483855887
0.599826563	0.494557014	0.503191694	0.503357655	0.516565996	0.445946429
0.585038679	0.430909307	0.463843482	0.579931447	0.539642472	0.489132432
0.618526043	0.595721882	0.442873605	0.496582982	0.510389704	0.38669445
0.735038614	0.435700453	0.496379352	0.536940567	0.511389344	0.457526569
0.662220169	0.463060684	0.528531035	0.53598997	0.426642699	0.473307587
0.584696686	0.430095209	0.49078381	0.462131377	0.510179286	0.479862705
0.450468407	0.512072568	0.483192983	0.509741067	0.504360178	0.475854531
0.669208977	0.533593574	0.443160166	0.560663854	0.513041377	0.475824062
0.723356217	0.450053426	0.447342137	0.470702273	0.545339026	0.470566407
0.55514839	0.486272691	0.406254771	0.4597447	0.471756949	0.463462629
0.696478993	0.621872386	0.498646204	0.496284523	0.460497738	0.466873078
0.630235836	0.508150563	0.556790008	0.532722991	0.520211096	0.490695922
0.611772637	0.46288243	0.424448727	0.497240853	0.555488321	0.460289664
0.585763639	0.500601248	0.56457725	0.417847725	0.486757001	0.463917099
0.545736286	0.479318962	0.534086767	0.519628551	0.457426874	0.469930958
0.68782411	0.603966919	0.514155367	0.44349669	0.488667085	0.395025933
0.601583263	0.584115227	0.462244633	0.448980839	0.522413447	0.500530746
0.664544912	0.456333048	0.514728921	0.467323527	0.485083432	0.473777486
0.699479588	0.504190136	0.437721358	0.542761414	0.466300094	0.433266956
0.616482318	0.483718805	0.497774007	0.543570174	0.556118934	0.469638092
0.656632441	0.452889857	0.43505201	0.463583692	0.484748657	0.507875466
0.619003968	0.42671083	0.42725832	0.488303484	0.493466298	0.475735822
0.696304633	0.622900296	0.494658032	0.521676671	0.457234416	0.460741796
0.636274456	0.626000647	0.427605815	0.480118371	0.492808708	0.461693267
0.581291232	0.499708295	0.444713215	0.406861483	0.43593911	0.462714614
0.475985656	0.519886164	0.588951355	0.490985973	0.511239341	0.499847706
0.581638741	0.481238812	0.470576696	0.529909113	0.420902636	0.477993209
0.574072214	0.486584881	0.491724712	0.577820745	0.434396055	0.469369638
0.683284517	0.4316986	0.439011644	0.497973449	0.52514604	0.497365022
0.577063755	0.559105509	0.545432435	0.418922163	0.413211821	0.410526863
0.463273637	0.546843903	0.459180704	0.494793232	0.429413135	0.490803794
0.757891115	0.513607829	0.489651499	0.502781012	0.45195108	0.515904579
0.644714098	0.443001887	0.509013659	0.441291417	0.43998044	0.429267674
0.551153626	0.553038417	0.524198276	0.48523376	0.466207554	0.46494387
0.58022099	0.501786039	0.49128414	0.469608513	0.434240629	0.517494213
0.664091017	0.62820609	0.592264549	0.441006932	0.56830339	0.467535646
0.776659924	0.492406382	0.40918121	0.462008901	0.444778616	0.456755852
0.717010617	0.515820071	0.582325956	0.501091794	0.398700192	0.413664213
0.490177252	0.40901705	0.523717743	0.532413202	0.459557277	0.48784535
0.643157743	0.512791293	0.443923026	0.471465317	0.482910503	0.504802469
0.583054553	0.557782742	0.449575458	0.43570169	0.481605945	0.515977007
0.502284736	0.472256566	0.482827733	0.474402413	0.48648008	0.428461682
0.574262622	0.532708249	0.527629429	0.526493181	0.468566999	0.486433862
0.473657259	0.42613086	0.448869451	0.637211058	0.491433898	0.452356581
0.427337508	0.547409856	0.457708025	0.481454526	0.472034254	0.507978154
0.504690934	0.497849039	0.429549196	0.475453612	0.510337161	0.479436614
0.550318229	0.53938641	0.475419431	0.503335273	0.495259233	0.47542208
0.564293286	0.593522359	0.496015957	0.491057398	0.406830604	0.467323512
0.779691556	0.570445137	0.444308403	0.423028045	0.434494802	0.504297328
0.581649447	0.52484565	0.46559303	0.425918184	0.451339033	0.549085089
0.630650812	0.47799246	0.54232035	0.476962689	0.417545319	0.476650035
0.57430377	0.429758189	0.616836164	0.442119315	0.47924127	0.453862431
0.613886567	0.508432685	0.482701801	0.481967047	0.375932398	0.448181044
0.632920388	0.5269829	0.417700279	0.497919473	0.487059419	0.429310945
0.547203323	0.561330943	0.498744115	0.486709275	0.571793402	0.512911736
0.655841686	0.532182313	0.517215195	0.473643618	0.486441993	0.44441853
0.634158835	0.537466714	0.491172919	0.417423205	0.450434198	0.441110106
0.54048407	0.474349526	0.464030819	0.500142854	0.47952786	0.519002746
0.726328794	0.508152899	0.492673886	0.470408419	0.500954358	0.498876695
0.560253279	0.580302948	0.594453591	0.507416653	0.518991244	0.455331835
0.67251523	0.51241843	0.4593233	0.57169052	0.487826344	0.4105827
0.679409373	0.436423068	0.427854702	0.501675146	0.474194484	0.456131966
0.463024302	0.688293234	0.500329364	0.529646821	0.423201952	0.439628964
0.624039789	0.458826205	0.425798659	0.494772386	0.459468418	0.421802591
0.591731763	0.474968908	0.460986771	0.481670215	0.520954197	0.456787896
0.773485488	0.558832017	0.450319433	0.447433608	0.465722506	0.472122539
0.554251935	0.541578857	0.454035164	0.512363005	0.448489193	0.47561195
0.791230464	0.538025592	0.494554922	0.491731297	0.463431432	0.488520915
0.622276885	0.593648899	0.521828861	0.474155872	0.398369624	0.443393606
0.643374854	0.633992443	0.509254922	0.501833087	0.467224891	0.40036591
0.674109005	0.437428653	0.436315732	0.462450746	0.499155374	0.491192425
0.582253188	0.472837557	0.496921319	0.554817506	0.453133818	0.428183265
0.666137202	0.476834349	0.461813342	0.518639409	0.480615205	0.39492908
0.491847916	0.616754169	0.488034114	0.507717032	0.483903879	0.438864291
0.701369675	0.610992281	0.549886913	0.464786771	0.454087662	0.482021131
0.633556947	0.547493729	0.526048713	0.490744909	0.498504008	0.474884799
0.556102062	0.500129313	0.448174933	0.537893049	0.439454426	0.438616597
0.541934485	0.475341104	0.404571217	0.460188226	0.497677989	0.420339011
0.412728113	0.459760216	0.582513023	0.567169787	0.428018816	0.467350003
0.482341666	0.559990714	0.517639388	0.452824646	0.577537467	0.454255366
0.622405393	0.495939168	0.493481222	0.463773941	0.492444524	0.458176671
0.606127903	0.613801836	0.471655679	0.460048766	0.556783356	0.495645074
0.610752121	0.481572545	0.49830466	0.479972106	0.48451683	0.483858121
0.795162977	0.36306237	0.623441344	0.528685931	0.532818466	0.471498592
0.662088588	0.457834833	0.438034542	0.503730559	0.470747913	0.447393733
0.56797929	0.592494591	0.437714819	0.439125699	0.495241432	0.509166543
0.713653244	0.521602846	0.436646516	0.450418669	0.497848318	0.466802613
0.570448476	0.453987523	0.551174645	0.533725941	0.413074148	0.482037757
0.691771301	0.438307332	0.444778236	0.452072094	0.387185512	0.425488419
0.567625081	0.574346982	0.509629698	0.489408769	0.501616753	0.469839915
0.66816068	0.535239459	0.506518409	0.453060654	0.462770437	0.450188183
0.719853077	0.427916987	0.576509993	0.459293749	0.484193833	0.433871567
0.56873677	0.547004884	0.537103894	0.506784364	0.45339915	0.487906251
0.567958466	0.582620912	0.512514722	0.440964923	0.499083798	0.45846405
0.62155643	0.541262717	0.477681943	0.561383885	0.423954315	0.454691374
0.560125086	0.48752269	0.489058721	0.438367325	0.577899041	0.458507273
0.730036849	0.569937859	0.467594597	0.434046047	0.50901268	0.444376741
0.481445008	0.64750602	0.49271841	0.424488311	0.56596017	0.539078152
0.618219834	0.612525808	0.634849852	0.490101229	0.525487414	0.498020598
0.647567424	0.655761032	0.56227233	0.550113723	0.426978494	0.465058619
0.671107325	0.47067312	0.537329047	0.574494244	0.42553014	0.497085156
0.502602272	0.523212883	0.477769195	0.532191026	0.41717042	0.423182312
0.566500525	0.388247744	0.465131587	0.449361638	0.405139061	0.446575708
0.544451251	0.492638415	0.444082829	0.477724869	0.518502615	0.479064579
0.528984076	0.547447911	0.425692237	0.505996919	0.441054788	0.510055238
0.546611346	0.484564052	0.473342727	0.477748626	0.529127416	0.408515955
0.455642728	0.490697125	0.566935969	0.560240762	0.527781655	0.480294148
0.588385552	0.556410546	0.507095091	0.469967787	0.46746847	0.464734801
0.614616871	0.475752988	0.494690846	0.54777295	0.55063697	0.472943784
0.63565766	0.641498278	0.453617033	0.51339233	0.49988347	0.461473291
0.556635458	0.54618375	0.59759562	0.595045087	0.396910002	0.456063522
0.560745393	0.437947405	0.469134066	0.433031567	0.436930125	0.44937517
0.439833705	0.468255614	0.500638038	0.502656835	0.492636828	0.461536406
0.504631552	0.464911705	0.520268201	0.509116246	0.432706026	0.46234631
0.640985109	0.619468534	0.485882109	0.437082542	0.414061846	0.469095958
0.484824441	0.506576881	0.471126909	0.519124165	0.491702504	0.438996977
0.625171913	0.511616601	0.489648884	0.51720867	0.428849608	0.452034257
0.57464659	0.519048407	0.452211026	0.512496996	0.532918118	0.503183283
0.614704023	0.560477451	0.459617326	0.40694425	0.470715378	0.464781202
0.60822856	0.546046447	0.584746139	0.475827174	0.494896019	0.510923227
0.46809542	0.545849297	0.49951226	0.45114578	0.370316057	0.451054055
0.583697801	0.476331188	0.594498746	0.506499693	0.504262809	0.48037674
0.578228514	0.547857664	0.521377871	0.469486148	0.421747968	0.423699329
0.701590643	0.518495646	0.408253947	0.492719796	0.52279273	0.408561442
0.559227397	0.355031902	0.552615411	0.454435202	0.5857115	0.442667139
0.499778621	0.57465124	0.443739246	0.504777562	0.348221047	0.463535992
0.575133821	0.541999336	0.451781265	0.466191223	0.497032381	0.453395257
0.528582728	0.537777652	0.513687713	0.575117135	0.438838181	0.412382238
0.604969316	0.524481852	0.484507805	0.4814232	0.503227261	0.494791563
0.582636593	0.506350111	0.471094959	0.348517428	0.560269301	0.445051975
0.542672956	0.375097565	0.420893408	0.504101686	0.448665067	0.495814265
0.632533525	0.482318831	0.544262022	0.442696654	0.517842736	0.456435624
0.593402849	0.520170372	0.472219131	0.568685945	0.455833842	0.483576031
0.648550974	0.426188453	0.525453392	0.549190889	0.520741489	0.456042487
0.650606878	0.486838367	0.380740989	0.441709447	0.465301056	0.454097942
0.801497191	0.71263366	0.422396282	0.422880027	0.445039098	0.483413464
0.711438169	0.529436776	0.477231947	0.485600104	0.444532176	0.459623749
0.584036732	0.561876089	0.461235612	0.447282948	0.471200383	0.51018134
0.535279614	0.593340036	0.446461649	0.436784983	0.516026569	0.483169745
0.543418374	0.62579071	0.51637559	0.52715025	0.450062623	0.478234036
0.629188218	0.532952571	0.577718709	0.531142103	0.459643187	0.445760955
0.597382921	0.612783153	0.537718263	0.434706183	0.377577903	0.414900116
0.53142432	0.497634714	0.524882985	0.523138357	0.522639274	0.457327392
0.706405407	0.495062067	0.534704244	0.497908249	0.484336577	0.487909843
0.741381193	0.540954539	0.525956517	0.483415926	0.418780702	0.461269679
0.692575444	0.582628984	0.489681348	0.429160186	0.417301552	0.507977916
0.638745208	0.475366166	0.48795271	0.540106166	0.508719734	0.438994921
0.74047081	0.539932518	0.52489061	0.513860202	0.492505612	0.431854276
0.50884509	0.5283448	0.472351307	0.489647708	0.458827439	0.428961166
0.614872223	0.49658678	0.577944642	0.523966306	0.485922951	0.44649963
0.588292711	0.590654886	0.441624106	0.479738678	0.43125644	0.456607331
0.66610105	0.547105864	0.45322591	0.477663302	0.472400819	0.460192738
0.555168992	0.518890464	0.405013137	0.552732005	0.506683793	0.455942152
0.650846575	0.484781699	0.537867032	0.517526432	0.486251689	0.47732048
0.5805565	0.460092582	0.485488457	0.503700162	0.473385265	0.398332765
0.661305924	0.583485163	0.456610904	0.502295941	0.523393466	0.454275289
0.619985658	0.495649359	0.575521851	0.527399714	0.500622891	0.493090358
0.695906922	0.563734063	0.46152126	0.503085487	0.524065514	0.428828357
0.446291466	0.499588407	0.48118127	0.48671027	0.472094136	0.480380788
0.574095143	0.561706915	0.517333352	0.494092593	0.48726444	0.509225339
0.79487445	0.427108632	0.445990793	0.426308528	0.470651579	0.477025321
0.509589018	0.535150471	0.52116932	0.44250256	0.507339962	0.420799033
0.682168621	0.558787928	0.619062672	0.56792145	0.448195548	0.415059219
0.632993255	0.628071827	0.474722376	0.47330734	0.424239447	0.4257544
0.702079356	0.442893522	0.468320027	0.500987482	0.517932758	0.428282303
0.568633423	0.543303529	0.411763439	0.430247876	0.473530828	0.469521499
0.553743715	0.529699685	0.524670209	0.426921385	0.460104678	0.49260895
0.482945006	0.60880295	0.538562575	0.574670793	0.499185242	0.463614632
0.726362208	0.505304491	0.470484235	0.437492275	0.418563923	0.457645803
0.393452509	0.572059233	0.535800024	0.531582435	0.415412473	0.453962638
0.607137017	0.461170342	0.487269733	0.434591209	0.428908404	0.505032016
0.626679365	0.469202007	0.406708958	0.453754276	0.501652711	0.46945267
0.68280144	0.50078014	0.430823462	0.455423571	0.44339263	0.551794604
0.657158564	0.595551165	0.507009651	0.454312306	0.461968179	0.434310969
0.694986725	0.589688397	0.528313746	0.511652004	0.484547953	0.512482658
0.726920554	0.483800078	0.52412502	0.410376898	0.478126517	0.48515115
0.731141617	0.616944443	0.457882992	0.44565417	0.469100189	0.431703816
0.617512395	0.55782989	0.412886268	0.443403677	0.466480782	0.498199486
0.577211749	0.54728663	0.466742899	0.475106421	0.459024793	0.448880532
0.628218418	0.463850476	0.480697591	0.470857871	0.466540779	0.515029454
0.669060567	0.458295274	0.50768125	0.430276318	0.484261806	0.441641498
0.565805345	0.522964383	0.418885014	0.53288151	0.50542548	0.492466169
0.649677226	0.440336254	0.494531377	0.528799529	0.521206925	0.534151441
0.532423205	0.398582193	0.497672632	0.466341206	0.434173444	0.484653426
0.504968677	0.537657072	0.552393945	0.434981416	0.464581476	0.42278457
0.401973757	0.554498664	0.454978309	0.447498411	0.441697632	0.415621197
0.587755272	0.61907033	0.509882867	0.482315255	0.467080022	0.453050481
0.60388389	0.429650644	0.598243078	0.394627961	0.47956535	0.473775352
0.576041166	0.508245165	0.516930179	0.457991042	0.447840212	0.526096484
0.725766236	0.485573677	0.474571851	0.451115669	0.430849706	0.496646438
0.544800094	0.540802064	0.414959362	0.452236841	0.428163253	0.468104205
0.541623544	0.536179283	0.474239693	0.492847782	0.426100838	0.490371564
0.746509022	0.447379844	0.539850849	0.433108142	0.434707808	0.448357418
0.529892299	0.486972299	0.504738951	0.436186126	0.437570907	0.427576971
0.598863576	0.590242602	0.479612881	0.602193341	0.44997432	0.451762381
0.637634578	0.43923014	0.51715859	0.486962875	0.41655485	0.505604036
0.692248281	0.5881657	0.485946601	0.425979113	0.394783141	0.507469864
0.728416801	0.512701607	0.396079249	0.46191612	0.493653506	0.504092692
0.614305854	0.482328604	0.553114723	0.470177661	0.449705741	0.465403293
0.752028591	0.495435514	0.468492632	0.45226829	0.518202067	0.525025543
0.542553619	0.496603389	0.532147301	0.470249262	0.528642708	0.400811443
0.656451227	0.450160745	0.524301104	0.498842699	0.481690075	0.466858537
0.804052238	0.469955953	0.481227724	0.490794496	0.480300889	0.412702586
0.554727081	0.473662379	0.49783211	0.509796885	0.520583861	0.435883997
0.644904413	0.445425288	0.533120755	0.484526492	0.490854522	0.411126119
0.588936505	0.598589479	0.540467818	0.475183177	0.498578114	0.48590561
0.65838899	0.520499677	0.515525269	0.511609131	0.437519237	0.497262182
0.44050117	0.498888052	0.486292834	0.512930564	0.489737132	0.487683132
0.461143122	0.580079608	0.515693591	0.557216064	0.505335663	0.486414497
0.523284587	0.493240186	0.545182144	0.44815814	0.504975889	0.503290336
0.554939803	0.523592486	0.519374156	0.43773148	0.484712339	0.464579229
0.576333288	0.516080662	0.378211239	0.519316862	0.434258206	0.459925412
0.613751084	0.426811957	0.394980595	0.520140666	0.438839558	0.508490471
0.5865824	0.631533961	0.587283698	0.545661546	0.476131609	0.475921484
0.701731486	0.467051982	0.517461494	0.484094822	0.469025885	0.435931338
0.531448082	0.50747652	0.498043518	0.485747394	0.400996581	0.486532243
0.500418414	0.596999098	0.471028773	0.494570639	0.472963958	0.470403178
0.58391434	0.662550686	0.500797195	0.55626788	0.518769159	0.488206338
0.469636442	0.579693807	0.468011184	0.407927162	0.454023016	0.481022296
0.617631809	0.499507674	0.515870426	0.463610765	0.499434067	0.520592374
0.402887582	0.579767949	0.573542024	0.555975039	0.516828664	0.427156783
0.644267854	0.437606987	0.551622403	0.497181047	0.467592617	0.446190177
0.575736999	0.416342596	0.474785183	0.442325607	0.508055016	0.505193854
0.580067385	0.58135311	0.415556604	0.537077413	0.462473618	0.483586137
0.606143755	0.417173399	0.538306127	0.493365439	0.491023054	0.381218644
0.619152323	0.609245776	0.509591141	0.489213284	0.413659944	0.478678567
0.514064563	0.583119691	0.595503606	0.510824267	0.533895189	0.448813022
0.711624998	0.460200165	0.505094428	0.52785733	0.505470008	0.441500171
0.611491622	0.429679341	0.437481646	0.469856411	0.51229284	0.474423602
0.501693476	0.527913993	0.489884804	0.491096563	0.531460608	0.473825623
0.624712762	0.466885337	0.439967111	0.42808738	0.388540266	0.458196556
0.643261317	0.51132148	0.489941398	0.426648157	0.534774838	0.432862208
0.682029742	0.577590736	0.579117046	0.446015481	0.547667156	0.434360068
0.605708878	0.503206739	0.450413231	0.419106776	0.47824161	0.519771008
0.595166782	0.466362125	0.488798102	0.420448004	0.508535411	0.404205403
0.592014079	0.629052212	0.430017047	0.461676895	0.535925377	0.44834281
0.659028942	0.464646024	0.415547138	0.515142638	0.462879759	0.493225915
0.47423638	0.474574418	0.556246165	0.541135924	0.46268232	0.50735443
0.651325815	0.581172527	0.419465753	0.40579483	0.406393991	0.447993292
0.683437015	0.471346229	0.52167025	0.389512508	0.508860957	0.488924186
0.635627323	0.41436873	0.601207741	0.436883024	0.459254216	0.478077441
0.554079044	0.521061407	0.426293071	0.508142265	0.481753799	0.416940305
0.676403122	0.444758956	0.409975635	0.431536373	0.472807338	0.482584484
0.441522309	0.48463551	0.505172687	0.484321247	0.506247033	0.529073592
0.679674816	0.526684714	0.486238398	0.507187047	0.390183843	0.432480819
0.499244493	0.548922699	0.429895154	0.428919434	0.406839764	0.530138424
0.719130316	0.546208632	0.550734363	0.437438836	0.400690932	0.450553792
0.457122304	0.465911863	0.52325896	0.440256477	0.488607121	0.446102742
0.71732373	0.391302331	0.427302009	0.435556708	0.530186694	0.462788802
0.557135139	0.651034595	0.554459236	0.459418657	0.584754025	0.486153166
0.716162645	0.540324457	0.55047337	0.457824081	0.413673302	0.512319007
