0.611755983	0.613189578	0.465962071	0.453279257	0.431761224	0.500001626
0.607401012	0.605571952	0.506335194	0.428004835	0.481258328	0.490407893
0.520611609	0.496456058	0.509174149	0.486161661	0.424076166	0.420227404
0.496323787	0.536906352	0.387441674	0.56361742	0.43531525	0.417008269
0.64963882	0.498184456	0.467743339	0.527889242	0.45375187	0.470508747
0.639598308	0.561379956	0.535095195	0.579626282	0.516671772	0.458667978
0.648006414	0.402348423	0.538974637	0.486964245	0.487143237	0.531770082
0.515116525	0.509389175	0.482682256	0.502327412	0.382574556	0.417734938
0.569171944	0.496727658	0.594154582	0.491323934	0.497659339	0.445947229
0.54161691	0.490792937	0.443235913	0.430394764	0.402535198	0.459674277
0.46121029	0.426228711	0.374751892	0.465919521	0.504310755	0.429079048
0.561592201	0.539176393	0.458292871	0.39622241	0.42547169	0.452154485
0.637070097	0.498306992	0.538180949	0.484211868	0.502157515	0.45072219
0.725004492	0.440698579	0.500864743	0.439431997	0.475374027	0.495564584
0.565968476	0.520426183	0.460089691	0.509022154	0.45237865	0.496743419
0.405950179	0.511997541	0.494946758	0.49963334	0.485721185	0.465946954
0.670749186	0.49223315	0.543097138	0.465816927	0.415099542	0.447083645
0.660401239	0.406850936	0.457401937	0.509109806	0.456705535	0.449074157
0.525839433	0.446003921	0.436072525	0.494310634	0.44867887	0.417841148
0.575786864	0.454474069	0.461061568	0.44193245	0.435205825	0.444745874
0.633579599	0.496002543	0.429055612	0.356725021	0.450347241	0.465943668
0.372086379	0.502009907	0.462211595	0.530200181	0.478720767	0.443491568
0.458166033	0.49266644	0.479290018	0.485830993	0.392227595	0.442458672
0.610337588	0.550279012	0.476647505	0.419425679	0.400453589	0.459618773
0.647269177	0.475235101	0.468553598	0.532800207	0.47967886	0.473117928
0.484398935	0.52963866	0.541029869	0.515684158	0.500841031	0.391403313
0.627521048	0.436953352	0.466545752	0.479061565	0.4628949	0.485907923
0.561510448	0.408101919	0.461971853	0.4528935	0.372868599	0.43069851
0.633672517	0.584889495	0.478649021	0.54857391	0.498900872	0.488942026
0.593325771	0.529858742	0.521870275	0.477417712	0.468276092	0.407684696
0.616392754	0.335121109	0.463479124	0.426107941	0.483145684	0.549343604
0.52970044	0.494460728	0.5399557	0.46268736	0.492383607	0.474220426
0.452421621	0.557076845	0.508460678	0.425957647	0.488175687	0.482371168
0.604254749	0.384901763	0.490234397	0.487680481	0.521341451	0.456826243
0.425498471	0.459315495	0.394726365	0.448983803	0.449173201	0.437397811
0.574320324	0.386901825	0.450163245	0.453670744	0.469978175	0.427315195
0.693010377	0.450577412	0.451486468	0.492962463	0.403218233	0.436766504
0.547714412	0.464407097	0.532572959	0.46240438	0.477615009	0.46883297
0.582766454	0.535244482	0.442242589	0.426806063	0.444506709	0.476342571
0.588591542	0.547062444	0.474349304	0.527926481	0.439425829	0.461827319
0.582244027	0.418141886	0.531578471	0.444767335	0.52533913	0.441380596
0.595556838	0.494113245	0.524625813	0.45425707	0.454041112	0.428682035
0.475498221	0.520986606	0.518035656	0.539102076	0.471601232	0.457069581
0.598276813	0.48533035	0.486220203	0.456775052	0.518443143	0.456636887
0.518373396	0.402570054	0.500856898	0.460840642	0.513293501	0.458118048
0.572607645	0.579478443	0.466993843	0.443976603	0.425230221	0.456131352
0.496538018	0.55578576	0.442584672	0.516771059	0.46861151	0.485994231
0.521660316	0.455912738	0.450667471	0.509611509	0.518171247	0.424974028
0.497364456	0.529269356	0.5637737	0.441118474	0.456416692	0.471277006
0.655448656	0.548099433	0.430994768	0.42090061	0.540387787	0.458548217
0.545794954	0.460661939	0.526330575	0.457032248	0.480173371	0.493803933
0.6187743	0.559334899	0.56548037	0.463190226	0.466485236	0.408622974
0.644828076	0.421697443	0.496528392	0.506106122	0.48267048	0.482619442
0.486778035	0.552738302	0.525556714	0.519915478	0.501631493	0.376362861
0.575057752	0.553060186	0.579123664	0.44887811	0.424142258	0.505991502
0.461423213	0.561032928	0.495551351	0.432735014	0.565322275	0.464273497
0.685235493	0.486025701	0.511948146	0.494045386	0.390210752	0.4531372
0.663612307	0.515613941	0.435907971	0.480916482	0.466253488	0.450430992
0.544469104	0.515331419	0.507419132	0.439461876	0.461026032	0.505187903
0.509591595	0.40993747	0.438251206	0.366093269	0.417606689	0.45200681
0.68528407	0.539382716	0.425156448	0.452643803	0.562392952	0.458143792
0.679281141	0.477250165	0.589316879	0.502677362	0.43360675	0.436604067
0.506708263	0.508798903	0.442031611	0.497475568	0.493570518	0.390792006
0.479461527	0.534197455	0.531533904	0.397292326	0.462236044	0.430005607
0.445038497	0.444978655	0.52521537	0.424005934	0.530084407	0.479852871
0.459461173	0.471213384	0.485716538	0.43018805	0.464516724	0.434853173
0.400742851	0.521831313	0.510116321	0.422413931	0.562268048	0.438078835
0.415286937	0.537156241	0.485007365	0.494036317	0.486314585	0.461782177
0.549054427	0.477950696	0.441024071	0.415165815	0.405007974	0.422097038
0.709795854	0.595099955	0.511189915	0.442357801	0.460674352	0.477964256
0.568488028	0.460814078	0.623343475	0.446007369	0.464833147	0.475426137
0.675076528	0.54154229	0.545753824	0.491054056	0.537217464	0.410700484
0.38711006	0.57350166	0.601926494	0.478270153	0.440049768	0.406678603
0.607667157	0.380218764	0.589890162	0.454786366	0.488918514	0.428133422
0.656303158	0.571925909	0.433348459	0.512014969	0.452562262	0.476131219
0.454216284	0.472814059	0.465165914	0.478501526	0.392041912	0.454218731
0.527314978	0.531440578	0.499542216	0.531771637	0.442064017	0.447541522
0.45360255	0.65129692	0.510515539	0.494021529	0.46207041	0.418225298
0.544469411	0.521304932	0.503663205	0.484149767	0.464272335	0.440234128
0.554645383	0.57899122	0.560012197	0.405758977	0.490211187	0.453660858
0.545308723	0.419112705	0.561598703	0.456130945	0.414435813	0.464779739
0.484874544	0.470332022	0.503037334	0.513083176	0.441591303	0.41911052
0.710921906	0.522827038	0.436557692	0.438268562	0.427762451	0.467663913
0.557736813	0.571970933	0.488984418	0.472903665	0.432136028	0.424885842
0.743588008	0.599980722	0.474145307	0.355473426	0.391149844	0.423316741
0.620968688	0.378007486	0.434866377	0.467929089	0.474003704	0.491525088
0.518764516	0.641712685	0.496353275	0.375056602	0.460069247	0.469334496
0.425253531	0.517016873	0.541492749	0.48062327	0.499710532	0.503563561
0.504205696	0.457798451	0.551312266	0.410852333	0.507793839	0.46751335
0.772301501	0.475573214	0.493727231	0.465100798	0.438356031	0.474389101
0.613521645	0.472700853	0.485859069	0.485361313	0.534635892	0.439491605
0.55408765	0.493682026	0.422321521	0.370565899	0.399464289	0.462556601
0.508167435	0.602764228	0.530395762	0.538605023	0.39744815	0.415703231
0.566166677	0.461311743	0.418873485	0.535932676	0.470324328	0.432457101
0.482920715	0.535820542	0.5332567	0.36507354	0.508141842	0.453386888
0.502348439	0.42349677	0.454215922	0.455458867	0.488440905	0.408783479
0.593042262	0.448455614	0.537535211	0.474366754	0.448449314	0.459688191
0.724323011	0.476045348	0.507497532	0.434640166	0.45572304	0.477873664
0.572173623	0.38682647	0.499032125	0.401868657	0.46796319	0.472054036
0.617164293	0.580677279	0.491297952	0.410810763	0.435107019	0.493097583
0.704638729	0.434216985	0.496683347	0.414853926	0.439219867	0.403168184
0.54978172	0.601684329	0.54468335	0.451857185	0.497280338	0.494498703
0.389520171	0.432824785	0.451336775	0.422538243	0.429775674	0.415013318
0.645386539	0.520729675	0.423093357	0.456982542	0.435705398	0.428275355
0.567412589	0.629172968	0.527876122	0.425212456	0.447393285	0.45448312
0.62937484	0.461313867	0.432679396	0.433820244	0.502461099	0.448979642
0.599095346	0.577154802	0.406449371	0.464857221	0.33879168	0.451862733
0.636304708	0.432473959	0.511976211	0.463086087	0.409336063	0.410789339
0.695584512	0.452040455	0.447378943	0.414998943	0.43939004	0.429706267
0.684551334	0.595699962	0.595830666	0.445325373	0.498401351	0.421705335
0.467651368	0.537958189	0.538017183	0.52049432	0.481246431	0.409769551
0.491965919	0.429381664	0.529487003	0.471589351	0.451923159	0.470560111
0.65763302	0.481245228	0.405338031	0.480740988	0.429578254	0.469500238
0.646253378	0.566474092	0.418364986	0.420325826	0.420833333	0.457855368
0.632194373	0.594611095	0.485774092	0.442358344	0.41374346	0.463444259
0.577902246	0.582366663	0.534037984	0.542523987	0.479131224	0.423649405
0.573790728	0.540418491	0.477004238	0.437068649	0.473487178	0.474915613
0.553356071	0.510552067	0.468691522	0.478671446	0.448860356	0.468847357
0.516301298	0.454717905	0.466684475	0.40586291	0.409864929	0.499661172
0.489849963	0.499937696	0.485460002	0.542002573	0.419425624	0.483256143
0.492874339	0.382613709	0.501678769	0.490903225	0.43602073	0.397985252
0.546873083	0.526667721	0.485261572	0.458500651	0.458713069	0.436657248
0.614359589	0.51856781	0.533749895	0.500001826	0.502535135	0.464633012
0.419635903	0.434825775	0.417963874	0.458143852	0.430891911	0.465988458
0.616979497	0.617244508	0.443833059	0.555054131	0.487572308	0.490538016
0.627241478	0.497809829	0.496762378	0.450682653	0.456832923	0.454705249
0.50111696	0.460744457	0.391726242	0.562157785	0.461414078	0.429043201
0.534994021	0.503034318	0.516403104	0.441681155	0.411957967	0.44565523
0.487696055	0.630221818	0.437601534	0.445111734	0.472678408	0.484772214
0.588785439	0.553001812	0.418964344	0.480438431	0.494244241	0.487663624
0.584689619	0.540168244	0.490681873	0.460603293	0.466653079	0.473483344
0.536981504	0.54836054	0.46113932	0.399026285	0.427019462	0.476861911
0.539370663	0.539111939	0.454404949	0.397803312	0.423218698	0.472647572
0.652496839	0.469865376	0.501793404	0.508173188	0.451096083	0.471410265
0.467771207	0.521567235	0.461526672	0.487067078	0.544847647	0.481424162
0.74795639	0.502673954	0.583152711	0.474111988	0.469686419	0.506118457
0.486202197	0.626006851	0.548228795	0.568677761	0.491772411	0.452890776
0.627699163	0.460406104	0.441734174	0.44230317	0.443526556	0.445735968
0.576168475	0.583308817	0.430693959	0.401231437	0.476162541	0.45259239
0.625270731	0.56078646	0.501870445	0.469571087	0.464701832	0.478627228
0.670581229	0.524649457	0.480349117	0.401918425	0.482749175	0.432064445
0.525689015	0.422599777	0.606236935	0.500418702	0.489768936	0.457577098
0.537518036	0.573142363	0.441680968	0.45602179	0.466127276	0.469907204
0.649752408	0.577680248	0.446089529	0.457757549	0.51438704	0.448347914
0.404658934	0.45775928	0.478858324	0.508858018	0.449888868	0.451866335
0.363784785	0.392781318	0.396119498	0.432336341	0.527974413	0.510787928
0.495542004	0.744541336	0.32056391	0.512132334	0.445753617	0.493325622
0.467861339	0.60151276	0.535490944	0.444144129	0.463937597	0.469316606
0.593710646	0.474325903	0.604485225	0.361136877	0.478400074	0.464161752
0.509733571	0.567656291	0.647259407	0.470258635	0.521896527	0.512870768
0.498266565	0.521001749	0.44466642	0.479588009	0.447376372	0.456535472
0.541802461	0.506831251	0.485405933	0.520266954	0.458655009	0.455764241
0.415157954	0.64263605	0.501095641	0.443455176	0.474727029	0.470309317
0.424477102	0.464596168	0.460821511	0.470559957	0.541336104	0.510201518
0.504005122	0.589192587	0.489838285	0.342014362	0.506788267	0.466489408
0.528805117	0.554986538	0.530273216	0.493661072	0.468978506	0.475356131
0.440155666	0.497780418	0.56094038	0.411628017	0.466786742	0.478298057
0.461362515	0.457665185	0.501383463	0.464108021	0.448986744	0.524491072
0.68614624	0.409965085	0.560980425	0.450015032	0.472686981	0.450080812
0.638754897	0.483403625	0.46117106	0.466112765	0.443449436	0.460675571
0.484378034	0.490320037	0.483094849	0.47768062	0.496811406	0.464834198
0.51842405	0.431998069	0.524032002	0.452980803	0.509873667	0.484456557
0.494642056	0.352300608	0.43469706	0.49725122	0.56987184	0.445634517
0.547296712	0.42162356	0.497153147	0.464865709	0.45312981	0.430848854
0.597455335	0.503871377	0.497554067	0.530079585	0.498692939	0.471513928
0.67661459	0.459479183	0.395199593	0.538581616	0.433796926	0.483041762
0.539291914	0.472643051	0.53331607	0.532015387	0.485883218	0.462039641
0.509842179	0.599573471	0.472263182	0.410821792	0.499323622	0.497235966
0.576325999	0.489489487	0.391492597	0.467028953	0.431131716	0.408980127
0.409437243	0.563028907	0.448110154	0.540526704	0.493291735	0.442924958
0.652291349	0.560429056	0.46442842	0.493478478	0.451350512	0.489551085
0.60523184	0.531567276	0.550273995	0.420165012	0.438588712	0.418867055
0.543592253	0.389263579	0.430731612	0.56450619	0.43502673	0.479064758
0.440964983	0.457460439	0.567515336	0.419971766	0.45706095	0.459167722
0.586039159	0.556691615	0.528314896	0.500920889	0.475206573	0.433991406
0.425406326	0.394911875	0.361394844	0.450254799	0.449871878	0.447108782
0.543233481	0.423492148	0.453752865	0.519860114	0.361213141	0.506609675
0.605852349	0.440774383	0.49892437	0.448913297	0.475687182	0.478296489
0.524644364	0.452640632	0.447677273	0.413512545	0.438081428	0.396671692
0.487779522	0.498748236	0.389802294	0.4981559	0.425969678	0.456014568
0.439189132	0.472263984	0.516207638	0.435171199	0.436877633	0.446990099
0.440773324	0.533645893	0.489821665	0.439080112	0.5086644	0.439505859
0.589051318	0.409335988	0.461174584	0.402780156	0.469735786	0.472035964
0.496152435	0.477909197	0.410360057	0.49946106	0.435438022	0.414053367
0.489063366	0.557045014	0.435517376	0.435467745	0.422729226	0.48705662
0.609175938	0.435152262	0.493581635	0.476149024	0.461876565	0.473449299
0.65742689	0.523288087	0.467714973	0.47995908	0.483816022	0.416297612
0.559779456	0.471050916	0.328950589	0.494300417	0.452709696	0.428644788
0.642561822	0.49625312	0.504968639	0.473383079	0.491784044	0.474616708
0.568960968	0.503789209	0.51611955	0.450054473	0.426634858	0.406548768
0.453575244	0.489774386	0.557888038	0.460595409	0.531479324	0.44252759
0.688607701	0.589233163	0.543963762	0.437888517	0.542947525	0.427957569
0.605355361	0.45002362	0.515918399	0.477676916	0.438787051	0.430300978
0.396120668	0.526285585	0.522322819	0.53239217	0.52545347	0.47072304
0.512144605	0.6091729	0.492512021	0.507054803	0.606558759	0.424505833
0.392327367	0.50088231	0.494738137	0.409190737	0.533211792	0.479839865
0.539753493	0.42649678	0.381070586	0.507702742	0.496842455	0.400016546
0.476364559	0.466395109	0.462827968	0.444399437	0.466849803	0.512342045
0.49404187	0.332392555	0.515106287	0.42281753	0.492212689	0.45853519
0.645352072	0.515739199	0.512454938	0.508879712	0.493931799	0.452213334
0.745044167	0.53662869	0.534263972	0.442488043	0.483251064	0.460750121
0.332052465	0.477440543	0.501848893	0.461382226	0.392876001	0.459288427
0.620342875	0.498759881	0.43878263	0.475397435	0.450185131	0.46856086
0.471476748	0.527900114	0.464090014	0.496815132	0.473975336	0.461565396
0.566209183	0.419109171	0.522244296	0.39678507	0.439180722	0.46205358
0.568938141	0.644690574	0.468561434	0.545241353	0.440113604	0.510230752
0.429998953	0.406455005	0.472346212	0.512406486	0.410083294	0.435849987
0.53446598	0.470915176	0.539545522	0.571428531	0.445627225	0.441289656
0.56031158	0.574793564	0.479501162	0.460776987	0.506036023	0.457018668
0.573116538	0.52436776	0.478610312	0.449862263	0.437156204	0.441653267
0.560154563	0.448488346	0.442260201	0.498845888	0.513310002	0.469292642
0.558034593	0.46309248	0.438750986	0.389275833	0.421572999	0.492339738
0.499598163	0.507334691	0.519340828	0.409965322	0.455761508	0.495493486
0.663038777	0.451288564	0.50948337	0.47948817	0.490914415	0.450979048
0.372150347	0.549921175	0.445084565	0.38583275	0.456139482	0.457246441
0.48074671	0.546677692	0.483482395	0.508239727	0.52437777	0.421966615
0.506654488	0.545559648	0.503985144	0.535999483	0.477997559	0.458401656
0.622895727	0.470039088	0.417945548	0.445446717	0.481170857	0.412798288
0.49188288	0.50248828	0.520989252	0.454012416	0.467854626	0.435932668
0.689024094	0.471432617	0.418051242	0.503638276	0.465698558	0.42831339
0.52140224	0.451304994	0.472723274	0.477494708	0.457311042	0.410324613
0.626171206	0.545228238	0.491054094	0.499581347	0.495231428	0.452340954
0.577894548	0.456961921	0.544605045	0.41147856	0.484855647	0.442129111
0.333131637	0.668844339	0.430508891	0.422879437	0.479027651	0.462853036
0.623294007	0.376232474	0.609200262	0.488271378	0.533888848	0.441011909
0.4995377	0.440917893	0.408895682	0.449555767	0.441818781	0.445966131
0.478912259	0.481467571	0.525078557	0.507737501	0.53214537	0.435521308
0.55560109	0.493060343	0.479486094	0.346597942	0.465081356	0.430368748
0.522034724	0.589268365	0.437577089	0.552905259	0.436337703	0.457066329
0.756888871	0.470170164	0.441054919	0.448940054	0.488582289	0.443317506
0.643084123	0.411058158	0.522373616	0.481952371	0.538385648	0.481389785
0.537252709	0.466577719	0.43362372	0.535038324	0.568448693	0.436420075
0.436342873	0.508008316	0.438711	0.59024588	0.397177629	0.512293971
0.379672486	0.38480628	0.452674134	0.428855563	0.497379586	0.43960021
0.406184714	0.489403839	0.563963138	0.442986557	0.453929428	0.474991391
0.685101302	0.514686302	0.510317145	0.517208446	0.424318752	0.47895029
0.602683233	0.60618929	0.532338766	0.563125909	0.446475999	0.41668418
0.509898725	0.501979989	0.499390954	0.503819438	0.528431107	0.472228151
0.512089683	0.495794498	0.469039649	0.523366324	0.43199293	0.441293526
0.527386631	0.453596585	0.499252052	0.550106256	0.471204156	0.465193213
0.789044705	0.501606251	0.347054182	0.463062664	0.387742102	0.414350549
0.546105962	0.575848735	0.478042809	0.40042781	0.462472236	0.431306809
0.531807353	0.556194993	0.551058263	0.489723194	0.473096111	0.435179421
0.582082124	0.413523349	0.560266637	0.38757897	0.515783333	0.453078322
0.489476579	0.530614382	0.424245423	0.437057184	0.522419045	0.405588533
0.513345308	0.583197431	0.476565833	0.497488524	0.493134539	0.488159503
0.573391002	0.482841048	0.528648375	0.526091737	0.55072659	0.449270269
0.498600832	0.528478853	0.45753685	0.42466211	0.430320053	0.490865261
0.565644689	0.451260031	0.469436871	0.496714517	0.527070215	0.440642215
0.491130923	0.489915988	0.450012386	0.424469237	0.481238218	0.457805656
0.5900908	0.524564793	0.529811216	0.477655497	0.426744002	0.469492369
0.592288671	0.479927493	0.470602096	0.510900436	0.449934998	0.384660438
0.473943763	0.559822492	0.413060074	0.590777526	0.470687201	0.491193729
0.510879457	0.560844779	0.497319503	0.379119354	0.492560872	0.460418066
0.511257784	0.413118193	0.538684671	0.429061279	0.403328135	0.468739037
0.431182893	0.466701547	0.503855846	0.560886148	0.40197954	0.441461546
0.501936489	0.540943311	0.456498781	0.461555927	0.532378675	0.376741006
0.407560755	0.416383726	0.484880455	0.409484431	0.534789182	0.437710198
0.60782094	0.448421094	0.481879924	0.473026073	0.466158716	0.420400348
0.374338041	0.701963262	0.6062895	0.413733687	0.542206871	0.40058695
0.576356707	0.573282634	0.499198105	0.440662556	0.451490056	0.504827731
0.52125494	0.427930276	0.460093166	0.425213237	0.506586986	0.46201097
0.537751028	0.477282946	0.530496348	0.521366766	0.429075957	0.449738061
0.377071846	0.634757279	0.508190831	0.484611599	0.460278376	0.454368383
0.613838444	0.521269915	0.475808873	0.507970854	0.464558929	0.468029897
0.63601249	0.505970785	0.440179783	0.448303501	0.480642767	0.488517576
0.528885878	0.489440127	0.433536492	0.395224883	0.52721044	0.45839735
0.484678722	0.471901005	0.468865543	0.439538017	0.442139395	0.475986046
0.526534324	0.442278153	0.488668708	0.449888935	0.440695297	0.444209019
0.676767269	0.625560925	0.414585797	0.408170878	0.459191289	0.481850769
0.466437784	0.543236198	0.515033597	0.485343597	0.410284064	0.408980685
0.537650063	0.47552375	0.505954372	0.447671642	0.488505124	0.488952533
0.495236974	0.493277714	0.397008545	0.633818922	0.519159958	0.474751773
0.575887473	0.420805932	0.436001298	0.465038364	0.505050621	0.460111163
0.47163932	0.584360125	0.560594361	0.500330248	0.433231624	0.496367777
0.536056732	0.565395836	0.589803988	0.450499373	0.520513189	0.422048742
0.566361238	0.49937044	0.492288142	0.438617194	0.428385078	0.463974541
0.518084325	0.446472253	0.549287349	0.430218677	0.437192559	0.377502465
0.496247633	0.445315995	0.493845165	0.419500732	0.48887481	0.387123772
0.595271063	0.447266228	0.527006848	0.470569793	0.417221201	0.419678093
0.441469686	0.550145258	0.475945218	0.409392839	0.522815231	0.435554961
0.49427159	0.557889614	0.494644853	0.496504123	0.4372835	0.475318189
0.620950263	0.543867616	0.458256776	0.47960584	0.536175146	0.456958375
0.44135445	0.468067076	0.508177268	0.556647619	0.372125691	0.495266361
0.646228521	0.501424249	0.490020577	0.500794855	0.452837847	0.432713776
0.615453615	0.546859104	0.510340157	0.473616166	0.450415394	0.494276413
0.654384641	0.495343914	0.438169274	0.449884641	0.509444417	0.484803263
0.675787373	0.560873733	0.409933337	0.497250769	0.414615187	0.452067223
0.451891205	0.542269789	0.465287707	0.53377019	0.578723974	0.454051463
0.482705352	0.496606397	0.459196675	0.438913794	0.488809647	0.429354376
0.574359523	0.490043868	0.424633798	0.466491967	0.520654295	0.464182957
0.502240529	0.432342844	0.509189118	0.523812392	0.437469977	0.442806711
0.463819097	0.6130977	0.496518067	0.485461092	0.490371167	0.435263729
0.68672856	0.534939898	0.517693067	0.513018315	0.520158724	0.417253426
0.62386412	0.613789082	0.465396928	0.431327697	0.550714155	0.434737435
0.570191219	0.49901209	0.429062044	0.460472265	0.539846358	0.399547613
0.606709228	0.451246441	0.503030787	0.40862155	0.450138219	0.501870961
0.788335521	0.480129909	0.56316818	0.563527613	0.521643551	0.497490292
0.449858175	0.626752211	0.5271059	0.480501096	0.422529866	0.48014319
0.567826092	0.563643625	0.466859242	0.498351555	0.483273635	0.432976284
0.563471749	0.379755496	0.508342177	0.502304532	0.497066518	0.421982822
0.614790207	0.446797913	0.407788616	0.399596947	0.420468279	0.457565511
0.664432957	0.502015184	0.456379322	0.44627618	0.529424424	0.476331538
0.620130906	0.530495415	0.420483423	0.449698186	0.44837864	0.440713459
0.585244024	0.570787372	0.481017083	0.462759944	0.441989046	0.404781032
0.395621543	0.426190779	0.497283519	0.445846183	0.454876618	0.455680511
0.652483382	0.467994709	0.507350068	0.490406809	0.461696096	0.471191542
0.370833914	0.507707912	0.454884015	0.422277609	0.48096136	0.440504522
0.394879331	0.387202764	0.487913624	0.458190368	0.498470018	0.448544502
0.418834726	0.502604305	0.507528599	0.503501814	0.442619292	0.45849169
0.548877904	0.520149962	0.53791191	0.504125431	0.441066569	0.442743981
0.585100886	0.588934929	0.408177116	0.534070522	0.473601665	0.452719493
0.510140244	0.486007574	0.490381945	0.423662748	0.3974234	0.439385406
0.605063269	0.508282005	0.483726939	0.405593933	0.44069433	0.453756691
0.512625429	0.558870379	0.379425546	0.390892982	0.415032809	0.459602182
0.448512626	0.606219681	0.448357661	0.498520169	0.486130373	0.452211931
0.615112826	0.486170557	0.499118896	0.626940224	0.446732372	0.493489068
0.513167179	0.497921617	0.445802432	0.407342208	0.488928082	0.480385992
0.518826097	0.442450121	0.476971641	0.466258246	0.429356038	0.51682894
0.526598255	0.52722181	0.437455746	0.44177214	0.443307485	0.490112078
0.579902416	0.544717853	0.475370109	0.531886511	0.508734186	0.445977291
0.597930969	0.53343685	0.496666793	0.563313273	0.463837264	0.455114537
0.521433652	0.448123349	0.382823069	0.426491886	0.492624866	0.438117994
0.574933219	0.385363353	0.489017637	0.473923885	0.547269172	0.445768522
0.53977432	0.437420272	0.590804702	0.534135959	0.351237325	0.465293011
0.538248873	0.463729119	0.464059202	0.449627434	0.501469534	0.414773938
0.45622797	0.487272001	0.411835286	0.482354329	0.43029983	0.460195028
0.673728331	0.503096147	0.447101639	0.426368214	0.446781098	0.444683299
0.630584819	0.536447013	0.52084595	0.520226197	0.533528073	0.527253302
0.678601429	0.423542838	0.443244407	0.415941532	0.425449981	0.431648493
0.425619277	0.505027445	0.465031537	0.510995958	0.430099189	0.473893709
0.652243867	0.407788451	0.433801354	0.503759348	0.494209612	0.512706236
0.604270586	0.373603806	0.511133844	0.446365872	0.459072738	0.471637857
0.62507913	0.453467191	0.515984715	0.557517654	0.422929565	0.381566543
0.766913889	0.552714735	0.556320811	0.45559879	0.377093402	0.419146674
0.571422701	0.452407063	0.416424043	0.515739562	0.433805125	0.437765303
0.531925918	0.407101891	0.558073943	0.500273215	0.432774339	0.501998867
0.680644339	0.39919375	0.446623564	0.512906663	0.385530908	0.482410334
0.512303107	0.48350999	0.478024677	0.442409766	0.470840622	0.458883233
0.467019665	0.474211889	0.458680018	0.411166307	0.499932737	0.442698143
0.53672343	0.503142248	0.461517009	0.527635829	0.425733092	0.399618126
0.436658356	0.470355944	0.422513429	0.429576068	0.454281009	0.429419287
0.637162941	0.524854393	0.478759766	0.357495668	0.416726729	0.444792859
0.509936307	0.554305149	0.454354412	0.40354078	0.421048263	0.433854723
0.452422876	0.488282004	0.49221874	0.491414738	0.478528573	0.451176269
0.77571696	0.460407136	0.381454236	0.459179787	0.469955954	0.502865168
0.618353529	0.520458331	0.527693927	0.455466597	0.454798466	0.416631773
0.518004963	0.4648302	0.429087959	0.599694899	0.392881776	0.428482321
0.59841211	0.528586363	0.427287293	0.448664527	0.468912766	0.500516514
0.638998834	0.448621915	0.420385873	0.425990326	0.403698927	0.48844047
0.48752868	0.568847276	0.442597054	0.556155102	0.452941713	0.469321308
0.594178097	0.586502486	0.556519325	0.510831372	0.549050514	0.473962375
0.562843373	0.482097747	0.454724101	0.526646601	0.458629696	0.451012737
0.471076672	0.515850835	0.557572958	0.449089697	0.441137778	0.473679713
0.51081482	0.449275913	0.476435478	0.540533822	0.490092448	0.413412375
0.704041094	0.579304148	0.597678982	0.373936421	0.429653328	0.485416492
0.405830749	0.512521028	0.478820915	0.406235081	0.438475682	0.420058335
0.475093933	0.378477105	0.403425666	0.477255759	0.454684148	0.446372445
0.623255983	0.501145529	0.506017634	0.448448492	0.369093196	0.49702156
0.455031642	0.469471008	0.475076596	0.429408719	0.372269234	0.46403277
0.443513417	0.512310075	0.562718192	0.504595794	0.48150121	0.427558226
0.438981075	0.51373934	0.396906169	0.463793595	0.448380857	0.42382581
0.45186003	0.524705272	0.416662367	0.509718801	0.440544549	0.496045061
0.568424124	0.52198834	0.465649447	0.421378456	0.494558053	0.430184285
0.621436636	0.55208548	0.468744942	0.523131794	0.437769622	0.47210907
0.507163402	0.413348824	0.441530818	0.433745805	0.548344977	0.518731323
0.75985032	0.484725495	0.493084375	0.460341881	0.481170975	0.455327213
0.552432565	0.542066595	0.43594416	0.517586013	0.468476607	0.429434951
0.405231037	0.486943981	0.528166389	0.40203062	0.450348715	0.478788093
0.611328968	0.413435305	0.397182971	0.436212077	0.470495722	0.466279017
0.407759705	0.528068618	0.471254004	0.538915446	0.465567125	0.463305219
0.503726714	0.490493823	0.429916657	0.423047722	0.449716653	0.504581898
0.6477715	0.3857885	0.464845393	0.468528992	0.403129211	0.493660525
0.673919586	0.433984456	0.574729607	0.53535267	0.420689223	0.474365816
0.601163098	0.447670892	0.55178409	0.409502783	0.451320878	0.440480671
0.522545992	0.508146121	0.404907731	0.390764093	0.433920592	0.432771241
0.492206652	0.483999317	0.422156776	0.458473077	0.463084007	0.479873638
0.594113591	0.613005375	0.430262792	0.464304366	0.545714496	0.476042717
0.604224156	0.408164293	0.389340193	0.512391863	0.422144697	0.518331101
0.519723893	0.481028087	0.488584558	0.514812386	0.511448154	0.476216304
0.386841273	0.430129656	0.621167515	0.520336753	0.459737837	0.436134245
0.601028413	0.440375735	0.471078014	0.516589003	0.471156504	0.436265908
0.650359214	0.539909947	0.464540102	0.436948955	0.448837171	0.527238004
0.645538723	0.409641649	0.494474509	0.572176402	0.412002165	0.435599516
0.490998515	0.612592619	0.524146652	0.424001291	0.523935569	0.481532773
0.631454759	0.460186399	0.504150135	0.393629358	0.427210283	0.464668478
0.597474495	0.477176786	0.417243194	0.438681865	0.454873935	0.447727305
0.767193839	0.558212936	0.597130131	0.520397164	0.435615603	0.468715373
0.586706261	0.511884585	0.561201359	0.44752351	0.467697139	0.448018357
0.639420536	0.440663872	0.411929782	0.505724393	0.590482596	0.419402705
0.576150152	0.53401447	0.479944046	0.487582414	0.499945021	0.417089605
0.432493859	0.531238633	0.425687147	0.552418308	0.463024204	0.388278883
0.618047438	0.523779311	0.397707039	0.465391134	0.451802407	0.381467746
0.545520007	0.493842567	0.410054262	0.487293156	0.460295636	0.471362138
0.457554008	0.605150635	0.375461533	0.351191814	0.481862622	0.432889513
0.523334356	0.507946753	0.460352188	0.502387476	0.496067899	0.474043846
0.569208959	0.537700004	0.45788043	0.56347666	0.387393898	0.480742629
0.460861463	0.515620459	0.50273601	0.476575147	0.442417985	0.498131233
0.479163172	0.446321491	0.437358252	0.467453602	0.467539298	0.504972506
0.504548013	0.604823417	0.503002855	0.49057589	0.483150328	0.395877573
0.633534887	0.540209168	0.491378642	0.524487309	0.378597594	0.446824933
0.460078969	0.483549068	0.401588025	0.45627638	0.456748283	0.477204336
0.524257902	0.493274993	0.508133658	0.475058699	0.485775372	0.431821614
0.519604739	0.591901313	0.363746459	0.442970835	0.42400944	0.445745462
0.652924353	0.403710012	0.581643382	0.51001307	0.484278318	0.471620437
0.586337867	0.51111457	0.47284415	0.490241601	0.429305603	0.470033283
0.542301164	0.538524178	0.559338339	0.505325489	0.483586606	0.493993893
0.50529575	0.575981064	0.482582422	0.508197709	0.411711656	0.472589185
0.585552389	0.498654165	0.514865483	0.527390171	0.48705937	0.408330915
0.407942936	0.491395353	0.498035128	0.554832871	0.483899007	0.509082342
0.709779311	0.410751405	0.436527621	0.570101693	0.47596578	0.387458953
0.802870345	0.506259616	0.480804997	0.462384974	0.499135675	0.429143695
0.712123971	0.530995525	0.589444712	0.456408928	0.440736889	0.447341457
0.55867554	0.460129105	0.587112335	0.432687579	0.484788463	0.425625476
0.478998739	0.446033466	0.4932093	0.460981706	0.434364179	0.455786639
0.687770231	0.489918905	0.478337601	0.467326585	0.444176506	0.455942405
0.63903066	0.467799802	0.377625062	0.420669532	0.504733652	0.503913117
0.744945112	0.420520929	0.607778407	0.416529862	0.46619873	0.451985139
0.604361617	0.526686457	0.437883377	0.475519513	0.423884199	0.485942419
0.63741831	0.465962373	0.571360549	0.485728351	0.505793699	0.411039437
0.544945065	0.508776686	0.506681125	0.503769841	0.530649685	0.472343137
0.655379177	0.585772582	0.500704273	0.412267603	0.484330535	0.457923889
0.545104087	0.485300965	0.442130022	0.491286329	0.511743512	0.426133275
0.570043926	0.412511287	0.438173365	0.518240437	0.490543877	0.43603103
0.580276123	0.492070208	0.479493425	0.453035199	0.548781715	0.450010146
0.675507234	0.420695069	0.466337178	0.560236826	0.479897622	0.484057381
0.398409418	0.469029537	0.48455553	0.432446376	0.495052666	0.441572915
0.562387168	0.550475227	0.446636627	0.508374142	0.488429261	0.494942701
0.481471974	0.390704048	0.481030997	0.476424386	0.480734786	0.451546919
0.557651829	0.598018192	0.426535138	0.499448418	0.482355713	0.411386871
0.501724092	0.466935084	0.479245554	0.508019397	0.52031758	0.442871947
0.54157301	0.42456653	0.4721306	0.517916214	0.483034738	0.473855072
0.483704163	0.442614875	0.515814087	0.474600808	0.477414608	0.454067878
0.642048494	0.613094896	0.491262828	0.430479801	0.438931185	0.452843604
0.60138648	0.412797527	0.497514358	0.457624425	0.401890726	0.452819792
0.687685714	0.47519416	0.584912804	0.479408885	0.469249324	0.516725633
0.507702099	0.5953743	0.405735986	0.472241087	0.410794823	0.521393154
0.612635062	0.495270603	0.507446553	0.58217837	0.41013091	0.419889651
0.682637679	0.48067287	0.466649172	0.515891892	0.407717183	0.428073797
0.655857924	0.462132491	0.510517651	0.46650735	0.484654833	0.456697338
0.701777394	0.408366771	0.508376709	0.481954161	0.55533535	0.49687849
0.632150723	0.462068158	0.363461882	0.454323228	0.513843592	0.484107597
0.52231604	0.491712462	0.51409717	0.462823025	0.454343825	0.441372883
0.607476959	0.618339574	0.48155748	0.427829105	0.415004219	0.511943512
0.710861066	0.475287623	0.487737684	0.442470634	0.493958991	0.447203929
0.500626264	0.607839257	0.427598899	0.455628255	0.45433639	0.442446425
0.522716801	0.586878799	0.461379072	0.448119201	0.439636593	0.450159802
0.533060518	0.494003645	0.486718774	0.471731638	0.423819799	0.398875192
0.717455509	0.519157835	0.496060485	0.306120899	0.455375286	0.443428668
0.65038889	0.543967721	0.345224826	0.403027704	0.462365951	0.405600693
0.506008901	0.514403364	0.500108375	0.464411815	0.450487829	0.456259547
0.505261372	0.512276331	0.465307397	0.494606083	0.479426096	0.460636029
0.615575373	0.486934478	0.559757712	0.455640174	0.469745624	0.470074155
0.502953975	0.575117114	0.447844196	0.555295989	0.513274288	0.458682412
0.641805475	0.504889999	0.419836804	0.494041961	0.538958189	0.431574625
0.526907347	0.409948783	0.491792506	0.418770018	0.483082121	0.463559407
0.499936166	0.526324787	0.530909017	0.412643036	0.451881825	0.502573154
0.554715751	0.474138148	0.602580668	0.50366742	0.474851585	0.450793982
0.568585687	0.648326514	0.500528978	0.459922198	0.409816055	0.454164493
0.758030422	0.347972226	0.468732921	0.530177141	0.388544194	0.517848444
0.538316264	0.561447183	0.481236162	0.45054802	0.459015781	0.473342051
0.51635936	0.475514553	0.482921829	0.408787213	0.522535713	0.47551634
0.491336192	0.511866775	0.423697493	0.445847215	0.37272008	0.448510271
0.702318298	0.53930107	0.526378478	0.426049007	0.556396768	0.460108124
0.752529614	0.50865365	0.474940312	0.434709539	0.484043465	0.410922349
0.666611769	0.483898052	0.418971656	0.522224622	0.442481145	0.440916775
0.675625556	0.482998825	0.461860574	0.437054171	0.507046171	0.451634062
0.455420418	0.390649898	0.481157866	0.410775192	0.582677453	0.414909031
0.511661359	0.535919249	0.475034071	0.52089581	0.462319607	0.423980631
0.608964482	0.631723617	0.528361856	0.419112443	0.438519366	0.442252205
0.711095362	0.514016376	0.447505659	0.43732453	0.441537492	0.410223114
0.360967581	0.354936807	0.504321081	0.482559226	0.372349174	0.441348351
0.596039079	0.479761164	0.443190429	0.485733256	0.505563602	0.403921414
0.459096627	0.45692185	0.52201453	0.423604089	0.447382279	0.495016432
0.501170696	0.508768439	0.453128743	0.445271302	0.477553574	0.451200349
0.583327165	0.58455648	0.444829749	0.450667017	0.488685741	0.510022162
0.548144059	0.491780442	0.414179381	0.536940185	0.47668068	0.418323072
0.407993265	0.492644543	0.482184454	0.437672486	0.445470918	0.464216407
0.490554287	0.41001926	0.446502414	0.535184248	0.441056807	0.45195795
0.40214583	0.406636008	0.524028179	0.534115601	0.448823023	0.470130025
0.663846515	0.539280829	0.433151852	0.455399059	0.432154706	0.464620978
0.515722851	0.451179023	0.558708902	0.49164655	0.455362166	0.462395182
0.672802314	0.506231531	0.463726004	0.431209005	0.473534408	0.471321551
0.596273003	0.474072069	0.509043294	0.493976082	0.487719474	0.441284118
0.549244552	0.492679264	0.516981437	0.442946636	0.496794762	0.438740306
0.569138362	0.431992935	0.40880208	0.421805187	0.53781935	0.440554412
0.651656158	0.467515003	0.515407459	0.419282743	0.37573033	0.534460718
0.533970219	0.499002064	0.541872973	0.529763475	0.419376664	0.447730656
0.522477604	0.576553642	0.508772621	0.482562671	0.530748673	0.455152895
0.529457411	0.484226336	0.577587261	0.489070411	0.475914922	0.489774549
0.472818621	0.489440337	0.498724395	0.439583209	0.476606696	0.452099833
0.634584084	0.597816444	0.537360529	0.499732152	0.376056576	0.449231234
0.612928122	0.440348733	0.504430525	0.53641147	0.477058297	0.489729822
0.575197518	0.455120021	0.483693027	0.501782926	0.558513221	0.448608275
0.435551761	0.488812212	0.539712034	0.373679486	0.397529367	0.465618443
0.582855486	0.407796424	0.474814023	0.476313223	0.493847598	0.427537433
0.509370491	0.611445844	0.401484367	0.465650281	0.453756033	0.441969018
0.522931695	0.57090749	0.430761892	0.47565188	0.52420424	0.418549073
0.581205933	0.513924613	0.436383103	0.474589477	0.477727259	0.385483642
0.573830319	0.53182246	0.54180759	0.490153225	0.504914677	0.418692728
0.711641248	0.52153717	0.471420051	0.452056567	0.425982858	0.437102849
0.398774824	0.407092218	0.467859554	0.527485406	0.517391551	0.443889253
0.552957414	0.396252473	0.574132934	0.431305985	0.486983383	0.427813046
0.641233051	0.540245914	0.450607185	0.451646922	0.494937065	0.417082443
0.697398799	0.545448351	0.505160682	0.409015238	0.491032951	0.486949287
0.482075224	0.469005425	0.430396722	0.440544198	0.381353955	0.463642994
0.618703163	0.502867459	0.494736919	0.525246237	0.434106876	0.423431292
0.527795449	0.628715256	0.574710702	0.382729159	0.427594459	0.460455183
0.50184801	0.594931692	0.531111907	0.414164589	0.550640438	0.410544159
0.582989817	0.62778584	0.434246762	0.431650996	0.592990582	0.443347044
0.427036819	0.445596117	0.494368438	0.420933091	0.422712423	0.468035818
0.534885535	0.522942338	0.500892707	0.520546769	0.517242911	0.468199386
0.847823264	0.514335672	0.450408488	0.529726367	0.547795801	0.438149812
0.501828009	0.419179994	0.455563276	0.383079166	0.455214466	0.448260409
0.591678844	0.438054774	0.493011034	0.479155941	0.545242281	0.446662957
0.566824052	0.467887736	0.491325297	0.527337834	0.483228402	0.437026449
0.525473826	0.446393042	0.561902773	0.574231406	0.496323351	0.471034905
0.691058861	0.537867012	0.406443976	0.438266628	0.441667879	0.452815608
0.483683179	0.413176162	0.503815849	0.494084086	0.513441604	0.420229421
0.639578365	0.570510118	0.536797392	0.547265693	0.466037854	0.407455811
0.457828752	0.588301237	0.48359684	0.518927881	0.444931714	0.442773018
0.484662656	0.490890161	0.440822425	0.474387845	0.434020606	0.489024391
0.642587462	0.536702706	0.488566507	0.415771965	0.438307367	0.440467132
0.688533082	0.497490506	0.378269472	0.446883795	0.463536136	0.439619647
0.564334947	0.554995681	0.443085091	0.533262104	0.454880954	0.41816067
0.579087188	0.534318116	0.427105832	0.466729333	0.475382176	0.443845977
0.520782404	0.554122089	0.469771419	0.495497159	0.464751535	0.484654803
0.527342859	0.449167398	0.417863467	0.467660654	0.438300807	0.479105069
0.609923749	0.481768688	0.475489983	0.426593014	0.495833766	0.41708192
0.657476867	0.519430537	0.396251132	0.456946763	0.358756658	0.454651797
0.52225048	0.633445205	0.520338671	0.468738233	0.455841407	0.397484759
0.503334897	0.502470166	0.445221971	0.474803487	0.417705233	0.479007661
0.627178902	0.501948604	0.477448914	0.455739934	0.494949908	0.444938955
0.499840346	0.575019077	0.456553006	0.535410584	0.470005947	0.473501519
0.48671329	0.519598744	0.465553363	0.424772804	0.486579293	0.410385881
0.531180797	0.495460612	0.532150156	0.50555638	0.521551256	0.492809535
0.461326659	0.512748899	0.367247674	0.507802995	0.459492738	0.4272978
0.449751736	0.428149785	0.418673419	0.45770831	0.519637947	0.447680972
0.613873251	0.673328287	0.465022424	0.482048758	0.453306333	0.46684464
0.510118161	0.533137632	0.36204901	0.471974039	0.402210765	0.499553628
0.533318581	0.535773616	0.511399738	0.451142211	0.477441434	0.433274503
0.474395336	0.534643894	0.56138939	0.445535332	0.439523726	0.453186858
0.59628484	0.565530448	0.450136486	0.487051918	0.483133549	0.477595786
0.575844258	0.438712599	0.490477468	0.484264879	0.412259804	0.450665225
0.657476453	0.464892457	0.580305009	0.499328672	0.402830303	0.441214642
0.473466838	0.409104545	0.469230826	0.411728944	0.477392566	0.399637273
0.493361606	0.635914941	0.531797222	0.567767762	0.479462652	0.480848927
0.614739085	0.558223554	0.539758927	0.393396884	0.460444018	0.472110078
0.672860222	0.570679739	0.446107419	0.492649651	0.399828747	0.495811487
0.487883583	0.64650339	0.489834346	0.492532762	0.417889589	0.461203551
0.594526427	0.420375396	0.486923239	0.418569333	0.449888961	0.454075366
0.683764343	0.494329498	0.472863605	0.438034654	0.466929114	0.382532124
0.511162877	0.449004234	0.508083188	0.519132443	0.439749282	0.486438719
0.664992395	0.479019652	0.442346588	0.524667186	0.462378977	0.398333707
0.636449813	0.427082455	0.512112096	0.407497498	0.409379421	0.482516347
0.571053165	0.491541341	0.57218947	0.47784266	0.441485588	0.474572357
0.482164962	0.537311792	0.494841563	0.522026623	0.404007098	0.437887362
0.3844378	0.434633873	0.523564116	0.483696777	0.583875709	0.461264582
0.414534013	0.620471992	0.440004985	0.349762262	0.480856549	0.448400916
0.431457764	0.515401922	0.535224771	0.425762059	0.443911461	0.442041535
0.410670107	0.61102849	0.389371923	0.417785099	0.436489461	0.443220651
0.48979602	0.537803402	0.519745231	0.518083348	0.437728584	0.430113346
0.552404185	0.500719	0.468858928	0.442610619	0.521965551	0.490263362
0.684372702	0.474350859	0.444779214	0.493169874	0.450858089	0.469819416
0.584095698	0.597541797	0.512814883	0.386087708	0.503670634	0.438053274
0.396423175	0.517451885	0.54118794	0.492239805	0.47056081	0.522764146
0.553429893	0.528991874	0.550938492	0.471155456	0.500251044	0.433351306
0.464423756	0.515502837	0.499489955	0.469326443	0.468850193	0.437168096
0.556933826	0.487504974	0.460002973	0.403988564	0.518932247	0.399096526
0.553721827	0.478215282	0.464534022	0.415436732	0.474482897	0.444809612
0.461013405	0.527614773	0.426320444	0.456037897	0.490049622	0.452452986
0.642622049	0.564665015	0.490819541	0.465914882	0.414022711	0.393789946
0.534600522	0.585949842	0.429517175	0.446453039	0.519759421	0.470864527
0.568799129	0.464970727	0.563552888	0.424614461	0.504137195	0.414432506
0.633553805	0.601830739	0.512776415	0.462400627	0.443746811	0.477075778
0.383888922	0.609294634	0.462510812	0.590368379	0.463029544	0.462012729
0.480211673	0.367549901	0.51259028	0.454198545	0.471096842	0.440321215
0.45116528	0.626179507	0.450607037	0.490154724	0.468941217	0.408246378
0.551398862	0.57067713	0.445423036	0.448854207	0.477562757	0.456645413
0.505519888	0.392027066	0.530136264	0.498664195	0.491918554	0.471819248
0.610267702	0.530199999	0.487981871	0.474934053	0.469248083	0.516167664
0.556730853	0.495461926	0.439344288	0.47451808	0.493114853	0.46425783
0.427319342	0.551191723	0.503712457	0.416829106	0.509555914	0.452149002
0.474106088	0.587435833	0.544691813	0.478534952	0.489413819	0.469538849
0.438218986	0.508011139	0.414817976	0.474953577	0.539272727	0.399128461
0.438399142	0.427262602	0.483973491	0.524266535	0.489030124	0.488489953
0.530773614	0.502414036	0.527680775	0.483650252	0.455345763	0.412676823
0.633808527	0.53350567	0.539357114	0.485159719	0.411265861	0.495764359
0.611812214	0.533614496	0.594627745	0.553847929	0.409093039	0.459412423
0.378925507	0.634072073	0.490262728	0.499405116	0.562705245	0.457507065
0.668917451	0.602896893	0.520816158	0.493928337	0.435339347	0.479999813
0.699791854	0.454593084	0.365890066	0.458674476	0.51261672	0.447392103
0.624707597	0.607198227	0.503803802	0.467409543	0.446146719	0.485098069
0.500408709	0.402764287	0.452954501	0.420693165	0.412064542	0.494327662
0.659341522	0.489669727	0.5250817	0.410541017	0.471652765	0.428645045
0.57429667	0.480035273	0.443599156	0.499383155	0.456441915	0.465154177
0.427278529	0.435979109	0.375806352	0.54208651	0.444556975	0.488518772
0.546346256	0.508209411	0.408287495	0.374016849	0.40665951	0.442059417
0.497413535	0.543586693	0.488359152	0.463448999	0.403636342	0.469401851
0.558990593	0.478237086	0.486225139	0.464675641	0.437197283	0.468964372
0.340585115	0.424646575	0.506769395	0.469785434	0.496447254	0.439314516
0.631962677	0.453198795	0.482054422	0.479560604	0.453426585	0.43773922
0.608224985	0.457723877	0.460310995	0.398060458	0.437169972	0.469915721
0.58480593	0.428791408	0.452534854	0.522887604	0.463117441	0.484295898
0.599588398	0.488685526	0.543991422	0.48115201	0.361745305	0.501159192
0.502500308	0.433843738	0.460977597	0.466167018	0.499765925	0.48818709
0.45323362	0.483165585	0.414517706	0.479879415	0.453341981	0.512039773
0.441208612	0.469178742	0.441348024	0.396760237	0.470341233	0.446488008
0.629449196	0.660226105	0.457194254	0.508165903	0.506435974	0.461396911
0.542384964	0.673453037	0.470459741	0.50301352	0.494039237	0.488406968
0.535827369	0.538168701	0.515445037	0.45826151	0.428162728	0.460449567
0.529918523	0.53252423	0.5408659	0.470922205	0.448904407	0.485853285
0.481901984	0.508429817	0.396126323	0.416132365	0.518708991	0.403644194
0.803221033	0.410415626	0.563001623	0.530667747	0.565795343	0.453781372
0.456880375	0.429461733	0.468409056	0.495738875	0.399698213	0.392579054
0.683481188	0.635680176	0.525023669	0.411588843	0.451337591	0.448037415
0.585679044	0.538303813	0.544317809	0.416051577	0.475210162	0.461700299
0.649606383	0.46799332	0.466968162	0.496539686	0.423871976	0.421536977
0.549276415	0.545063118	0.452221991	0.482493104	0.397101026	0.48244965
0.433871006	0.503478379	0.600456486	0.436501327	0.377090163	0.491158727
0.574913362	0.554059804	0.512090931	0.519893648	0.399785322	0.465309731
0.490086763	0.488783978	0.469960786	0.547500932	0.541681803	0.409973966
0.5852638	0.485493883	0.455827313	0.527736875	0.469634148	0.44111941
0.583949436	0.525717411	0.50535155	0.396284003	0.498987946	0.472178812
0.489793871	0.542308144	0.424455357	0.467387968	0.533751313	0.43033845
0.596335933	0.534908668	0.441423453	0.484933733	0.526229478	0.48971866
0.564416264	0.486676339	0.562838781	0.419835648	0.527668965	0.523183524
0.537636627	0.390921735	0.485721686	0.572820062	0.416837903	0.46097892
0.735712589	0.50359012	0.503086934	0.504483882	0.413291724	0.418398351
0.490564616	0.428332186	0.51523115	0.512003218	0.383153036	0.462750605
0.525911221	0.562801596	0.480881094	0.498784357	0.51238024	0.477269348
0.532902607	0.484572555	0.46254818	0.514982063	0.498604162	0.45106186
0.479059708	0.468552783	0.488112487	0.584012608	0.472167216	0.436498121
0.634119504	0.576208858	0.401015556	0.450394825	0.506993019	0.439409027
0.638481526	0.49874979	0.569240701	0.45805191	0.489407738	0.443279898
0.462154717	0.49014252	0.398692803	0.465503819	0.456411878	0.469851997
0.583909545	0.589795614	0.530572425	0.475012957	0.555600648	0.455273031
0.576404341	0.512467465	0.490478068	0.447779774	0.44189588	0.423703752
0.563488878	0.442033918	0.52775367	0.466941434	0.476749668	0.481233527
0.591433266	0.441238256	0.461931106	0.473038962	0.479032019	0.461213997
0.514025579	0.459929388	0.483714359	0.454571602	0.370170503	0.480690899
0.389525934	0.61008548	0.488988608	0.4588418	0.467549283	0.477203072
0.673661096	0.517562921	0.4711306	0.425137016	0.440522113	0.451978178
0.589389478	0.511637236	0.520137493	0.511341247	0.515172299	0.450789451
0.810507195	0.507851933	0.510177315	0.453163612	0.441876737	0.501991616
0.620188816	0.503798758	0.464533486	0.468640264	0.457157681	0.515692581
0.488442288	0.596276613	0.453589114	0.496685882	0.488487081	0.470549827
0.623518648	0.483243939	0.476639771	0.511150885	0.450451446	0.480006924
0.711023088	0.547830787	0.46167278	0.571953651	0.429228515	0.430985866
0.482444119	0.473944568	0.445417752	0.428875077	0.427777418	0.468282749
0.631031387	0.42792615	0.461570067	0.489379705	0.427562091	0.43065515
0.579243195	0.445322753	0.520412569	0.481928333	0.399134099	0.44467699
0.533543514	0.458403608	0.437315341	0.59213679	0.465148598	0.453356578
0.597107525	0.534601036	0.415145171	0.437450682	0.419497163	0.447774724
0.426245602	0.526570529	0.550645902	0.52655093	0.473503963	0.476150959
0.611298438	0.451432389	0.402856811	0.482460334	0.44451253	0.409972647
0.653534536	0.565491518	0.428245807	0.426598766	0.5384751	0.474246559
0.626142707	0.492276224	0.48204679	0.499933576	0.508453097	0.462576371
0.53776863	0.474916449	0.438707376	0.494182738	0.513677662	0.478268926
0.453981194	0.522033897	0.462625232	0.376675499	0.462424317	0.432584859
0.56241554	0.458684517	0.434216945	0.522169446	0.45252233	0.423921233
0.522768349	0.579010971	0.45030402	0.405066917	0.45749833	0.509819508
0.634262096	0.372161374	0.474033034	0.509443022	0.442296841	0.449827789
0.640063777	0.50258293	0.538948678	0.536807435	0.508740139	0.396096094
0.445399963	0.410140798	0.522081625	0.431725936	0.468869791	0.444480455
0.616749701	0.599201819	0.493425205	0.494063192	0.375747151	0.448365035
0.592029771	0.486827694	0.454582266	0.444237989	0.44362411	0.456221681
0.484620336	0.615046293	0.429290371	0.479187974	0.546829197	0.443928374
0.566670554	0.51141952	0.481891642	0.437891724	0.486821013	0.410283265
0.514905789	0.510398725	0.422810737	0.479769745	0.397386241	0.484025282
0.66306673	0.470169992	0.458149311	0.534914332	0.477693618	0.445037333
0.704238174	0.547846323	0.50674647	0.40656561	0.471270567	0.475740151
0.615924511	0.419583625	0.467318502	0.504573186	0.514267518	0.41590241
0.586889762	0.465637083	0.50045105	0.573937103	0.53125664	0.404463337
0.49496792	0.519439602	0.485660995	0.457691926	0.445538483	0.440041296
0.61235743	0.531526301	0.487278419	0.487921265	0.512851085	0.486849466
0.531114509	0.464415696	0.424278365	0.457349862	0.52267987	0.409109966
0.496431283	0.457677163	0.474101811	0.536159851	0.443270903	0.416490232
0.482635536	0.481416019	0.430301556	0.488072002	0.443600326	0.477880629
0.513523081	0.463565719	0.438724111	0.510083836	0.441426121	0.480171568
0.642959123	0.407992832	0.485385928	0.384454089	0.479500406	0.407512493
0.578547217	0.463041817	0.455476483	0.552370608	0.485559731	0.467410225
0.622504364	0.52217359	0.395248405	0.480642557	0.585388212	0.428097493
0.530970658	0.461680304	0.479070119	0.448061235	0.425481407	0.429669069
0.766023003	0.488906327	0.358433142	0.407265949	0.495579843	0.46113776
0.639614649	0.505284075	0.454078665	0.404753448	0.453230485	0.437158828
0.455355904	0.547396853	0.518609926	0.475048543	0.490107823	0.44406609
0.594561609	0.347876308	0.4796479	0.468938221	0.479301789	0.399291483
0.811681618	0.488590729	0.400862797	0.488789281	0.451387851	0.399706716
0.488828412	0.542357898	0.474550902	0.44851431	0.463466634	0.487468036
0.567010809	0.641647495	0.472886838	0.563837053	0.460034035	0.449091291
0.713738888	0.473921705	0.406600207	0.439599357	0.479981877	0.464705511
0.476500287	0.416501003	0.376895886	0.484796593	0.447482264	0.487703434
0.698499382	0.517040396	0.493904651	0.474917858	0.468718795	0.465628944
0.586510616	0.465794329	0.482989756	0.464257174	0.422368191	0.43186068
0.685900643	0.47193602	0.423450736	0.456801145	0.526961945	0.478169367
0.699857112	0.561562747	0.50270883	0.517362456	0.475436747	0.477335369
0.657363024	0.453377444	0.478303912	0.446811147	0.466823217	0.463689409
0.626407649	0.507324658	0.472875146	0.4394355	0.474391776	0.430965572
0.812394255	0.473669768	0.421654933	0.363061145	0.453935473	0.489318338
0.412048975	0.510714567	0.386036247	0.446220365	0.5479542	0.476962513
0.671787413	0.522941288	0.466413412	0.491184517	0.448749512	0.433508906
0.641351233	0.584018062	0.498512679	0.405466517	0.45146614	0.487813608
0.575739808	0.584719695	0.463130375	0.426626832	0.469304987	0.451492187
0.627687574	0.550301493	0.457639863	0.473284183	0.51647464	0.463744862
0.572025869	0.467649639	0.480172358	0.517595026	0.451565345	0.438589239
0.547807018	0.459251115	0.49686085	0.491887873	0.476747711	0.498388126
0.497371589	0.572189167	0.417675979	0.471463609	0.408679085	0.38826526
0.462307954	0.56725454	0.509034269	0.441905695	0.436687904	0.476190358
0.546755778	0.567382897	0.392658316	0.469501829	0.443649944	0.458635393
0.613404961	0.606266417	0.458616105	0.497034266	0.540204748	0.434829651
0.463138081	0.509786567	0.502362453	0.47673301	0.450183658	0.418068313
0.516937328	0.559383936	0.349321591	0.478403016	0.433005139	0.456359686
0.587975325	0.506341742	0.485641725	0.475557982	0.524742655	0.425738913
0.404757119	0.456601043	0.52472667	0.481613655	0.401812518	0.463205388
0.667973555	0.543125371	0.512066906	0.425786858	0.46955575	0.487451719
0.510885374	0.413648995	0.574306548	0.462445849	0.446882487	0.429416528
0.57256909	0.504589008	0.428697183	0.507144195	0.485158431	0.481304899
0.729241011	0.508590608	0.468380176	0.484325733	0.397747895	0.483000503
0.574340776	0.49812892	0.468580284	0.45417868	0.494993675	0.499853484
0.482313423	0.471563069	0.504817334	0.463740121	0.482646073	0.443031278
0.39761572	0.514255579	0.511716259	0.558087736	0.481268224	0.441677479
0.593618955	0.464653545	0.514501217	0.461400811	0.443769885	0.423390953
0.657532754	0.374637452	0.404603661	0.446550716	0.491582208	0.494143912
0.52178824	0.556328334	0.526324326	0.458152856	0.457033395	0.463189722
0.774829231	0.577133488	0.460250449	0.44340575	0.46919967	0.399906169
0.60848719	0.609575288	0.525995162	0.50001283	0.446703242	0.420762363
0.428479063	0.490072378	0.613383866	0.449831779	0.482813374	0.416376473
0.576714274	0.492867298	0.500148327	0.444060988	0.525605139	0.415971013
0.511937969	0.509579268	0.447308116	0.433987849	0.458432907	0.44405944
0.498286018	0.488138745	0.426150085	0.417159892	0.500098589	0.425504196
0.625577474	0.495907236	0.380551317	0.458135007	0.506315089	0.477414874
0.505044616	0.503640677	0.470610158	0.451067888	0.432891394	0.404828411
0.531018629	0.430134313	0.457179731	0.390824526	0.465459014	0.481427281
0.459544525	0.535510755	0.46993673	0.441167923	0.420129658	0.435237632
0.458798005	0.549797588	0.454257706	0.426994622	0.434578669	0.491330672
0.632044271	0.393152012	0.512909373	0.479809509	0.457725821	0.444553892
0.581745871	0.440815886	0.493355413	0.539751413	0.468727929	0.456460053
0.450764114	0.485764912	0.468174465	0.441005158	0.407062844	0.507579878
0.526948575	0.54212505	0.463003085	0.495191303	0.494790032	0.423472854
0.411217784	0.441252977	0.529376194	0.462047465	0.435998212	0.476576907
0.473621923	0.538854471	0.472140956	0.390219761	0.458610965	0.461374907
0.650736791	0.440504452	0.516707018	0.491188444	0.421633111	0.439259367
0.519098834	0.535413127	0.506767834	0.45921434	0.431116786	0.473962941
0.492310282	0.508485331	0.535844031	0.414922577	0.430012892	0.454598372
0.643226303	0.457615093	0.642069417	0.457014131	0.438185432	0.442341048
0.654701856	0.424323721	0.502694064	0.501067632	0.42010971	0.464742747
0.421062252	0.723093903	0.444065925	0.451025694	0.493919592	0.407184479
0.51956744	0.473156228	0.49500224	0.431658757	0.475577453	0.437109942
0.531104865	0.473908033	0.466916504	0.490473895	0.507145478	0.437095404
0.536287821	0.408878681	0.44961079	0.532453722	0.507014414	0.484541514
0.524767029	0.580360282	0.409731273	0.473188831	0.503246665	0.386257547
0.709567281	0.383785249	0.469528579	0.534302701	0.502213937	0.455694848
0.628186069	0.421554523	0.508243406	0.508963873	0.396761844	0.450678872
0.512444427	0.381189028	0.458455703	0.443571307	0.488782142	0.466439652
0.418588103	0.476041755	0.468586285	0.494780628	0.497410373	0.462643762
0.641707954	0.499984689	0.433409169	0.558288706	0.498422732	0.458176391
0.695049899	0.439942966	0.431879443	0.458358882	0.53434418	0.467158392
0.454857854	0.437164344	0.403476769	0.437796606	0.442429532	0.449093498
0.654602694	0.612255212	0.481797652	0.469793885	0.43059229	0.446023223
0.58150056	0.481078561	0.525274257	0.517732618	0.501275434	0.482244256
0.579031449	0.435068149	0.40497224	0.49263601	0.536015901	0.439756474
0.550016703	0.480113952	0.548727445	0.400621158	0.479236021	0.453647108
0.490561714	0.459363251	0.522340126	0.508913037	0.441891413	0.463933241
0.647140851	0.580955778	0.479373486	0.424994733	0.475529	0.39107316
0.568671703	0.533907316	0.424046215	0.44417844	0.515602488	0.488070735
0.650910883	0.417463346	0.503406633	0.435304985	0.450814801	0.462414253
0.609090084	0.486591941	0.427141401	0.540809593	0.44130002	0.416564111
0.586188586	0.452362159	0.480822455	0.537347764	0.553897166	0.46180901
0.615537072	0.441373803	0.410159238	0.449811973	0.472959308	0.47303511
0.582312057	0.394801256	0.417545927	0.485984652	0.486072096	0.471130554
0.667929746	0.614109551	0.485521501	0.504094743	0.436548555	0.454355929
0.607154645	0.615944139	0.397563434	0.445123346	0.481555725	0.455270963
0.552140864	0.475996109	0.439876654	0.391395103	0.415528574	0.456150684
0.409776783	0.491826513	0.588557861	0.479297867	0.466229134	0.493994502
0.478583928	0.471096806	0.454192466	0.521446798	0.387613581	0.466868207
0.529952619	0.473982403	0.473669009	0.551761679	0.422752765	0.46845561
0.610034381	0.400961148	0.399671467	0.468365508	0.521144409	0.471202393
0.541081629	0.539635302	0.531474421	0.40316255	0.403687704	0.385819467
0.387193634	0.539576792	0.433355902	0.490441436	0.420997515	0.463679581
0.723481754	0.504107919	0.468956835	0.486725142	0.434059039	0.508206919
0.599740412	0.438746293	0.492473027	0.427981607	0.427480824	0.415577156
0.515700109	0.518536234	0.519196202	0.467697778	0.441493742	0.44935053
0.538033857	0.485199023	0.458225673	0.467265863	0.412014368	0.511178274
0.586671719	0.612051687	0.558406122	0.434584678	0.543810995	0.444714202
0.744063469	0.486140198	0.401770632	0.43009943	0.421315688	0.443178323
0.70151022	0.505490564	0.526658742	0.485531995	0.381050088	0.382567786
0.397430344	0.382831351	0.518171091	0.512247959	0.452435865	0.448211181
0.593802587	0.501971056	0.406645142	0.45853092	0.469819006	0.501110551
0.509113966	0.53223164	0.421936973	0.406472019	0.474915674	0.504204894
0.455579838	0.445189156	0.454967641	0.459721228	0.479359773	0.415986558
0.55184857	0.517445294	0.517060791	0.48252796	0.460936091	0.470635685
0.441960564	0.413384892	0.424420563	0.636859862	0.473138496	0.451324066
0.373144169	0.534727428	0.428094393	0.4717169	0.456930071	0.505502778
0.461503621	0.465454129	0.404792369	0.46257874	0.504838234	0.45641852
0.53519748	0.503090098	0.46233303	0.493343391	0.477731452	0.465323858
0.533744831	0.591982827	0.472465615	0.483534024	0.380848887	0.429326301
0.73758512	0.54979816	0.430600942	0.392815614	0.424958048	0.49259074
0.53852515	0.465834247	0.451094714	0.413112577	0.408696475	0.525724889
0.569201536	0.456069107	0.538529812	0.434948668	0.401627346	0.470332565
0.499869767	0.397360287	0.603497911	0.430422884	0.444210326	0.438099319
0.564627066	0.486209106	0.461408689	0.470366468	0.357325245	0.429849626
0.595263901	0.498228379	0.40146951	0.492566437	0.448418906	0.409631447
0.455053398	0.54135304	0.478415461	0.470467957	0.57084808	0.489689501
0.646994144	0.513235964	0.494076492	0.443653983	0.482376625	0.427349351
0.586284278	0.513109866	0.480007556	0.403251477	0.438502692	0.43688712
0.515224177	0.446274101	0.454663111	0.475758265	0.459638229	0.511979135
0.68786683	0.48692699	0.454696629	0.433638687	0.485074679	0.495932585
0.521003322	0.544705206	0.583017587	0.484016848	0.505323785	0.44723309
0.623785031	0.505852182	0.434418915	0.543958071	0.476377995	0.409310878
0.580423984	0.41252938	0.407202409	0.495469783	0.466248401	0.445239072
0.390055764	0.684474373	0.488379276	0.518358722	0.405033377	0.430523431
0.589699034	0.434198982	0.369420125	0.483467846	0.442438628	0.402475334
0.557051254	0.461876111	0.435432068	0.436904855	0.499735919	0.454390472
0.750075418	0.481394248	0.416043424	0.42526078	0.457125525	0.458989413
0.495831624	0.538897706	0.44173669	0.509989414	0.431785508	0.466295773
0.763947416	0.511910546	0.457980214	0.486190304	0.417917947	0.463845342
0.58613048	0.557551266	0.508222851	0.447017653	0.379673917	0.436532841
0.551445857	0.608990841	0.460378303	0.491155705	0.462026806	0.395901974
0.639056219	0.397698683	0.416902959	0.434732274	0.475793881	0.488288364
0.558283303	0.444703911	0.479915422	0.521493658	0.44331625	0.423099969
0.597967767	0.465705354	0.41817296	0.515907915	0.45789737	0.391295547
0.443477388	0.599183532	0.453665755	0.462411427	0.477014977	0.425712746
0.67305795	0.562870808	0.50269928	0.447901381	0.449095008	0.476479708
0.59723559	0.542250639	0.512820734	0.461276154	0.492950527	0.466402857
0.5233851	0.495377333	0.413315479	0.527471856	0.407247902	0.424326146
0.498345965	0.451743396	0.393639598	0.438954717	0.491747245	0.413613778
0.383864693	0.393753555	0.557722404	0.560932387	0.413285654	0.447213415
0.381681593	0.521050144	0.489917355	0.444916519	0.573548269	0.453777244
0.549571318	0.443056874	0.480194861	0.462488686	0.459561775	0.452762147
0.508297818	0.600487113	0.45537715	0.455718345	0.536874226	0.491433034
0.55922836	0.456514222	0.468719862	0.472742205	0.479539128	0.475259336
0.780667994	0.319141395	0.581808177	0.517787312	0.523283274	0.468530438
0.623168786	0.422340644	0.409692177	0.473116249	0.448082541	0.438043796
0.549854677	0.576067548	0.404303497	0.425181671	0.491583707	0.480899239
0.682582982	0.503891279	0.420032678	0.435470449	0.488779759	0.460947115
0.529948208	0.425521546	0.536368402	0.51288295	0.400458539	0.470404107
0.672825395	0.413157025	0.427572834	0.418518373	0.371091388	0.416165069
0.521100175	0.559271049	0.497324719	0.473134605	0.486557196	0.455995244
0.581230736	0.508108455	0.491192353	0.435196245	0.450727293	0.422206375
0.658507531	0.384133962	0.552706384	0.449280308	0.460812651	0.417274151
0.522255375	0.536909135	0.526888536	0.504745659	0.445332245	0.477538049
0.546678011	0.524372158	0.496035207	0.426137841	0.483091101	0.452816248
0.601235559	0.526673634	0.460906266	0.528009461	0.4239245	0.434985662
0.452708471	0.473777132	0.474263665	0.412260013	0.569055255	0.440902025
0.641900456	0.531496348	0.445124333	0.422747334	0.490779813	0.432590889
0.424130711	0.628612695	0.480440171	0.401647961	0.549714489	0.53765326
0.542103342	0.570077937	0.611779937	0.479999573	0.521205195	0.493219349
0.608665851	0.626937142	0.555575208	0.533250013	0.408819193	0.449263122
0.639512239	0.42988917	0.506667526	0.531831499	0.411816936	0.478737407
0.415739381	0.511186446	0.460603556	0.523753128	0.416503617	0.412308823
0.54461164	0.381068389	0.40204727	0.438580262	0.397690467	0.425990989
0.513770795	0.471453767	0.430479863	0.466411251	0.47564614	0.448027702
0.484620218	0.542698507	0.411515321	0.493668901	0.426871386	0.50252613
0.480669529	0.468820763	0.461180991	0.4335107	0.494795278	0.397258747
0.411492642	0.454871677	0.550812916	0.535823709	0.525768398	0.463575485
0.5414738	0.545308601	0.475997278	0.462313959	0.442036062	0.457849649
0.580525903	0.465223657	0.465693081	0.538940296	0.529660187	0.433304727
0.608065652	0.609089845	0.427877926	0.480330613	0.45443994	0.455256192
0.465498601	0.506393185	0.582110093	0.578996756	0.37654373	0.445605923
0.522244142	0.42791885	0.449221189	0.402885131	0.430061475	0.444758459
0.362366312	0.446642832	0.492336139	0.463613419	0.481755789	0.443574195
0.471662804	0.454321103	0.518481332	0.481142505	0.427197943	0.457787308
0.632963411	0.616181121	0.480131384	0.42744241	0.407598822	0.463122119
0.447731985	0.477211524	0.441568677	0.51436279	0.477375932	0.435344537
0.576260909	0.5007121	0.476396732	0.506449959	0.396472659	0.447120948
0.541278646	0.477308142	0.443767416	0.487370392	0.514288628	0.501023585
0.583663026	0.538898313	0.439361578	0.390203569	0.449345885	0.45659191
0.567086058	0.505811702	0.559948482	0.458896138	0.479972776	0.487425947
0.437122066	0.492696766	0.478476022	0.44172984	0.368359594	0.440733038
0.539010465	0.448905182	0.592526909	0.501449783	0.501849989	0.479586007
0.495605193	0.50770847	0.485129997	0.463654571	0.414598032	0.414731781
0.644272146	0.509822853	0.391198623	0.447282744	0.515024408	0.387441155
0.541030097	0.325782733	0.519217129	0.426475169	0.545153653	0.421596187
0.451435436	0.563002026	0.429942541	0.462340473	0.332708267	0.444638352
0.54533276	0.529372751	0.429377952	0.451302327	0.480817287	0.446178967
0.462322753	0.512242469	0.480901068	0.549315448	0.432390057	0.397241404
0.5672583	0.452872479	0.479326331	0.475113528	0.479748452	0.492182132
0.55766995	0.491794563	0.452228753	0.321777897	0.549108789	0.431144652
0.529951463	0.348715884	0.395375691	0.486729221	0.443527728	0.493384289
0.602991143	0.468780997	0.487416667	0.429878553	0.511761903	0.436372922
0.539599905	0.481607576	0.454776672	0.568083046	0.437775452	0.481488659
0.601986332	0.383628721	0.516331666	0.523382039	0.471722331	0.444782642
0.614550408	0.461117033	0.36639484	0.425580561	0.45619535	0.449651161
0.783625094	0.626916133	0.374848037	0.410261169	0.436929907	0.465862801
0.67395387	0.486183211	0.459953871	0.457993314	0.428073444	0.444511727
0.545094828	0.517463072	0.452215532	0.439726412	0.469340059	0.496247118
0.450181121	0.551202287	0.42577189	0.430464009	0.514442419	0.461626458
0.510235914	0.591691116	0.494943536	0.519208735	0.445101027	0.472788218
0.622805455	0.505849663	0.57270048	0.519491571	0.43250162	0.438381429
0.544801515	0.59750441	0.51739737	0.421183495	0.368314295	0.409676992
0.503795276	0.487743575	0.496209916	0.512644896	0.508820081	0.445243003
0.672490428	0.475070469	0.503773613	0.483965454	0.4457378	0.484196146
0.655995521	0.519116304	0.494829773	0.438735757	0.407194941	0.457964832
0.652167902	0.532374343	0.480779813	0.414528751	0.404599715	0.500179201
0.577714905	0.448790997	0.478826214	0.507495645	0.494021038	0.423606169
0.725049751	0.477782549	0.519461864	0.499984964	0.485620071	0.428940798
0.485832643	0.511395353	0.436220255	0.457773454	0.445069143	0.422255662
0.587923351	0.475409626	0.546927702	0.507509057	0.461831427	0.433641412
0.51034953	0.566040942	0.418034625	0.437088622	0.413550021	0.443917107
0.586487929	0.504106681	0.430042734	0.463252381	0.437114925	0.458817515
0.486528638	0.468892005	0.396457773	0.548816595	0.473992348	0.449225025
0.639809057	0.460213245	0.519440933	0.51389433	0.442357502	0.474991207
0.554708382	0.432645098	0.478007923	0.458338506	0.463635994	0.383485908
0.623669756	0.541333276	0.447257704	0.493689609	0.510520433	0.441385036
0.5344154	0.474818024	0.563795571	0.507998119	0.493457773	0.480719848
0.672281276	0.543082158	0.424370047	0.472309055	0.486228005	0.42127633
0.406610927	0.465344218	0.445135775	0.475937116	0.443497624	0.477020159
0.527906731	0.552259392	0.484872192	0.487418324	0.45471996	0.501989291
0.762651587	0.37920035	0.437922419	0.414192841	0.447366315	0.463569049
0.474376683	0.527429232	0.48768956	0.431864017	0.493241681	0.397891172
0.646286168	0.520883141	0.616586568	0.559256473	0.440677131	0.397436719
0.604704456	0.602084971	0.45667773	0.471345514	0.399675635	0.401413833
0.68182753	0.416767299	0.458855009	0.484992513	0.480374761	0.420535046
0.506423558	0.511899389	0.397403883	0.402264565	0.45488659	0.467339022
0.510819188	0.510890673	0.514941988	0.412958778	0.443738626	0.487453639
0.400362211	0.574656379	0.485789669	0.55304815	0.494063357	0.455831074
0.672859336	0.478765998	0.461416749	0.405852433	0.41190928	0.456112479
0.332481485	0.551197942	0.494906833	0.523906517	0.410093748	0.438815578
0.578201639	0.440882046	0.477260254	0.38866258	0.416673488	0.482448599
0.577715264	0.457898948	0.400096323	0.453488716	0.467419761	0.441997449
0.642514192	0.474403243	0.399703487	0.449257085	0.428189483	0.539238317
0.627300623	0.532099242	0.473899013	0.42835987	0.43626491	0.417611846
0.641821564	0.574279198	0.522909464	0.510378046	0.466765762	0.499188514
0.688296456	0.453475676	0.511912717	0.382809647	0.451551933	0.480795319
0.707967991	0.600092786	0.433553551	0.444698015	0.446189166	0.424787428
0.601504704	0.553142505	0.398684339	0.436201456	0.463665568	0.489924047
0.537620609	0.529954859	0.456878462	0.451247929	0.441912507	0.442207776
0.605934691	0.447350756	0.46971307	0.466217006	0.437105784	0.49843872
0.621825085	0.432289096	0.500278092	0.414219451	0.474039857	0.43057453
0.538948258	0.478897323	0.414858892	0.512421375	0.488578718	0.484417261
0.601269392	0.425558718	0.470140714	0.525680814	0.513075066	0.532736572
0.48431895	0.37931389	0.47273037	0.441528114	0.403308331	0.471813295
0.464837527	0.471225225	0.498326497	0.427194948	0.432693232	0.407580845
0.33782513	0.504883941	0.443832629	0.445945753	0.415128669	0.4122207
0.537805528	0.605706719	0.494545917	0.469148429	0.445615269	0.440223571
0.584171213	0.411539469	0.590305654	0.37799044	0.462521366	0.467381676
0.488687801	0.500235613	0.495191338	0.450570359	0.430328603	0.524199707
0.681811952	0.479179306	0.469995185	0.425846212	0.424316478	0.493124257
0.502989134	0.520719535	0.395060036	0.440798014	0.394751968	0.425228113
0.523830967	0.522400702	0.470494611	0.442247287	0.398074787	0.474635056
0.716296907	0.40196907	0.508585145	0.41897505	0.403732253	0.442710929
0.482991445	0.472344285	0.498060172	0.426797807	0.434404006	0.406985068
0.575520031	0.573405644	0.459816439	0.599428492	0.432765549	0.449988028
0.61312246	0.388404536	0.504541802	0.476345942	0.403062208	0.501819759
0.607280164	0.575917676	0.469943797	0.42112234	0.371238905	0.503639532
0.688592693	0.486787373	0.380309078	0.44576067	0.476053479	0.503837197
0.584277217	0.466007697	0.54708343	0.458159894	0.427962313	0.45967236
0.723613054	0.475868118	0.456094278	0.445117382	0.511156957	0.521909344
0.522330425	0.482619516	0.518653005	0.469767829	0.527533412	0.393882538
0.632769504	0.413087064	0.500212989	0.481408903	0.472711922	0.445179543
0.758629277	0.459327417	0.476785011	0.475730643	0.474209223	0.391958515
0.541508844	0.455704672	0.490679109	0.502074347	0.504934779	0.426172998
0.598191704	0.432975985	0.523261987	0.468892586	0.486214825	0.394300722
0.545800271	0.586122961	0.520235801	0.465975705	0.464578063	0.463062609
0.591046391	0.491529611	0.50125646	0.480798899	0.412314523	0.495842172
0.37435202	0.447048629	0.464013719	0.499913295	0.479489201	0.474971693
0.398579406	0.545576707	0.492986364	0.535833616	0.474316055	0.46955588
0.472946736	0.479271754	0.54150865	0.414766171	0.490739518	0.495077262
0.473833428	0.517208801	0.512399227	0.415512213	0.464793343	0.459885785
0.534215236	0.478484953	0.362789653	0.488554916	0.426482077	0.453530656
0.606826108	0.40051361	0.386106036	0.50007291	0.421292484	0.478761141
0.551910914	0.612671719	0.551986518	0.530923509	0.461922364	0.469897247
0.688674713	0.423611845	0.48880827	0.475365677	0.461059324	0.424081989
0.512524078	0.493829278	0.488254661	0.457571661	0.370182343	0.470920507
0.463693321	0.531963055	0.455364509	0.467501056	0.425778365	0.462753091
0.494708826	0.578867838	0.455682741	0.513803107	0.499454374	0.479698914
0.41316749	0.538221792	0.457114511	0.3944494	0.449846402	0.475537399
0.599308419	0.482983816	0.46634766	0.435962478	0.464725517	0.519004349
0.352819536	0.555898679	0.547898978	0.545347325	0.490506558	0.422617504
0.618658276	0.403653688	0.537971369	0.467095196	0.425525683	0.437906229
0.513711577	0.404599704	0.454708038	0.41938659	0.504604915	0.501084102
0.53671404	0.576452672	0.40364908	0.527295029	0.444170286	0.448453615
0.583984967	0.38842419	0.505360467	0.481728539	0.484030737	0.364798649
0.575521088	0.566143921	0.503126079	0.47520552	0.391282788	0.466941354
0.501206653	0.578824395	0.58745733	0.506154114	0.498805504	0.443748868
0.685801011	0.434425215	0.476596729	0.519034882	0.472488589	0.413835788
0.598481796	0.385999038	0.406768803	0.464256302	0.506156059	0.470331648
0.434764836	0.506035612	0.484616079	0.481616262	0.526344924	0.460149251
0.591349007	0.422443455	0.430220088	0.423674263	0.378308397	0.45536635
0.613257513	0.478630634	0.456315099	0.409518119	0.533424326	0.413499183
0.67046033	0.549282199	0.56202774	0.429839163	0.541080955	0.431540476
0.579198118	0.483072404	0.401962499	0.407262664	0.465106084	0.506329179
0.540569536	0.426908637	0.457544628	0.388993259	0.49934605	0.386247336
0.545888063	0.595964415	0.392916206	0.445895083	0.515455359	0.446368192
0.598571763	0.451831983	0.397261407	0.496045456	0.448248452	0.487219771
0.427237367	0.458727261	0.54404774	0.533744267	0.425694951	0.498038517
0.580596298	0.543554822	0.400233063	0.399359375	0.398936425	0.445095556
0.665209866	0.450747994	0.483746411	0.368775133	0.505147777	0.4660387
0.57431993	0.381218293	0.582470688	0.41738	0.444467951	0.455544117
0.486179402	0.51855656	0.416132838	0.480702408	0.477111472	0.406551435
0.661002667	0.419694384	0.404154209	0.409600717	0.447252212	0.478156863
0.396910153	0.473464289	0.491610487	0.44434329	0.482153705	0.525796171
0.65735658	0.480182112	0.473669447	0.495122415	0.382196921	0.401178267
0.47195485	0.523314262	0.424012329	0.417151638	0.390421866	0.528241785
0.659961103	0.508969241	0.506369796	0.408687366	0.371939924	0.427927151
0.41319435	0.442038928	0.5009213	0.427058157	0.455620597	0.429990025
0.709008294	0.353916536	0.413395139	0.405311566	0.501433049	0.453146273
0.462638461	0.624041068	0.546774029	0.431092859	0.582422217	0.476177984
0.690276532	0.489836686	0.533971414	0.456107131	0.409952584	0.48639742
