0.621397512	0.620945195	0.47750976	0.453573489	0.434797039	0.502732553
0.610494654	0.620310183	0.514886436	0.435677341	0.478664175	0.488414286
0.583240393	0.516843918	0.525625971	0.49135947	0.424211414	0.424257758
0.527757311	0.550361548	0.398459258	0.569235452	0.456950753	0.445414898
0.667413005	0.497994401	0.525989072	0.533066316	0.461508547	0.472031192
0.67448834	0.593550732	0.541354652	0.582891356	0.520047195	0.467222656
0.688956082	0.407381269	0.536505985	0.509609787	0.489578027	0.530284929
0.53465385	0.520053898	0.518706121	0.515898222	0.396711642	0.43098926
0.571620989	0.507513358	0.598149602	0.512192658	0.539857292	0.467281649
0.539533591	0.503691534	0.45264678	0.466513537	0.422150111	0.472060017
0.49642027	0.460957567	0.400983438	0.488936347	0.516317869	0.465100566
0.5797333	0.543845405	0.487262102	0.409860262	0.463512677	0.461724327
0.661019937	0.512915135	0.56175367	0.496971665	0.50508295	0.459315411
0.745971335	0.470934076	0.500680583	0.457182783	0.514145442	0.496328153
0.625253718	0.517789215	0.476695387	0.524185338	0.461121282	0.504079866
0.447858927	0.521724741	0.503474631	0.500087272	0.490856777	0.46841519
0.690387049	0.50427639	0.549544124	0.476453281	0.424078965	0.449201064
0.674934948	0.420740183	0.4621208	0.513391108	0.452414216	0.45297414
0.550948291	0.447453044	0.46456773	0.505835082	0.450779415	0.43105897
0.601303164	0.472837886	0.472164102	0.45553891	0.436334182	0.443901321
0.646358753	0.504987236	0.441207885	0.411205314	0.453257263	0.46590754
0.435504974	0.504023691	0.470182146	0.535563405	0.473927204	0.444126961
0.473114786	0.499939825	0.490817821	0.489344603	0.390933181	0.467073179
0.609464743	0.582754643	0.472499878	0.44539877	0.401357001	0.461437532
0.663936745	0.473430999	0.474433704	0.540920323	0.481325098	0.481909653
0.500046774	0.547671042	0.545973492	0.521931657	0.516871068	0.394247923
0.673315886	0.493699028	0.474162219	0.485847544	0.465716489	0.485638765
0.558794068	0.46234976	0.496744235	0.466789835	0.380361824	0.430356611
0.662979299	0.59622763	0.512360263	0.550609563	0.496643106	0.488752328
0.626060405	0.512494854	0.52403631	0.506868456	0.470634581	0.426429446
0.617114849	0.352254797	0.473962414	0.440964561	0.484425205	0.555331896
0.587839245	0.509181957	0.554333909	0.462291023	0.494769271	0.477003906
0.510168816	0.557109317	0.512235336	0.426985129	0.49024983	0.4923663
0.638336956	0.418386788	0.492454763	0.494536114	0.521515255	0.458057255
0.455584648	0.46750128	0.432715961	0.46777514	0.466255245	0.448153512
0.576831745	0.43574411	0.467063318	0.452463088	0.498116845	0.425960591
0.737366733	0.466274797	0.460028928	0.496801586	0.412093779	0.467769557
0.56812976	0.482023553	0.546263952	0.484955249	0.488010707	0.481286467
0.605633405	0.565162499	0.460794149	0.429390602	0.443327062	0.478431242
0.622428013	0.563768943	0.482830008	0.534767757	0.451971417	0.459949045
0.58459892	0.481280349	0.539144745	0.471117659	0.534137402	0.440945799
0.613385603	0.508260237	0.533317458	0.450516649	0.46626755	0.438262808
0.537210644	0.573163988	0.521986608	0.545969235	0.498347316	0.461651442
0.605499138	0.490631873	0.501567046	0.460295026	0.546057486	0.464924577
0.522623993	0.439072296	0.513330363	0.457146822	0.503724687	0.468633796
0.602429924	0.593123507	0.471238699	0.454334068	0.437035796	0.456630861
0.576188754	0.558150828	0.442136502	0.518690301	0.480147412	0.48531673
0.546262191	0.476862925	0.455517144	0.517256416	0.537751714	0.429996662
0.512366148	0.553473083	0.57217166	0.451564738	0.467467371	0.472155176
0.684487176	0.576511444	0.443822469	0.438743807	0.554335195	0.462038018
0.545372856	0.492548462	0.522466066	0.457297198	0.484381029	0.493149271
0.59059928	0.568512608	0.597110159	0.484128121	0.495850953	0.412063729
0.658916675	0.448788288	0.494568077	0.523532884	0.531270417	0.481686532
0.51277745	0.596750713	0.556485428	0.517544125	0.502181158	0.399014862
0.583329843	0.553752163	0.591927424	0.455049821	0.428816824	0.505911863
0.530477523	0.583490708	0.503204931	0.451880243	0.573757058	0.484530459
0.704518372	0.520081652	0.515032694	0.506304286	0.390166231	0.461558183
0.685328422	0.545355717	0.443153814	0.487556033	0.476025196	0.460604407
0.56379151	0.555213648	0.523229012	0.449293569	0.465663196	0.515907643
0.526676903	0.422108148	0.438340562	0.372636075	0.419433687	0.452456503
0.707143064	0.545648384	0.433565134	0.48255495	0.569511939	0.458404712
0.698954307	0.478684091	0.600816275	0.516591849	0.437102413	0.43636986
0.565531313	0.531728068	0.449326215	0.499948296	0.4902634	0.414541713
0.582100193	0.540297068	0.542836346	0.412987345	0.468289562	0.454558808
0.455196256	0.489995854	0.530352471	0.443303563	0.538276935	0.489959169
0.484372685	0.468231291	0.49915603	0.431038375	0.467081477	0.438981332
0.473326706	0.535649482	0.493987358	0.424362748	0.562680207	0.44677261
0.497802747	0.560966962	0.493729854	0.497935077	0.508298467	0.464926559
0.559503417	0.481171684	0.442665465	0.444797452	0.400792169	0.447371487
0.711087931	0.619681869	0.528102482	0.449512057	0.459492949	0.508954491
0.592521386	0.468251472	0.623523563	0.447079096	0.484291404	0.475746016
0.696553842	0.566866934	0.565682	0.501002125	0.542029493	0.422838058
0.423789582	0.583803196	0.609366446	0.47836509	0.442004396	0.409920549
0.608300476	0.416679025	0.612232198	0.481069083	0.523693905	0.427716961
0.683905341	0.581713047	0.438526942	0.529042301	0.47120433	0.475958432
0.500562085	0.476128427	0.505459754	0.477097686	0.418592892	0.457974339
0.538394347	0.549210094	0.506957264	0.536328046	0.460010708	0.447308639
0.513348654	0.650976848	0.510515539	0.507893454	0.466867485	0.419172316
0.597747219	0.551405263	0.50704434	0.481798708	0.472701473	0.453610618
0.600922257	0.615923574	0.565322343	0.410665062	0.492977192	0.45621914
0.549848268	0.428817231	0.562937802	0.468491059	0.412266016	0.465595614
0.498839944	0.486807096	0.541132471	0.533223327	0.442728314	0.440438869
0.723915269	0.531057554	0.439006855	0.469699413	0.422618538	0.476008381
0.601924682	0.611922327	0.519137741	0.48158134	0.436346807	0.429534767
0.758950595	0.609963913	0.484195822	0.382037034	0.435667006	0.44079507
0.630329286	0.388139146	0.455815697	0.477265512	0.480365375	0.497672925
0.517127292	0.652319233	0.51333578	0.388152398	0.448986362	0.474959038
0.463838379	0.499173263	0.542450685	0.487370168	0.501656633	0.508253341
0.541714035	0.482918379	0.551037692	0.413808667	0.505802962	0.475404535
0.791866688	0.475150146	0.544364417	0.470440871	0.428858845	0.47617178
0.627906251	0.488036959	0.489255119	0.481878288	0.531335857	0.458329941
0.572862272	0.53249254	0.463572468	0.389324562	0.433372863	0.46718482
0.524662618	0.620735596	0.55267379	0.54530238	0.399397016	0.428980393
0.599164133	0.460861594	0.444978417	0.538470662	0.47538421	0.435824074
0.492634759	0.56025254	0.53008501	0.381980702	0.554248383	0.457775934
0.578495772	0.455098597	0.501170415	0.463765501	0.489779022	0.403119043
0.666509648	0.507018246	0.536371275	0.480909922	0.465065724	0.460144944
0.730529948	0.494305025	0.539513452	0.447666043	0.477609436	0.483918449
0.6069205	0.411433738	0.507296841	0.430608256	0.496859574	0.481500686
0.660744523	0.590584809	0.522406676	0.425696023	0.437116818	0.495247357
0.707534268	0.471391232	0.495605204	0.418173646	0.4358254	0.415346825
0.58759571	0.624280069	0.544421322	0.46159153	0.503973612	0.499852401
0.439415906	0.432489197	0.473711582	0.418191884	0.463431017	0.417656319
0.669477189	0.522275291	0.440131023	0.455653592	0.425414653	0.45987562
0.583419508	0.629395797	0.526236182	0.441276178	0.450757263	0.480748896
0.635434562	0.462828319	0.443954601	0.44008269	0.506236193	0.45441796
0.599600059	0.58854918	0.437101954	0.474276136	0.33933939	0.458064025
0.666442948	0.435178143	0.538089383	0.458622248	0.414377262	0.417445826
0.698663576	0.462185045	0.445006126	0.415827396	0.440152217	0.461080307
0.687766356	0.603502406	0.60023815	0.474833014	0.498975317	0.435940931
0.505296626	0.552498071	0.525429564	0.528927287	0.486410357	0.411739254
0.537762994	0.451955218	0.546289973	0.500222195	0.472235278	0.487772611
0.663129598	0.496870724	0.408429832	0.495072521	0.430741852	0.493142206
0.676722562	0.614332013	0.427676071	0.447132147	0.439796986	0.459985326
0.634654551	0.636303052	0.535398174	0.459969804	0.445402041	0.465287875
0.609012672	0.587952158	0.53678697	0.538414429	0.4789566	0.433138936
0.583268636	0.549885976	0.495045871	0.507478339	0.48774455	0.477880665
0.563061411	0.511218945	0.467301604	0.483072657	0.470559706	0.468372196
0.51475137	0.481637624	0.468150001	0.400557538	0.408208947	0.493736018
0.489879084	0.518617658	0.488551867	0.525594141	0.428250866	0.49595392
0.506674325	0.402740882	0.512269198	0.495881864	0.439113267	0.40845594
0.578997658	0.529386709	0.511481226	0.459519709	0.462665575	0.44647608
0.616369763	0.550098365	0.596109857	0.510897036	0.506685933	0.466525806
0.439267663	0.471047821	0.420395072	0.46975881	0.42594183	0.470768294
0.622246646	0.64388208	0.456062366	0.574250122	0.490207312	0.492188029
0.631073561	0.516086963	0.521990394	0.450833666	0.495002165	0.45486324
0.530359989	0.48773642	0.384382238	0.563237903	0.485328593	0.449037471
0.548101634	0.53233278	0.533849513	0.461266278	0.411751297	0.457366817
0.502631076	0.643816234	0.477690322	0.455444654	0.500864401	0.477396855
0.623352181	0.556992435	0.432378827	0.484304422	0.518448303	0.483922229
0.595213706	0.54145418	0.497894176	0.452919955	0.4888353	0.501989538
0.561483175	0.557607577	0.511568908	0.432508405	0.431576833	0.476033141
0.580062762	0.553991234	0.476591929	0.403382272	0.42482363	0.471658889
0.713224883	0.498711399	0.503348324	0.522936779	0.460842575	0.471858826
0.490328153	0.558472114	0.509770003	0.508090947	0.544903671	0.498820449
0.76003875	0.524826846	0.582025356	0.516263602	0.492610273	0.506118457
0.518377559	0.626714404	0.551190004	0.571768365	0.495456061	0.459880664
0.626212907	0.507217125	0.462444264	0.447859788	0.449405881	0.467000399
0.596519838	0.596905185	0.439075744	0.405396298	0.479891592	0.454694737
0.641075143	0.587205907	0.528307786	0.466157715	0.460854071	0.485343421
0.747280826	0.544350388	0.496989367	0.424681715	0.492815886	0.43342561
0.557552059	0.435574048	0.613924236	0.513715957	0.487661827	0.472244348
0.559930767	0.574728566	0.482890656	0.469994501	0.482437156	0.469389536
0.672949947	0.608101446	0.479288413	0.495852514	0.513774919	0.456066357
0.472049722	0.476954066	0.52707618	0.53613762	0.468623346	0.464626415
0.383256168	0.406736052	0.409651929	0.433546558	0.543066939	0.510175855
0.569149354	0.745214811	0.329689497	0.53178001	0.448250986	0.511619539
0.493939934	0.612238132	0.545165933	0.444665573	0.488146368	0.469644218
0.636249148	0.487924657	0.603627043	0.383551761	0.481990203	0.461831069
0.531795323	0.564771596	0.65297259	0.474303314	0.561206122	0.514328153
0.548683322	0.532077294	0.462298452	0.496604554	0.478839961	0.461117043
0.542448606	0.513939665	0.487098266	0.516832165	0.477890129	0.469368489
0.432131595	0.677744914	0.515681941	0.441571127	0.516157104	0.470498036
0.467763468	0.475264965	0.480459041	0.472425637	0.580874846	0.509729332
0.522039489	0.60565623	0.532659258	0.3641957	0.517732513	0.467907318
0.532023805	0.599292725	0.547640782	0.512530437	0.492821203	0.475699161
0.505837294	0.529184155	0.571017037	0.420041362	0.475404181	0.484665415
0.527821516	0.46395001	0.512770388	0.472090299	0.452732061	0.532197964
0.696744355	0.442465495	0.57652028	0.463581122	0.49751801	0.451584447
0.653927627	0.516850457	0.47427623	0.471772144	0.457655534	0.482295364
0.492316818	0.516885002	0.491250821	0.503339354	0.518611489	0.463940511
0.575242134	0.44624182	0.531022306	0.471556874	0.506851927	0.483364242
0.505442353	0.374456579	0.441329425	0.505383596	0.57423995	0.452505395
0.597114078	0.447363821	0.497112929	0.465473052	0.457073643	0.430421525
0.630813763	0.527245468	0.53440814	0.557865757	0.501850712	0.470801369
0.679285574	0.487892113	0.420644015	0.550218041	0.433015764	0.488472419
0.540982598	0.471776716	0.53663068	0.53435903	0.495164207	0.499201179
0.548252129	0.59352778	0.474543198	0.417764253	0.49051011	0.513294634
0.576677892	0.517995842	0.401180739	0.500180301	0.43419067	0.428492061
0.480500533	0.570732811	0.447239393	0.547791375	0.516811409	0.45547687
0.679395542	0.594800875	0.462566159	0.530851428	0.459026236	0.494616479
0.640332143	0.534701737	0.549527623	0.439488329	0.468768719	0.441517834
0.574033402	0.411170143	0.457083255	0.569261616	0.442381377	0.487779302
0.519258168	0.486006158	0.567598273	0.425450172	0.476893638	0.459512496
0.617448529	0.566528838	0.541001101	0.515398504	0.509835112	0.460838917
0.446172697	0.408349046	0.374491567	0.475760479	0.452664896	0.449360488
0.545175658	0.442037399	0.477593607	0.535531885	0.373493827	0.512877927
0.61455091	0.450846599	0.501322743	0.484803067	0.505726337	0.478831911
0.564952946	0.470070842	0.447323891	0.432836581	0.444996457	0.402001982
0.515954228	0.505222294	0.401493274	0.497346183	0.454876398	0.462216524
0.482067456	0.484035079	0.506334016	0.45149109	0.4611351	0.457211792
0.466938956	0.535251175	0.504306324	0.445960905	0.506952737	0.439458857
0.616179799	0.431099401	0.464988197	0.444185904	0.471356716	0.480738103
0.533978655	0.487179573	0.437359149	0.51034329	0.447907793	0.427291312
0.512467221	0.571192451	0.42701571	0.440897715	0.422424356	0.491854961
0.614388661	0.469531738	0.494694383	0.476075728	0.464870022	0.480994869
0.70158549	0.581036315	0.47922285	0.48151904	0.49782422	0.42926992
0.576115595	0.492436591	0.362182384	0.519879439	0.470051348	0.4358076
0.641001556	0.499008795	0.493985322	0.481633708	0.501390674	0.475392332
0.60134054	0.508042087	0.529202808	0.442503064	0.428034257	0.424681905
0.472332671	0.49598354	0.572149626	0.459527614	0.558160765	0.444583831
0.702544135	0.620931012	0.586762222	0.457756487	0.543298676	0.434740022
0.615612913	0.467077859	0.522658493	0.536919993	0.442270659	0.436731046
0.461401604	0.531207041	0.531216856	0.54794448	0.52849234	0.483904028
0.541835453	0.618582878	0.511566303	0.514471771	0.606233915	0.440720623
0.484328414	0.544737683	0.493811049	0.413600606	0.548362372	0.489497268
0.544297068	0.429587896	0.425372083	0.515633026	0.505245505	0.403164075
0.502604472	0.470320509	0.488565794	0.484075402	0.46948129	0.516033612
0.571466779	0.331406873	0.519187437	0.430242228	0.499598864	0.456814891
0.649407991	0.545012914	0.52231791	0.5178934	0.506269974	0.467859446
0.763599581	0.585013933	0.546748693	0.44197273	0.494142681	0.460450164
0.375643624	0.522399344	0.522885134	0.469021546	0.396223101	0.479223979
0.635171022	0.505440809	0.455033638	0.489054676	0.46508009	0.467502572
0.504374309	0.527590599	0.485126678	0.499658813	0.482412554	0.468067162
0.566960504	0.40459332	0.523903996	0.397427444	0.46457013	0.470852323
0.566209391	0.644616038	0.499378186	0.546858692	0.466501782	0.51278802
0.47478191	0.48532553	0.535824239	0.516262422	0.446285312	0.435788305
0.534520765	0.470489973	0.539185384	0.572692797	0.455229036	0.444217113
0.615361005	0.584442156	0.477579149	0.456403451	0.52464024	0.453784905
0.627246094	0.544858063	0.491292964	0.476092038	0.460994448	0.450055198
0.596245613	0.465267854	0.457799374	0.496265153	0.512277688	0.481811025
0.564503601	0.490222732	0.439669934	0.41736262	0.450793368	0.495525498
0.516572961	0.541414957	0.553060577	0.423243058	0.462227198	0.49470883
0.688425952	0.465721465	0.516680642	0.485972856	0.503485432	0.462619437
0.392206032	0.562564822	0.482217273	0.392715633	0.455874523	0.457645973
0.516700984	0.596462304	0.51164186	0.51326354	0.52912546	0.426396097
0.570068925	0.563484073	0.515390852	0.539254646	0.48213415	0.457569488
0.632355921	0.521877222	0.425933696	0.440813184	0.513358714	0.425930005
0.522545455	0.534288154	0.576522519	0.456245501	0.487092266	0.45323986
0.719321298	0.482221886	0.462377216	0.510650366	0.464235549	0.432804037
0.559188266	0.447677043	0.474182322	0.483701258	0.46204704	0.427380461
0.649208557	0.541426057	0.525047823	0.509420196	0.527460734	0.452098263
0.633973077	0.474153983	0.541491585	0.428487771	0.481076948	0.456859523
0.3963825	0.671152134	0.439855763	0.432762408	0.472134834	0.483106759
0.622270668	0.404112042	0.619661694	0.497522041	0.545330091	0.449734669
0.519304537	0.462584124	0.424969418	0.460673945	0.446752941	0.455700581
0.512365966	0.478044624	0.524421288	0.511798202	0.532191563	0.440446448
0.569458612	0.521865793	0.487815938	0.347116518	0.48474786	0.453945548
0.602528871	0.588469078	0.476856182	0.561313215	0.442894234	0.461074465
0.771893746	0.46866936	0.454357622	0.441933378	0.493136634	0.444749415
0.656988667	0.434800933	0.525897983	0.515630656	0.535949026	0.479929612
0.581247366	0.508355631	0.445941235	0.564005055	0.569479408	0.461870228
0.493200362	0.523654934	0.436582649	0.59024588	0.412074877	0.51319127
0.429565308	0.391658797	0.458919995	0.451012881	0.498885863	0.440750052
0.47700896	0.518226393	0.575379835	0.443620002	0.471356116	0.493972328
0.695918188	0.516934727	0.526400655	0.517032615	0.432738969	0.478838992
0.610693341	0.613427208	0.53796796	0.56359087	0.467329646	0.446255792
0.544033392	0.50193343	0.516830142	0.5095687	0.533556744	0.469469369
0.518033184	0.517103083	0.497606195	0.525697374	0.458137881	0.458018647
0.532509294	0.476726049	0.508654836	0.569713715	0.484909545	0.45349085
0.797142832	0.58191124	0.381647962	0.464484635	0.398647945	0.414197631
0.583026535	0.601157278	0.488491416	0.411347126	0.487019675	0.454511644
0.547821371	0.556817117	0.548970739	0.487199792	0.472415184	0.436344151
0.612587406	0.470990437	0.568695052	0.402172053	0.518887063	0.447668741
0.508151675	0.522903305	0.442779245	0.453570253	0.533891079	0.407889197
0.56152443	0.584687469	0.475911507	0.49803495	0.533195803	0.510772931
0.601616542	0.489088342	0.555385724	0.524550706	0.601178628	0.443780401
0.595510079	0.551023593	0.461961507	0.426132905	0.464038126	0.500248724
0.58846382	0.469509135	0.483755591	0.520802113	0.529412589	0.462054419
0.540573056	0.558172573	0.492684725	0.42436303	0.508570527	0.471925768
0.606923549	0.547156005	0.538457983	0.483840279	0.44143698	0.472930827
0.607825124	0.482975537	0.51081002	0.504992906	0.451044267	0.38791838
0.553004979	0.557370933	0.436238027	0.591545241	0.482677831	0.498654003
0.525769127	0.555899574	0.500082482	0.396726177	0.503158819	0.483954186
0.523583161	0.442240147	0.536699284	0.420951562	0.429217564	0.470120159
0.483020549	0.489550884	0.531996675	0.563943849	0.409062081	0.458089758
0.531517826	0.519511978	0.465709027	0.477975205	0.535633363	0.393619999
0.431547583	0.444646765	0.489257737	0.422084208	0.55382453	0.437629144
0.629194956	0.47964222	0.496505961	0.490901944	0.478503889	0.449836392
0.398167473	0.700338433	0.620510017	0.430877248	0.540174014	0.435833328
0.58460314	0.578450199	0.498597877	0.462889575	0.463236733	0.506367262
0.545328243	0.442175871	0.468869695	0.438748905	0.50650283	0.468475898
0.541722982	0.485347432	0.536790613	0.523484598	0.443997608	0.455405655
0.414259528	0.633976118	0.517522617	0.506863467	0.471404433	0.453775485
0.655921647	0.537028696	0.49292904	0.511328907	0.475825947	0.472844055
0.640943265	0.52298048	0.468576545	0.452386018	0.481778132	0.484399418
0.543071924	0.507930082	0.461573362	0.397211297	0.535567569	0.473583683
0.534920143	0.476848479	0.495335951	0.473830332	0.47029297	0.475711322
0.559807455	0.445520882	0.510207663	0.483945564	0.470667742	0.464696559
0.678601919	0.63454318	0.41180777	0.436568421	0.456493018	0.483207107
0.505779372	0.54371933	0.544704746	0.526519372	0.419138398	0.429425782
0.558820798	0.478340408	0.510373715	0.461081669	0.500207685	0.506418923
0.52776031	0.495852101	0.418484151	0.633483515	0.518691982	0.475981921
0.571638638	0.468787023	0.449930723	0.473542061	0.529387435	0.475174833
0.518485272	0.592346509	0.554224321	0.514602187	0.432921636	0.501182407
0.550359736	0.571971773	0.60339358	0.449513866	0.520539034	0.434193225
0.568446143	0.512018194	0.479817364	0.455501154	0.43293177	0.466500915
0.529015404	0.466739197	0.553212136	0.431470556	0.447574149	0.380676097
0.541909893	0.455938353	0.493729426	0.436503213	0.489872899	0.4037203
0.611219156	0.466369379	0.529123412	0.472359565	0.441268209	0.429983909
0.45652856	0.562536759	0.514444386	0.417663742	0.531919732	0.441036894
0.546760989	0.584180805	0.496612245	0.49585106	0.462998321	0.479118842
0.636628976	0.567374746	0.468741433	0.481612531	0.548559991	0.45586573
0.47854118	0.508020564	0.524289694	0.552832616	0.382523057	0.51195717
0.669622133	0.5610507	0.509948656	0.500236713	0.453466371	0.428322351
0.641566091	0.553675826	0.52210264	0.501553708	0.460405263	0.509620349
0.705385081	0.509357938	0.462928083	0.492163144	0.504623102	0.502048194
0.686683558	0.599007762	0.431631215	0.504324436	0.452938084	0.448660973
0.500315011	0.539093761	0.487546714	0.530213875	0.579767368	0.452937552
0.549807	0.505493753	0.45178092	0.440206225	0.497554809	0.438617668
0.605118763	0.490842724	0.434637177	0.483383418	0.52840597	0.461014775
0.516705341	0.439251596	0.508366331	0.531518278	0.465079443	0.469185018
0.516614459	0.624672451	0.502158095	0.485577167	0.495439091	0.433520713
0.705650358	0.539574499	0.560770481	0.514615418	0.525266753	0.409871538
0.642883339	0.614241195	0.474086069	0.433790709	0.561271288	0.447786266
0.58303248	0.526121526	0.434749821	0.459534489	0.544590899	0.428932523
0.603984985	0.459224307	0.504443194	0.40959181	0.464538456	0.512510709
0.806404007	0.527703257	0.571519	0.566613045	0.526750611	0.49572753
0.461329986	0.63076524	0.525637774	0.495619723	0.436372548	0.478012404
0.562494484	0.591003824	0.480868592	0.507713533	0.48677379	0.435402862
0.595642866	0.387700224	0.528166449	0.51042514	0.503845677	0.423452565
0.665467274	0.451288814	0.439298054	0.404315239	0.433250967	0.461200944
0.682975424	0.514438175	0.472734902	0.462299692	0.531482032	0.476850303
0.677255333	0.547134432	0.441565426	0.482863986	0.459307974	0.447593092
0.646755712	0.570907799	0.478737557	0.465485559	0.443140461	0.409583455
0.458123075	0.459414828	0.524558896	0.447722489	0.481022174	0.457768986
0.658980663	0.48009946	0.514154633	0.502843378	0.464641357	0.475885142
0.410543427	0.512422038	0.478696543	0.442999699	0.489519523	0.441356018
0.465955154	0.390575745	0.482081259	0.471260402	0.512696135	0.454091803
0.491394088	0.511111951	0.515542462	0.509593641	0.452512708	0.460240529
0.5523076	0.534152393	0.54057803	0.517383522	0.461436729	0.452904891
0.671680712	0.594118272	0.429927452	0.533242874	0.484079646	0.459946627
0.568564267	0.501153827	0.490832681	0.435819498	0.421829211	0.435571296
0.624579994	0.549248	0.483030802	0.431325877	0.456388988	0.454477977
0.524074331	0.562441944	0.40579073	0.40576912	0.427210833	0.475968988
0.471745978	0.621199752	0.461326725	0.510655205	0.486040522	0.450098565
0.660583057	0.504583694	0.511946843	0.641391086	0.459291108	0.493747234
0.515635204	0.524863674	0.47308626	0.413552066	0.506749904	0.488418426
0.534534397	0.441086948	0.478440769	0.477383496	0.450746906	0.514724722
0.556175606	0.532174141	0.473483683	0.449678815	0.434850253	0.491425646
0.607108468	0.572984257	0.48647718	0.540404878	0.506742511	0.448704018
0.624013324	0.553007054	0.494688776	0.563736803	0.479136555	0.460762435
0.578387974	0.462276557	0.41328498	0.446326919	0.498072085	0.432940204
0.672326972	0.393422086	0.502154108	0.511958242	0.538639266	0.447847492
0.645158631	0.435786555	0.58467694	0.536195376	0.362493907	0.482815229
0.576776516	0.475327274	0.463232288	0.473520665	0.514502472	0.446001965
0.492855941	0.489620767	0.44328726	0.489536044	0.456687999	0.472228595
0.696302108	0.52989968	0.450369032	0.446714827	0.445775233	0.449289643
0.686332604	0.545357104	0.519447393	0.545608577	0.532772788	0.543745754
0.709655102	0.435978003	0.455960558	0.437441928	0.422257706	0.432801598
0.483902939	0.522449043	0.51286506	0.514604409	0.482512819	0.487431618
0.666713454	0.435997221	0.438808743	0.498984267	0.489385149	0.518466719
0.641205728	0.379921359	0.528552262	0.492476741	0.456002886	0.472713379
0.633709569	0.501812013	0.536822388	0.561198673	0.423262273	0.398954913
0.806240215	0.55426247	0.582469785	0.456235307	0.38765904	0.438207846
0.597610878	0.483177585	0.429557837	0.524752407	0.437567337	0.437235571
0.549788579	0.409380943	0.556775411	0.518649386	0.439593646	0.509247172
0.693955951	0.406899448	0.465160357	0.507503446	0.392048529	0.490634457
0.555421445	0.513534138	0.47658397	0.451770273	0.478123389	0.457521294
0.476121298	0.479445819	0.482350943	0.43366164	0.523571488	0.442206499
0.570974304	0.543340822	0.494777168	0.531610952	0.4275634	0.43168145
0.503801954	0.489787981	0.432432842	0.432445131	0.452687251	0.434770951
0.650721718	0.523232629	0.476423378	0.369890105	0.440205114	0.452969138
0.535737626	0.55642048	0.455366353	0.397080932	0.422000369	0.438688169
0.4902263	0.514743859	0.492605738	0.504058308	0.479325847	0.456790874
0.798570483	0.482467164	0.402980252	0.484504555	0.468996284	0.50766074
0.67072064	0.543847788	0.526096034	0.480922958	0.455742502	0.419899308
0.529737458	0.479381122	0.434668372	0.63338522	0.413412698	0.436210782
0.614323743	0.536311571	0.425491568	0.449042739	0.476916794	0.502128598
0.631280577	0.461403401	0.446980804	0.430176624	0.404140656	0.485628558
0.547218981	0.586223755	0.450151196	0.572071959	0.456147608	0.47376583
0.607738415	0.606660113	0.565021279	0.503129461	0.552442257	0.47260374
0.566524003	0.49401276	0.45358411	0.52942086	0.458730854	0.452521285
0.49828417	0.526940361	0.555558517	0.449974416	0.446350676	0.474297484
0.52168955	0.451944826	0.49548509	0.570960305	0.499968503	0.438112695
0.707041027	0.596135677	0.604818756	0.383547791	0.442829913	0.513618294
0.456541609	0.541524862	0.488555897	0.421779538	0.451689716	0.427443419
0.533631121	0.381743602	0.423002469	0.483540857	0.462663678	0.446774438
0.65102756	0.539775527	0.503562862	0.444667842	0.379291686	0.495565842
0.494616276	0.504846183	0.48844465	0.432474464	0.401066254	0.462791967
0.494385907	0.513783032	0.564436538	0.513881274	0.47795551	0.431634417
0.460125413	0.561799328	0.419007996	0.492526032	0.478433955	0.423856549
0.493853317	0.525036993	0.435083642	0.511915701	0.440208871	0.502833389
0.594702251	0.533884088	0.489603915	0.437181546	0.499675276	0.455444971
0.612701596	0.565331745	0.466629027	0.539387032	0.467037868	0.47246208
0.537371068	0.430880547	0.453198995	0.43343928	0.549845315	0.519800519
0.756295881	0.497361433	0.503145996	0.471449711	0.489929322	0.460668119
0.562753072	0.559992926	0.454491142	0.531700432	0.490326069	0.43099158
0.478018274	0.488521041	0.551028849	0.438401417	0.463001708	0.472051074
0.642244658	0.447853574	0.429673617	0.436021246	0.476842399	0.473720308
0.448080951	0.533867982	0.490949134	0.551967718	0.461590823	0.470234398
0.518722835	0.490446152	0.432594614	0.428538502	0.458826025	0.511056773
0.664458847	0.38079439	0.474676328	0.502606608	0.405418099	0.518192773
0.713963291	0.453070107	0.577380883	0.554117815	0.428541359	0.503776209
0.613591216	0.485266263	0.566471449	0.415394028	0.463809211	0.44249873
0.517896879	0.576628587	0.429340722	0.390406876	0.456434483	0.439004469
0.541415691	0.502920562	0.436405384	0.467424722	0.465160688	0.481773147
0.608405881	0.617553476	0.428293488	0.471463653	0.551872363	0.490498659
0.623628915	0.437105192	0.392286565	0.512297662	0.441855326	0.536643255
0.547318293	0.497376776	0.5024191	0.524810954	0.522928588	0.496595614
0.439582519	0.470288562	0.643450787	0.528183507	0.457624807	0.45941387
0.603518796	0.456880511	0.473300119	0.530875902	0.483768253	0.444842839
0.672237086	0.538610789	0.465050537	0.442343561	0.448577825	0.539186157
0.666297503	0.464425558	0.509683176	0.593331688	0.428204744	0.451125089
0.529853278	0.628246815	0.523070006	0.437210563	0.527117705	0.489661124
0.638698627	0.486529422	0.52519268	0.411564984	0.431355194	0.470795237
0.602175547	0.480685648	0.4239855	0.447932743	0.465457666	0.446650609
0.794165803	0.5853026	0.594278772	0.521479989	0.425236229	0.470193216
0.598198922	0.517699863	0.571623632	0.482190839	0.492695147	0.451586562
0.688294417	0.473449637	0.436003597	0.537399346	0.590165156	0.428042035
0.606705368	0.527015128	0.491006567	0.500284916	0.503234905	0.441489223
0.438514478	0.55716516	0.451015555	0.562841055	0.501235999	0.397905452
0.626996083	0.523251218	0.420058061	0.460499488	0.457100538	0.399024099
0.564042652	0.518610795	0.413638251	0.489105638	0.485391521	0.496787684
0.467019344	0.609409312	0.390498524	0.357160504	0.505998573	0.458778618
0.550123845	0.56579689	0.471643709	0.502276995	0.50149766	0.492268068
0.60493849	0.581149756	0.456468323	0.568327598	0.383816781	0.480742629
0.545357672	0.514876482	0.507428013	0.479474962	0.465208942	0.498736342
0.512972304	0.47416962	0.44375445	0.47017419	0.468239722	0.511264127
0.528216806	0.601307119	0.503076368	0.510337807	0.487208918	0.391321146
0.662831854	0.55003623	0.487361001	0.534616645	0.402170875	0.448688715
0.536574182	0.509280381	0.392803634	0.476679723	0.459037879	0.491539831
0.541374539	0.498874008	0.511709524	0.497716004	0.48910181	0.42705291
0.524891823	0.595896101	0.380071159	0.495047672	0.453835357	0.452687318
0.666457492	0.451220308	0.581626733	0.511313837	0.492983091	0.47441958
0.637492892	0.516954383	0.488122	0.492169434	0.444463723	0.491165032
0.552184724	0.534872145	0.566810666	0.500067642	0.485378352	0.503154314
0.512646706	0.615073874	0.502513521	0.517900757	0.40610848	0.479294722
0.620103064	0.528811434	0.524717861	0.534077274	0.487891322	0.434597228
0.4441483	0.496742515	0.503628964	0.557778148	0.484917168	0.515719642
0.720159195	0.443186272	0.45796657	0.576876193	0.484100296	0.411704139
0.813707881	0.518019442	0.513900196	0.476831557	0.529632228	0.45669126
0.732401397	0.546931899	0.590540755	0.483528573	0.460224678	0.448234625
0.562069118	0.47490045	0.588476735	0.43211198	0.484308693	0.432459844
0.507037433	0.457608723	0.494002571	0.485918198	0.436463846	0.463509367
0.684526788	0.486069515	0.493133611	0.470592498	0.448271056	0.466579245
0.64254846	0.489877388	0.389325155	0.429649702	0.506160823	0.506029988
0.75725877	0.425864425	0.607033929	0.428788229	0.464524788	0.460345569
0.621738806	0.537904282	0.444906693	0.47450169	0.458724072	0.505279037
0.636722873	0.467007036	0.565146156	0.49122409	0.50381049	0.422886173
0.649787939	0.505269426	0.508129337	0.509332391	0.534704079	0.480630145
0.666976837	0.587540989	0.503829769	0.40623105	0.518477375	0.463360729
0.572169382	0.496170612	0.460892435	0.522968604	0.535743078	0.429597707
0.585840673	0.467075147	0.449719443	0.516589044	0.49020656	0.449611851
0.626621396	0.511606511	0.477854136	0.485396964	0.548829206	0.459918303
0.704087495	0.443317465	0.487010101	0.560523993	0.488732776	0.493242811
0.473850334	0.44615419	0.498377837	0.464697835	0.503408664	0.462685593
0.625371765	0.56726155	0.449438302	0.533028926	0.50128824	0.503939942
0.514534792	0.414854189	0.500891659	0.474714267	0.476297649	0.450226146
0.584359664	0.604445815	0.426868856	0.500397555	0.488629685	0.439472064
0.579100539	0.494517017	0.482863444	0.521337882	0.51982549	0.459973623
0.59162994	0.458295549	0.514889219	0.523348575	0.490866157	0.475942257
0.545849222	0.499885932	0.528863334	0.480804141	0.477568692	0.458639073
0.639717585	0.630052899	0.501861597	0.430711135	0.459777483	0.456903252
0.614849771	0.429989049	0.4996933	0.470447833	0.413482732	0.462221329
0.69632794	0.509780269	0.586913782	0.484296415	0.470341639	0.518175236
0.580602133	0.599460509	0.403029679	0.467915823	0.397244572	0.523594494
0.690010953	0.516874628	0.535426261	0.586983117	0.421714815	0.428002481
0.728923234	0.485636031	0.467900901	0.516714516	0.412826642	0.43633928
0.666837671	0.478724359	0.531761363	0.467721651	0.508605909	0.458570716
0.706256912	0.41478855	0.52083402	0.487530834	0.568574145	0.503820122
0.655633032	0.484496313	0.377141324	0.478275841	0.515975085	0.504106777
0.539260589	0.520452561	0.513365948	0.488103854	0.47053037	0.457054379
0.612341677	0.634970916	0.485175444	0.436862764	0.432355354	0.517120255
0.716583494	0.534735397	0.483070374	0.460968302	0.515664755	0.462503952
0.507509195	0.622451918	0.427828357	0.494060612	0.453884557	0.45547474
0.526154453	0.577345037	0.467271349	0.465850167	0.441164991	0.456197697
0.564830478	0.512888335	0.520707217	0.483746625	0.426203197	0.395366918
0.717455509	0.521086522	0.496395436	0.326727537	0.468991165	0.456874098
0.634508394	0.567043465	0.355960851	0.431773659	0.466439073	0.435599863
0.532133028	0.50582985	0.501016917	0.474217403	0.453251261	0.459311135
0.523977707	0.586949459	0.482734168	0.495868181	0.480146994	0.473697354
0.622154969	0.497135865	0.570854882	0.47601307	0.483082239	0.473391318
0.50551012	0.581429524	0.476497508	0.557622685	0.51236463	0.46173951
0.653731616	0.51995982	0.422433666	0.487447359	0.546316295	0.444741886
0.544347937	0.430460351	0.537908281	0.430484789	0.496837363	0.469847842
0.562821112	0.52996102	0.549703358	0.42199676	0.45472485	0.510681965
0.602265892	0.469119385	0.627650457	0.54453125	0.496730739	0.462538502
0.626000362	0.660532499	0.506463578	0.465792274	0.439546169	0.458675633
0.765869776	0.359412249	0.48917179	0.533493626	0.398375835	0.517890408
0.588324019	0.558870165	0.489893432	0.468320565	0.488907281	0.473347978
0.532366002	0.46743934	0.491250739	0.414288908	0.523841741	0.481454996
0.517029368	0.545743741	0.440870989	0.471285973	0.389481518	0.471711912
0.717071751	0.557490701	0.519855156	0.448962132	0.565595662	0.468532577
0.756105512	0.54342164	0.484019117	0.436961787	0.524151788	0.43626442
0.688939332	0.501736356	0.428485094	0.527009955	0.437980817	0.464034537
0.684910668	0.498671982	0.46469522	0.445945986	0.508408449	0.452385916
0.499928833	0.424094281	0.48925217	0.417508477	0.584156778	0.440240936
0.530700553	0.553837579	0.477148521	0.52530085	0.461504643	0.429969637
0.613655683	0.632535308	0.528967095	0.418713514	0.441679789	0.445851292
0.729410343	0.589773565	0.488459358	0.441560348	0.455954772	0.414551183
0.445137046	0.364314357	0.508478142	0.481146556	0.384339585	0.4476177
0.653208412	0.48086205	0.476138927	0.48668309	0.507962428	0.412711239
0.535454192	0.473511673	0.544840563	0.430251316	0.453503202	0.512427577
0.51356388	0.545694668	0.481032205	0.464770042	0.510296282	0.451898828
0.625562153	0.590548366	0.478186224	0.45156929	0.488991808	0.514586363
0.607120697	0.505544107	0.414639746	0.540142375	0.477283106	0.419394867
0.455334355	0.523086069	0.501856244	0.456308557	0.455892798	0.473011082
0.522601533	0.427013323	0.457822651	0.547925822	0.455371049	0.466380719
0.438494921	0.446288216	0.539424381	0.542140601	0.451439846	0.475497532
0.671394324	0.54614468	0.458748324	0.470433628	0.438325112	0.464586987
0.530904533	0.462736321	0.558518402	0.502690379	0.476912555	0.462146734
0.683866543	0.512526833	0.502860904	0.425813654	0.493911608	0.476206167
0.600246332	0.510889198	0.503458074	0.522216205	0.496203822	0.450598775
0.549325315	0.506323889	0.527376023	0.446370136	0.550493837	0.439165118
0.60442428	0.453800072	0.416276701	0.419263553	0.540189392	0.44101073
0.656489723	0.486047541	0.525922102	0.422441571	0.372283252	0.540685854
0.548111839	0.522793727	0.544701671	0.526133034	0.452495744	0.471054207
0.592191085	0.579663836	0.505603255	0.531373693	0.530604161	0.466363831
0.609003182	0.509109605	0.642228819	0.491174386	0.477668684	0.48988878
0.520517443	0.509134832	0.515133194	0.446625017	0.4880422	0.455034196
0.641840812	0.608297872	0.537360529	0.49968986	0.383641666	0.446536399
0.663519013	0.439293383	0.509192189	0.556173071	0.503523952	0.499464878
0.609184918	0.49408617	0.482489805	0.499883713	0.564979604	0.449592931
0.461450832	0.487505377	0.580122718	0.379697637	0.392497982	0.477646426
0.633078165	0.431343929	0.478903773	0.500178378	0.494672436	0.43220208
0.532372798	0.624688974	0.413960694	0.463937577	0.454660454	0.446102359
0.546167453	0.573334321	0.434687201	0.488803552	0.530701192	0.441450083
0.588577728	0.575878335	0.461244805	0.486714392	0.535698529	0.395176073
0.591536924	0.55759287	0.550196425	0.492431053	0.512781938	0.431187216
0.71340316	0.577650644	0.473298969	0.456853676	0.46876566	0.456832006
0.423223276	0.416855417	0.49731551	0.531107773	0.520299313	0.453999127
0.568947253	0.387246868	0.577379954	0.452228847	0.498172427	0.434381267
0.639660835	0.548303759	0.457647524	0.455437874	0.49124039	0.42315788
0.701754946	0.557362164	0.532327016	0.409735738	0.501758106	0.486580077
0.50069977	0.521923038	0.455517886	0.454533145	0.399099788	0.467284064
0.673298401	0.501508567	0.512649572	0.537509991	0.470212203	0.426522411
0.568791914	0.64043676	0.594658299	0.395851116	0.436673572	0.473823592
0.551654057	0.59868293	0.539569428	0.414904142	0.593325119	0.410652097
0.586321827	0.6442013	0.443690241	0.440702308	0.601047461	0.451898547
0.475765207	0.46705829	0.550292224	0.441437662	0.437595123	0.469783523
0.549636499	0.527664669	0.509233251	0.519439041	0.544364065	0.467810016
0.876069936	0.520539554	0.451671733	0.536350629	0.538316705	0.476839043
0.522279329	0.454491079	0.467918432	0.384826154	0.452677857	0.456687606
0.609110327	0.447720335	0.525599713	0.478023558	0.553116176	0.465045038
0.6021128	0.480024898	0.481136764	0.527338083	0.48653393	0.441833615
0.530859305	0.4442076	0.564189541	0.576574767	0.510135826	0.479608273
0.696787988	0.537041768	0.418886045	0.422656798	0.474292248	0.468309027
0.500963104	0.440296365	0.500353987	0.496738841	0.515361421	0.431570475
0.650291231	0.615762835	0.553576311	0.55376737	0.468218422	0.414196365
0.539577956	0.593757767	0.502305427	0.525840787	0.448811901	0.442168216
0.525014694	0.530681516	0.444771853	0.475022722	0.425962289	0.50207598
0.665250196	0.537947639	0.520050901	0.426026064	0.437955853	0.44521112
0.698025942	0.510464538	0.402505102	0.439438611	0.480844392	0.455264634
0.569385927	0.54948833	0.432781594	0.539849514	0.46574736	0.421592563
0.584183746	0.552295992	0.454061995	0.467102415	0.485187997	0.457018908
0.535333511	0.56476712	0.473234444	0.52091524	0.464153724	0.484674889
0.548104773	0.447327104	0.431752786	0.470385011	0.443906285	0.484567281
0.629633235	0.479332584	0.473155728	0.466698314	0.494382626	0.418986912
0.661412137	0.522362429	0.394883353	0.475644487	0.369209635	0.461688127
0.553180555	0.641069924	0.526073873	0.486840331	0.469055129	0.398693929
0.51631552	0.511626328	0.476816432	0.469672281	0.430775989	0.496324599
0.622935283	0.533958026	0.500016221	0.47057778	0.519791431	0.447292581
0.540968672	0.593057393	0.475873458	0.537139761	0.460487599	0.487226146
0.502166166	0.563103517	0.480209993	0.428286088	0.491371381	0.425641573
0.549696328	0.509891077	0.551686001	0.531939169	0.520323181	0.502952018
0.522421294	0.504192727	0.394787593	0.527299522	0.464505198	0.42987576
0.482210534	0.46797756	0.434991906	0.467507398	0.52429444	0.450056398
0.633796523	0.685094256	0.500281687	0.481744319	0.450986811	0.466440602
0.561172008	0.55180602	0.365956439	0.475148127	0.40887282	0.499965052
0.565497066	0.581523305	0.528101007	0.47002151	0.487928905	0.453083749
0.529855423	0.54162263	0.567638885	0.449266116	0.451020232	0.462540605
0.604989424	0.59597574	0.453809299	0.473571345	0.515072516	0.480154402
0.604469256	0.44826953	0.495087175	0.51526684	0.42565884	0.451483029
0.686904946	0.49427733	0.591346843	0.506853063	0.42304545	0.446087173
0.554078121	0.428473974	0.501694907	0.437157851	0.500170825	0.405691834
0.493667791	0.641344121	0.542190873	0.568538939	0.479845151	0.487816625
0.66204214	0.584922115	0.533368416	0.406430679	0.491537791	0.487021368
0.682726648	0.566074012	0.447720766	0.492656549	0.413173197	0.500288261
0.533617544	0.650047629	0.487146895	0.506603388	0.437979763	0.460338501
0.596371809	0.416071778	0.488640603	0.417404119	0.483768994	0.459088135
0.728819062	0.493144741	0.486616904	0.429677745	0.483767182	0.397080863
0.535414471	0.463608986	0.53327724	0.511264003	0.436408341	0.491925757
0.661959713	0.501437241	0.500286459	0.520772798	0.463014478	0.411270098
0.647233265	0.443253328	0.50875108	0.424399375	0.435054897	0.481046471
0.579682934	0.515012419	0.581021424	0.482870122	0.446391506	0.475087995
0.510320556	0.540708434	0.494716799	0.528865513	0.429010181	0.446046446
0.425225593	0.477968771	0.554478307	0.49388994	0.585841026	0.462883169
0.455455554	0.608735762	0.453900408	0.387715514	0.505765505	0.453194464
0.467630834	0.522981611	0.519978843	0.427275379	0.442141449	0.452813638
0.43777515	0.615660614	0.397089113	0.435465861	0.448964018	0.444510911
0.554894203	0.552765879	0.54757693	0.505278457	0.441650341	0.444437706
0.58560642	0.499511891	0.467826145	0.491391793	0.520565509	0.487517866
0.692762442	0.484922334	0.466908903	0.511436993	0.451901678	0.474636893
0.585906487	0.59222103	0.523989505	0.405463775	0.526528043	0.455515423
0.444653353	0.530497063	0.55333231	0.495980314	0.484004559	0.522444714
0.598382573	0.560406603	0.568730253	0.477512895	0.505191712	0.438006519
0.49268788	0.519738857	0.499782728	0.47256303	0.479765844	0.440248309
0.583685445	0.514059773	0.459648711	0.404178943	0.519850581	0.414107375
0.603614394	0.493655828	0.473373723	0.453814363	0.479881789	0.455190608
0.484546548	0.569564406	0.42561155	0.476622773	0.49337493	0.449913116
0.676390471	0.566015471	0.505821989	0.466155736	0.402099444	0.405974731
0.551411516	0.596467503	0.426161588	0.462085794	0.520251909	0.478984278
0.657774473	0.482190191	0.56272694	0.438015669	0.506494443	0.412001741
0.673366036	0.60199252	0.539602152	0.46186467	0.440345186	0.478753941
0.405953389	0.634944658	0.473694461	0.608370581	0.49541658	0.459116859
0.523664009	0.386678212	0.52121291	0.48001173	0.47639225	0.436166099
0.482807077	0.624023152	0.478902682	0.492614692	0.473645825	0.427572927
0.557733589	0.58754811	0.445402952	0.453469341	0.478194365	0.457811313
0.514630659	0.430406936	0.555498103	0.500038749	0.506203515	0.493051149
0.627022206	0.572146436	0.485151898	0.475733493	0.465825029	0.513699361
0.56481197	0.499737824	0.462754661	0.477995132	0.489810361	0.47450216
0.448911367	0.564871055	0.504988057	0.43465529	0.510488226	0.459488099
0.50890741	0.603922021	0.538955455	0.483532839	0.484799075	0.473223896
0.481202371	0.561283447	0.461152561	0.484458124	0.545150184	0.40815777
0.49581164	0.423671114	0.488239461	0.523227183	0.509421499	0.488479642
0.547800669	0.510244187	0.525311938	0.481337375	0.464857307	0.41335615
0.701654137	0.578114788	0.539121446	0.484995323	0.433061692	0.499029521
0.620668056	0.542078025	0.625995281	0.546065294	0.407055942	0.484081849
0.433878124	0.644579478	0.506760065	0.496727806	0.566151337	0.468588673
0.682286791	0.612812255	0.51942804	0.518469958	0.465439221	0.475841961
0.716542654	0.463910208	0.355664016	0.461269192	0.509139707	0.461664195
0.659081935	0.617667753	0.51203243	0.470039625	0.445727804	0.484446229
0.507268468	0.41651126	0.461018623	0.42689784	0.420126734	0.508166294
0.694498229	0.515069767	0.535033582	0.414682645	0.475416899	0.426253929
0.659305183	0.512325045	0.454442483	0.528796491	0.481823056	0.468644907
0.464088998	0.450029121	0.385946603	0.541897623	0.460055065	0.51926399
0.561833536	0.531691657	0.408194723	0.37617302	0.416894628	0.449885846
0.531645686	0.54845542	0.496348923	0.464301383	0.402384295	0.481264696
0.573463917	0.491382074	0.509506314	0.480670052	0.4352774	0.477338361
0.386528712	0.442701431	0.514966142	0.4908712	0.517216725	0.455864101
0.70309636	0.469550485	0.491652727	0.484403328	0.459607392	0.444405597
0.648903203	0.46120573	0.493981772	0.400492427	0.439013785	0.468692245
0.584727556	0.47648186	0.478944949	0.541025982	0.47790593	0.485720508
0.624425802	0.492683553	0.543592425	0.491921697	0.355210585	0.501745863
0.509611163	0.468395904	0.476439112	0.497800589	0.50368445	0.489413289
0.510453431	0.514373675	0.430566528	0.492401795	0.472893549	0.522684104
0.491966741	0.482656858	0.446942442	0.414591971	0.483951295	0.463799555
0.662157855	0.665873779	0.467255144	0.516861977	0.514824404	0.465674285
0.559095863	0.672903185	0.483423445	0.51492335	0.489278265	0.495692367
0.56141372	0.533936695	0.544245545	0.462883892	0.449209782	0.464009568
0.616112957	0.546314178	0.552156095	0.499278793	0.471850149	0.497478295
0.518890444	0.539280563	0.434996766	0.418825678	0.523072233	0.427144137
0.818507779	0.433783684	0.569489009	0.53798806	0.564194513	0.453822944
0.474403278	0.448644168	0.468311254	0.506563193	0.408680634	0.391378953
0.683360211	0.63942343	0.525652037	0.434626353	0.458207576	0.460355868
0.5856861	0.563616229	0.549439899	0.422690911	0.496730291	0.483537933
0.688099635	0.459591687	0.484832826	0.516070259	0.426410559	0.453668351
0.578828936	0.545069101	0.509129178	0.471659151	0.425711439	0.502774205
0.427193541	0.529608932	0.595044918	0.438520487	0.381648106	0.493531224
0.601221131	0.558765404	0.534376138	0.530539124	0.394937042	0.483943385
0.548695564	0.491843149	0.487376704	0.556760273	0.542271815	0.411817082
0.606492713	0.498042824	0.461577224	0.525371329	0.475534355	0.446673888
0.615078987	0.527882667	0.503207414	0.410123491	0.510213632	0.477730303
0.520270761	0.54944325	0.46246147	0.475600521	0.530046514	0.430173181
0.589582587	0.555811229	0.445462307	0.508189281	0.526748202	0.494804415
0.584231709	0.506913535	0.579753529	0.430710623	0.522961475	0.537960895
0.545465389	0.379891708	0.509281699	0.575310168	0.426306454	0.460516241
0.73090234	0.505964372	0.525335314	0.504229604	0.426631601	0.417969275
0.495619158	0.456282904	0.5234631	0.563959583	0.402105308	0.470527559
0.525870785	0.56810887	0.481412046	0.49378618	0.512497604	0.477994128
0.540847296	0.498133334	0.452828908	0.547109492	0.513426438	0.448571285
0.506780901	0.498850383	0.503594416	0.589158796	0.477199218	0.434544532
0.643136385	0.609977464	0.415430012	0.453840202	0.505752413	0.457306766
0.67734526	0.516560384	0.584524756	0.464060682	0.488539922	0.464078987
0.511404881	0.521818472	0.404780424	0.468059223	0.491014863	0.470006656
0.592537618	0.589763195	0.530733147	0.460159454	0.552449756	0.469126898
0.589054909	0.527181139	0.517889746	0.457408687	0.461827219	0.42602714
0.631805114	0.467983407	0.528598101	0.465677019	0.479360319	0.501211222
0.607381462	0.461829038	0.475766364	0.479740877	0.503478514	0.460911934
0.551024883	0.470909886	0.50714718	0.471397905	0.362916046	0.488728687
0.405590602	0.617057197	0.488235479	0.471781674	0.48814124	0.477869656
0.671844701	0.534193612	0.479425977	0.426202973	0.459363104	0.475306798
0.612158002	0.550400286	0.528974781	0.510269451	0.52058245	0.45449091
0.810354948	0.501917079	0.512817473	0.463411867	0.466408012	0.50537367
0.667840035	0.518038903	0.474511606	0.471000866	0.471804966	0.514655097
0.516692935	0.610666828	0.461527981	0.501811741	0.499947872	0.470077907
0.656779597	0.491381221	0.486659551	0.529910406	0.468024695	0.478446234
0.711940836	0.584217189	0.464374952	0.580169874	0.438227345	0.442952912
0.548670667	0.521550584	0.455843061	0.426492614	0.452817869	0.475541522
0.632895468	0.444399724	0.45891725	0.489587813	0.449492261	0.440569743
0.590256466	0.447691346	0.533209129	0.48347514	0.411780026	0.462470211
0.551763559	0.494316753	0.445789723	0.588786764	0.466344242	0.453660461
0.61854766	0.53608833	0.443313402	0.450963147	0.425690217	0.457184457
0.470714138	0.555216266	0.556664299	0.521714126	0.499479958	0.476558496
0.618559242	0.482387948	0.39449903	0.500079671	0.470285618	0.410535349
0.719058899	0.574947519	0.462454416	0.469107181	0.534145549	0.494912623
0.631888652	0.502225061	0.500207427	0.501479227	0.536595725	0.476001923
0.548540016	0.488390586	0.445842789	0.48528084	0.526417906	0.484266401
0.483618383	0.564176181	0.488046697	0.384391917	0.46962225	0.451227927
0.548304284	0.481838829	0.463632603	0.541615967	0.476220259	0.432495665
0.544270343	0.587428836	0.445510181	0.414722568	0.472896841	0.509198108
0.635178348	0.413855694	0.486103349	0.502322763	0.445095844	0.464103274
0.660647664	0.511135744	0.538345293	0.549520579	0.510735935	0.411793424
0.477520761	0.448971636	0.529921739	0.434310771	0.477535825	0.449181692
0.617280435	0.609034037	0.495311414	0.517005061	0.383585128	0.447811956
0.622199983	0.494172179	0.458649325	0.452338113	0.450337099	0.472662495
0.515646371	0.615129625	0.442021603	0.474285559	0.561736512	0.454412791
0.587142842	0.510743269	0.50573438	0.449029233	0.500435074	0.443743919
0.514760518	0.506968738	0.425846961	0.498798957	0.39938091	0.489619351
0.700771897	0.499228839	0.466611445	0.543150503	0.49129532	0.450893491
0.711252719	0.557110798	0.521677714	0.405588936	0.523315095	0.50113234
0.622323114	0.435630156	0.48540257	0.512066244	0.515237781	0.429918832
0.644562196	0.486780635	0.512293862	0.583076767	0.532584097	0.423617427
0.567820739	0.532318719	0.488502537	0.482206607	0.457306809	0.447101087
0.61646435	0.53994944	0.486810068	0.496759466	0.554728587	0.50541605
0.54595308	0.466060945	0.461427362	0.492170503	0.523078154	0.410716483
0.570323233	0.457766692	0.497052081	0.535227931	0.448427936	0.414690053
0.505068173	0.478567992	0.444447847	0.498647074	0.445878194	0.497048498
0.514407227	0.493407195	0.45316553	0.520374225	0.452243881	0.482360341
0.645547694	0.449340557	0.488604223	0.39714384	0.502352046	0.435631881
0.584016218	0.454417822	0.44320908	0.552372655	0.501973111	0.482733556
0.648290125	0.533544369	0.402110514	0.485706181	0.586617654	0.464801218
0.524606165	0.488665095	0.482566152	0.469516436	0.445219595	0.435337415
0.785419849	0.528027432	0.39095319	0.413147448	0.496102165	0.48235615
0.667400958	0.495274023	0.454402089	0.428147678	0.470350936	0.43957785
0.482623552	0.559340665	0.55546721	0.468864219	0.496576136	0.43717633
0.611933093	0.365780985	0.500310682	0.488032435	0.517420814	0.399377263
0.82125686	0.491039344	0.440352928	0.509944503	0.457181548	0.402297851
0.513820808	0.555136845	0.490151971	0.448980119	0.46726645	0.48594892
0.612994083	0.641965475	0.493369615	0.575944995	0.476749994	0.469247145
0.720648804	0.515654067	0.43955755	0.459439579	0.481325401	0.475076096
0.524893752	0.456410559	0.392402851	0.485608048	0.464918536	0.491317671
0.697315473	0.525008743	0.50253185	0.48838606	0.49486706	0.472101211
0.592089608	0.504340481	0.518520414	0.467339551	0.459102024	0.4567377
0.707486267	0.502860743	0.431809926	0.487437595	0.528950765	0.477919392
0.719752029	0.576949494	0.512566393	0.517979829	0.498631019	0.483435316
0.680551822	0.464255223	0.514883984	0.44430561	0.492138136	0.487439601
0.645677655	0.536799044	0.488042459	0.446171528	0.479764806	0.435351988
0.830797711	0.479268427	0.431324117	0.400505621	0.455601768	0.489213627
0.48234317	0.511753942	0.38564258	0.448208247	0.552216124	0.479462877
0.691160076	0.535177156	0.478735832	0.50559558	0.448393208	0.458931764
0.680914404	0.623463086	0.503289365	0.438548504	0.442202623	0.504512931
0.59683668	0.600103004	0.467460169	0.457232451	0.492812305	0.478922667
0.643016712	0.551753322	0.470868801	0.485701992	0.519425016	0.469097942
0.576544202	0.472804308	0.483695524	0.521963545	0.472693852	0.452205646
0.593151129	0.456576895	0.510920894	0.506360199	0.497270642	0.497424848
0.571665328	0.592237349	0.428039213	0.477123665	0.404731605	0.38899584
0.523380679	0.582437319	0.523582164	0.492665998	0.462699905	0.491670837
0.567950941	0.576775786	0.427640848	0.477725159	0.448857157	0.478147683
0.614660522	0.62432791	0.468551972	0.533075353	0.541943102	0.44689139
0.47504023	0.534337597	0.491876178	0.474794987	0.460811861	0.422708144
0.551780732	0.567922854	0.365255307	0.47581689	0.435858704	0.456623542
0.59922757	0.534515686	0.508385955	0.490419564	0.531855874	0.430499834
0.479208446	0.480840352	0.530984459	0.484062375	0.413848669	0.462867196
0.714224252	0.541840983	0.540872215	0.437624563	0.468508619	0.485253521
0.545804433	0.414185689	0.597239058	0.476536355	0.480088387	0.45483756
0.601123957	0.511999082	0.438865923	0.508679629	0.489257824	0.490997464
0.779958183	0.50885197	0.488070384	0.492936087	0.41188552	0.485515093
0.583640413	0.525210575	0.511153532	0.454451012	0.512068712	0.499149146
0.49144488	0.471763464	0.514471278	0.468558323	0.493717763	0.44324665
0.457068351	0.515735203	0.509462514	0.556262233	0.50561278	0.437997911
0.647972922	0.484191812	0.515019471	0.490155615	0.443801365	0.429346716
0.65676546	0.405505305	0.416617097	0.454701417	0.506579579	0.494624757
0.57947684	0.595887602	0.530329443	0.468770939	0.455976528	0.465235936
0.795423016	0.60516596	0.50407382	0.447592876	0.478528746	0.406272587
0.664569159	0.612706245	0.521418237	0.499912302	0.447053159	0.427920387
0.449463928	0.508521084	0.616511534	0.487805109	0.49625285	0.436862238
0.595986066	0.509786944	0.499449359	0.446312881	0.524234646	0.439236018
0.525442206	0.511821686	0.481115991	0.463667683	0.461365896	0.46750463
0.51703688	0.529011669	0.44027313	0.442201512	0.493986808	0.456122962
0.657978958	0.512842154	0.378561742	0.476730534	0.513446802	0.486020873
0.528071557	0.51471004	0.51495921	0.450706925	0.464503372	0.412449174
0.582582626	0.432647593	0.526885579	0.406538447	0.480904767	0.497056629
0.522394155	0.557064771	0.468566399	0.466617993	0.42571583	0.439333134
0.461679891	0.562310716	0.463570254	0.437402877	0.441345104	0.507787714
0.641414472	0.408413757	0.512548476	0.514215589	0.459327451	0.449919269
0.625440272	0.448587082	0.507372643	0.541365932	0.486764515	0.477367785
0.469933098	0.53447206	0.475216143	0.454027713	0.425805732	0.509920898
0.555441647	0.560937296	0.501043392	0.49555907	0.50161233	0.42673943
0.446659298	0.44617699	0.526406537	0.464464076	0.443753394	0.485931341
0.554732483	0.53948845	0.471324134	0.398089944	0.471206099	0.473838293
0.660363405	0.473529193	0.54467773	0.493850536	0.431668453	0.451210792
0.622974215	0.533539137	0.524588821	0.456613919	0.445378079	0.47571278
0.520392585	0.550264666	0.555681768	0.43651975	0.44764218	0.455149831
0.651120894	0.504518397	0.655602523	0.458849503	0.439802692	0.44892078
0.659679357	0.448448831	0.504765387	0.499740169	0.43857226	0.47040046
0.45971985	0.713210538	0.445919503	0.451075632	0.505935647	0.407994116
0.534603345	0.495830189	0.510503991	0.453311515	0.489712011	0.474681328
0.584049366	0.491496238	0.489709411	0.498764417	0.516066738	0.439840582
0.582663217	0.428709637	0.46224552	0.57742223	0.536206606	0.488998267
0.595157174	0.581747604	0.43686546	0.494962742	0.509589802	0.382257483
0.712714693	0.426526161	0.493638659	0.52027542	0.506942094	0.456073295
0.643313821	0.459318287	0.521966595	0.531058613	0.419097555	0.462810367
0.559809883	0.429345705	0.48008932	0.446944366	0.487640138	0.475682153
0.438862749	0.50311939	0.479689894	0.483893007	0.496189266	0.471425555
0.662843753	0.528401218	0.435265177	0.559280005	0.511657193	0.475768681
0.701249801	0.43976882	0.439105072	0.462276135	0.542538797	0.467183413
0.550325113	0.477640182	0.406047678	0.452330727	0.453638846	0.448786185
0.675917593	0.617442912	0.498475903	0.492674592	0.45784498	0.461865955
0.598933634	0.494005113	0.555097316	0.516321985	0.514721777	0.481071352
0.58762751	0.457587941	0.414158608	0.493690094	0.552698547	0.453460803
0.552649723	0.498905701	0.558202199	0.415072216	0.482793696	0.457692885
0.504296882	0.468785449	0.524753674	0.5095973	0.454770812	0.464364558
0.674707622	0.603966919	0.513041121	0.431776464	0.485879302	0.390855631
0.598831762	0.563662304	0.448592718	0.445398159	0.514117648	0.491811575
0.644985008	0.446294863	0.513072731	0.462635569	0.476475846	0.473512504
0.685455005	0.490999444	0.42366222	0.537810384	0.462971226	0.421499326
0.600691235	0.471769101	0.488373346	0.542002015	0.554159841	0.468615729
0.615986585	0.449717282	0.434869663	0.460893947	0.468444238	0.495461441
0.596037716	0.419267722	0.414759978	0.481799447	0.492513382	0.473722602
0.675481424	0.611969714	0.480345662	0.502223514	0.448886131	0.457126336
0.628385432	0.619789564	0.421523326	0.475657154	0.489409572	0.455087646
0.551928346	0.496629232	0.444234964	0.406691532	0.434323885	0.461300849
0.460693205	0.515808393	0.58846163	0.488915594	0.502384532	0.49478335
0.549653904	0.478646161	0.468019369	0.522375791	0.404020604	0.475958078
0.538448259	0.484184447	0.481588423	0.577599133	0.427266002	0.463686021
0.678712824	0.430017898	0.434549482	0.491753123	0.524536977	0.489675628
0.561831557	0.556245957	0.538515064	0.417427083	0.407683744	0.402798244
0.449021943	0.525904022	0.45801165	0.488555089	0.426046481	0.489081957
0.749675501	0.509708479	0.479506662	0.50178064	0.449410939	0.515383409
0.622787141	0.431925895	0.501218443	0.436525894	0.433822365	0.423491244
0.532464482	0.543519336	0.521699765	0.467473199	0.466177739	0.457505165
0.556597724	0.497205762	0.470402876	0.467878633	0.431404465	0.51550396
0.663512668	0.622898875	0.5873657	0.430465289	0.56784762	0.452937297
0.76390285	0.470177501	0.404994017	0.454695153	0.429911581	0.453915118
0.705179594	0.512631269	0.5759442	0.498237015	0.396521168	0.404743843
0.476331822	0.390647334	0.523358411	0.531853724	0.451235615	0.482813797
0.618568204	0.508693789	0.430718705	0.456517974	0.478683327	0.504063347
0.556318505	0.544891355	0.446154544	0.433438832	0.475561052	0.514070347
0.491619298	0.462602254	0.47782403	0.465041934	0.482062011	0.423969895
0.573993123	0.525624918	0.518217397	0.524127099	0.465115146	0.479189411
0.452172489	0.421713753	0.44022406	0.630430092	0.479724369	0.447053311
0.38825308	0.543206599	0.428305334	0.480327448	0.466042353	0.507013515
0.494518321	0.493918396	0.423091843	0.470745222	0.502577234	0.47524061
0.54915573	0.53520975	0.473498899	0.497992045	0.481766808	0.472007649
0.540590162	0.580304173	0.492974646	0.491020129	0.404423942	0.46563658
0.773114858	0.556241734	0.427261759	0.417415059	0.43375109	0.497639758
0.542046913	0.499904641	0.456702792	0.42018159	0.451218606	0.540287969
0.623328638	0.462136728	0.537755881	0.474243141	0.411833852	0.471498567
0.554500865	0.415693715	0.615786964	0.431375131	0.477691653	0.445501873
0.595397312	0.499021677	0.47476279	0.453969402	0.369610427	0.448169001
0.619766877	0.503601775	0.409363471	0.492900173	0.476473976	0.427027877
0.53244792	0.550568939	0.487488984	0.481830406	0.570765777	0.50983925
0.648386643	0.522109415	0.498419038	0.462138516	0.482057639	0.441233053
0.605088862	0.531669399	0.486561103	0.398753959	0.447498225	0.440618956
0.499974138	0.470664685	0.456565344	0.49464577	0.47903343	0.514897926
0.711656727	0.500197414	0.491573029	0.457790436	0.498075094	0.493191786
0.529002756	0.567256097	0.583614148	0.498356026	0.516337334	0.455127893
0.645489412	0.506056896	0.452568797	0.5709505	0.487686592	0.410227745
0.659460595	0.431733296	0.423277116	0.489677486	0.472395799	0.454926168
0.443236137	0.677966979	0.498169644	0.51806265	0.414809001	0.437398897
0.619115846	0.451536941	0.422047009	0.482749583	0.439339381	0.418951023
0.579296949	0.470874528	0.460515975	0.465314735	0.5128247	0.454977609
0.751897811	0.545020765	0.436034311	0.443260925	0.457065714	0.47200406
0.552060786	0.53899532	0.444713142	0.511222072	0.440256785	0.469863162
0.790133632	0.537706568	0.489406737	0.489649425	0.44785888	0.485950649
0.593404911	0.58692985	0.521481504	0.465205496	0.384833113	0.437042815
0.640324436	0.629713321	0.474745086	0.494184263	0.458898643	0.39972284
0.654516754	0.422185467	0.425808422	0.461206443	0.49493343	0.488858008
0.57182176	0.44716257	0.489276748	0.554705702	0.442795772	0.421740729
0.651671328	0.470979104	0.460222491	0.514724553	0.480396378	0.392063025
0.483450542	0.615514561	0.487318022	0.504238345	0.472592277	0.430657603
0.671929768	0.608451536	0.546410666	0.455700085	0.452472678	0.478575018
0.606740246	0.545252184	0.523351632	0.490223542	0.496623852	0.474854984
0.533912771	0.48102368	0.437863605	0.52857958	0.435315305	0.434543095
0.533129638	0.468211088	0.389695795	0.457309992	0.492645445	0.417109719
0.400835973	0.432389043	0.57081639	0.561649622	0.418633938	0.46564192
0.444655831	0.548542455	0.515536603	0.451866159	0.575190777	0.452984082
0.61685061	0.482918457	0.486934727	0.452804063	0.487126444	0.458176671
0.584774981	0.613611005	0.463685326	0.458445095	0.540690384	0.493309925
0.592752266	0.473930808	0.489600098	0.474457206	0.484387457	0.47883528
0.795162977	0.355480356	0.609749036	0.52608638	0.529687419	0.463912068
0.631890485	0.450226336	0.413733926	0.498727523	0.462675788	0.44200067
0.549599008	0.585027427	0.437367223	0.437748126	0.492930236	0.499986143
0.692681159	0.514352925	0.41640799	0.445590407	0.490062379	0.460681182
0.554728019	0.451540337	0.545281117	0.529445554	0.405889895	0.475303657
0.685317447	0.405312866	0.435449747	0.448086743	0.382702016	0.424681686
0.524792657	0.565557007	0.506183134	0.476274753	0.496659259	0.461651055
0.612370304	0.512385935	0.506165063	0.445743259	0.457575319	0.449788018
0.699289002	0.418381898	0.564651201	0.454879062	0.481222216	0.426739545
0.550149952	0.535439759	0.53339045	0.506090062	0.449005958	0.477882433
0.546313705	0.580498058	0.502401169	0.440774092	0.487232468	0.457748802
0.615987267	0.538255102	0.476798413	0.526789047	0.415867801	0.453685822
0.544711747	0.477341641	0.483900763	0.433249449	0.577274525	0.458065868
0.722797256	0.569097954	0.466748488	0.43399834	0.50674245	0.441499706
0.473545136	0.634978224	0.489752243	0.41969143	0.56011613	0.538043405
0.600004058	0.605755248	0.624066794	0.47894578	0.524408276	0.494755751
0.63130896	0.637286649	0.545978357	0.549413054	0.424123579	0.457247056
0.667206438	0.46555027	0.532657553	0.574324292	0.406729468	0.493733995
0.474606565	0.521995623	0.463698047	0.518474901	0.416032711	0.417823701
0.556827571	0.380872212	0.454121678	0.444284001	0.392717695	0.443336994
0.532461786	0.484146136	0.417718564	0.474997772	0.507908714	0.478882518
0.512022259	0.528311804	0.422074872	0.497817173	0.430642068	0.508548386
0.528648706	0.470645136	0.463669944	0.474677998	0.517641103	0.4029612
0.434521472	0.462103614	0.561738876	0.55619405	0.524905027	0.473952703
0.577885376	0.55467941	0.501401481	0.461389678	0.464968372	0.464606966
0.59816764	0.45908505	0.484920373	0.542503254	0.548106265	0.467960872
0.620655402	0.635990186	0.452593632	0.511027033	0.49816303	0.460869888
0.534212035	0.517858869	0.594994653	0.59144996	0.390982156	0.445520399
0.536203102	0.428841069	0.459451702	0.424627	0.416132121	0.447749279
0.437202574	0.461954528	0.497552922	0.496988065	0.490622322	0.457753609
0.502488937	0.456890161	0.515397285	0.506524361	0.426590667	0.460992712
0.638473689	0.616579445	0.478112171	0.432662365	0.409752193	0.464671156
0.453127674	0.496401293	0.467613664	0.514610213	0.477433613	0.438123737
0.603835296	0.510226142	0.482840648	0.515370754	0.419559846	0.450484643
0.5566546	0.512601621	0.448507959	0.506490008	0.529609519	0.498332716
0.599384583	0.552665221	0.455993999	0.400095703	0.466742277	0.457407291
0.589890859	0.540583835	0.583968698	0.467669934	0.485517561	0.505666166
0.434429104	0.535345892	0.494158461	0.447387457	0.368642041	0.448298787
0.5532194	0.473912224	0.587801939	0.503106828	0.502028895	0.47881752
0.561765888	0.544386198	0.518749656	0.46858055	0.413659106	0.419345453
0.671875449	0.506219819	0.39443331	0.480775338	0.515612595	0.401987789
0.544337915	0.322526513	0.542668668	0.449416713	0.585565256	0.437717007
0.487186106	0.57214791	0.433890818	0.504596922	0.342143834	0.462767944
0.557952223	0.538100009	0.442268891	0.464631542	0.487734325	0.453236114
0.502601728	0.518388008	0.493223953	0.565592337	0.432236749	0.408498977
0.596867412	0.511388607	0.478033694	0.480030385	0.481434475	0.493819129
0.559979524	0.498428793	0.46938043	0.336517832	0.548526959	0.444087336
0.533526331	0.367068458	0.412689428	0.50327146	0.430333242	0.495489853
0.613144545	0.477982293	0.533848446	0.437505878	0.509633268	0.450933306
0.579956548	0.514829724	0.468027321	0.564480502	0.447727775	0.482877981
0.632436267	0.421530499	0.515829107	0.548738206	0.510914756	0.450888123
0.638846586	0.481475623	0.368306771	0.433468556	0.462264551	0.452859687
0.792986685	0.706458431	0.405055993	0.410881283	0.439893171	0.482589546
0.694391975	0.509581905	0.47032458	0.475263988	0.439412902	0.456689132
0.566337789	0.553153266	0.453809223	0.446712907	0.464032487	0.505494953
0.501704637	0.576137175	0.44181899	0.424905142	0.515182727	0.480562876
0.518733163	0.619476232	0.497951122	0.525870422	0.443604549	0.47726629
0.623428774	0.518243552	0.572750171	0.527385504	0.453876118	0.444285266
0.574481433	0.607647797	0.526696628	0.425482297	0.370302948	0.410470424
0.512070943	0.496988627	0.512266272	0.504067992	0.512970042	0.44947965
0.674800722	0.485933661	0.529205341	0.484982351	0.482672189	0.486272251
0.716986905	0.521864368	0.510819632	0.481316769	0.409911322	0.459755217
0.682697774	0.56736858	0.48553074	0.428427261	0.411116033	0.503346186
0.592326769	0.444340717	0.486543298	0.535241839	0.502890164	0.434507801
0.719622845	0.529125372	0.52484092	0.504337204	0.488532556	0.429985241
0.492052626	0.52458392	0.461287312	0.477267163	0.457991866	0.422591114
0.604289131	0.492344393	0.544128863	0.522300845	0.474417303	0.444355382
0.564791036	0.583406284	0.434589096	0.471962325	0.424490673	0.454940576
0.62964555	0.54613422	0.443065832	0.471597558	0.466846848	0.459835185
0.545225974	0.510296318	0.404008045	0.551071054	0.503257533	0.451623627
0.640490186	0.483170796	0.518288864	0.514718341	0.484372154	0.473894331
0.57184442	0.449445043	0.481087944	0.496504227	0.471810278	0.395844756
0.636335603	0.576775441	0.452893463	0.50211555	0.510626228	0.448254898
0.584481511	0.492317981	0.575267409	0.515820531	0.494113162	0.489735679
0.681717156	0.556552533	0.459151142	0.491741048	0.516106011	0.425013274
0.4287485	0.484338977	0.473527929	0.478258453	0.468738207	0.480229832
0.545311267	0.555671309	0.511408141	0.489979862	0.48143024	0.50148427
0.788485165	0.405195606	0.438800734	0.423647319	0.468864656	0.464463233
0.50671709	0.531533074	0.518803686	0.440059876	0.50354372	0.419615341
0.643164573	0.540161774	0.605720062	0.563548922	0.443375491	0.413563707
0.626971086	0.608282188	0.473182055	0.468883613	0.401540616	0.418737876
0.691408684	0.43920852	0.460675783	0.496717274	0.509871594	0.422989049
0.559526573	0.523768672	0.406600572	0.427742016	0.468524606	0.469288051
0.540473965	0.524809911	0.514062686	0.419663616	0.453493397	0.49170179
0.482323726	0.603328094	0.531452931	0.566467691	0.495923689	0.459849366
0.691368427	0.489269423	0.464906348	0.430268692	0.415776724	0.456632993
0.388188814	0.568597382	0.527347562	0.520256885	0.411238982	0.452766076
0.578267712	0.45463001	0.476857727	0.422097447	0.424714927	0.50326296
0.616651271	0.464672676	0.391094425	0.453083597	0.498998977	0.469125915
0.666691609	0.488283177	0.424119637	0.447422469	0.437646611	0.548446909
0.632086853	0.583929692	0.478271942	0.443479474	0.456747217	0.434138669
0.674234836	0.579155384	0.523499636	0.511556589	0.477280342	0.509919703
0.701642095	0.481774602	0.517537543	0.400905525	0.472029034	0.482207321
0.723633656	0.610081392	0.449569288	0.444621807	0.467856281	0.427737901
0.611392349	0.545711682	0.406963371	0.441883866	0.46202078	0.492672872
0.550687628	0.542724328	0.459224846	0.46791856	0.454534002	0.442143529
0.608622726	0.456139472	0.473723733	0.469524593	0.462867729	0.511989292
0.653592235	0.442742029	0.5006335	0.419702572	0.481188472	0.441584734
0.549737494	0.518191799	0.406643634	0.527048411	0.499218367	0.483742565
0.619485303	0.428462506	0.492872008	0.526687698	0.514169702	0.533850388
0.532167536	0.389664412	0.494499425	0.461047319	0.428335121	0.476561552
0.501143975	0.531538341	0.541262335	0.434109481	0.456132236	0.420481536
0.373127209	0.539058718	0.44984947	0.443839493	0.43328081	0.410261168
0.581274318	0.609949714	0.506571931	0.479292223	0.458716013	0.447057177
0.59545885	0.416297193	0.590875188	0.389307515	0.473432444	0.467565882
0.544034037	0.503012368	0.515091994	0.450514133	0.438906888	0.526028667
0.722566745	0.478304502	0.471004363	0.447847126	0.423486185	0.493936639
0.524391844	0.535208937	0.404763983	0.436406653	0.416767782	0.467190191
0.530457335	0.530831477	0.472442967	0.480021497	0.421925855	0.484180154
0.746288773	0.445564805	0.531523195	0.425922265	0.423161065	0.447372491
0.522702211	0.479073751	0.494584337	0.429398912	0.435069865	0.426914603
0.591553178	0.573823775	0.472268123	0.60033236	0.447395767	0.448123601
0.632130253	0.424860127	0.508055206	0.477339944	0.409764781	0.502147674
0.676579058	0.564242526	0.482778476	0.425251464	0.373746992	0.507181305
0.728296374	0.509958752	0.38799291	0.455530714	0.490239509	0.503683796
0.606502715	0.474723828	0.547863717	0.46822636	0.444097221	0.459633611
0.734466276	0.48820072	0.463934574	0.447183736	0.517490207	0.510318071
0.534591786	0.492844556	0.527843119	0.462742598	0.51854742	0.397738679
0.636232713	0.445748446	0.505914184	0.495798095	0.476864332	0.456860151
0.786722513	0.459094683	0.460723839	0.481659477	0.474041441	0.410383526
0.543274045	0.463252691	0.493761215	0.504229072	0.518052476	0.430929813
0.633699314	0.44301369	0.529195429	0.474812943	0.483034495	0.409416974
0.560928742	0.598043322	0.535699581	0.473676814	0.487630279	0.482379913
0.648758402	0.520276426	0.502992082	0.507314299	0.431261975	0.493485609
0.40809081	0.497649234	0.481469638	0.506504729	0.488382012	0.487550116
0.453714189	0.561926268	0.510062815	0.554744253	0.494609229	0.484343448
0.514501331	0.483556476	0.541325007	0.440802222	0.481857231	0.49901865
0.527339578	0.519943243	0.512399227	0.435842404	0.482749764	0.463801186
0.552755855	0.510351877	0.354706971	0.515921533	0.427365345	0.459441887
0.606553082	0.396773182	0.38638795	0.512070512	0.43770049	0.507989188
0.552107601	0.630221693	0.581947597	0.545571226	0.472232902	0.468374361
0.695555395	0.463777772	0.494451307	0.481118245	0.466925523	0.434145094
0.510022984	0.506852492	0.488263162	0.480188343	0.389943196	0.478366501
0.492502932	0.584142278	0.468373895	0.485054061	0.463263465	0.468033168
0.583318768	0.64754695	0.497235817	0.546848729	0.512297897	0.482900822
0.449740839	0.571320973	0.461669838	0.407370948	0.453186682	0.47990566
0.600401906	0.481946538	0.51420401	0.448809148	0.495322285	0.51930308
0.400834084	0.573529007	0.560455323	0.552833724	0.515276128	0.423011903
0.6379893	0.427272787	0.550818537	0.496805007	0.463389147	0.443660509
0.558860734	0.406234123	0.46808287	0.439348594	0.504555674	0.502025276
0.54169455	0.579849525	0.411657217	0.531713568	0.458751386	0.477759789
0.585818359	0.402296285	0.532724958	0.484435288	0.489747655	0.372458465
0.589331821	0.58640863	0.505821648	0.482651806	0.406283688	0.47834008
0.514064563	0.581783191	0.58797883	0.507485265	0.529025846	0.446188432
0.702406499	0.44397621	0.49775536	0.519586151	0.501895571	0.439782017
0.603240645	0.402572557	0.406811445	0.467659834	0.507889786	0.472103228
0.480770797	0.518348894	0.484416165	0.483027188	0.526094602	0.461814936
0.612247435	0.443637408	0.433703277	0.423411053	0.383986204	0.456640993
0.629897374	0.50268503	0.486841461	0.418825162	0.534383635	0.423295772
0.673288615	0.559239869	0.566064427	0.441101873	0.545476222	0.431466031
0.590274744	0.493034594	0.439489512	0.411777308	0.477707842	0.518671433
0.583582774	0.446375624	0.485858039	0.416755143	0.506885125	0.388326804
0.569910408	0.612018589	0.423755473	0.455233384	0.531480354	0.445948226
0.633912683	0.45723861	0.403289754	0.510804649	0.457939774	0.490909544
0.465364667	0.471156879	0.547231286	0.53984467	0.45606265	0.499156711
0.640019852	0.564055991	0.406614206	0.39915244	0.393827342	0.441910397
0.683067693	0.451619658	0.520022376	0.373576289	0.505764441	0.488413693
0.611477114	0.406095253	0.584369712	0.429146525	0.453354612	0.476050174
0.524182784	0.515751512	0.418841069	0.499868524	0.47757508	0.414685216
0.670266315	0.424602123	0.407763491	0.425556486	0.468084621	0.479404109
0.428531534	0.48218138	0.503759469	0.475489599	0.49650288	0.528781969
0.673889664	0.525640932	0.474266752	0.50209237	0.38830508	0.429230692
0.491503847	0.535925537	0.426478448	0.419699168	0.398517629	0.529976008
0.710882531	0.534454674	0.548758737	0.422470462	0.396043253	0.450374346
0.442938552	0.454001979	0.520916746	0.431671292	0.483849681	0.439866185
0.709080794	0.385304814	0.416264733	0.429975065	0.528662313	0.454493408
0.509933488	0.630379894	0.549805669	0.458763226	0.582192847	0.483418721
0.715797034	0.533132246	0.546224059	0.456978789	0.41226993	0.510389729
