0.552027338	0.588550828	0.418725323	0.415395332	0.40538039	0.448315276
0.590614132	0.526000363	0.498086109	0.380918948	0.442438661	0.466256426
0.50747317	0.466634128	0.480528017	0.432778778	0.419229733	0.39964871
0.423203206	0.391073017	0.37489552	0.560591044	0.441376168	0.428723797
0.633220876	0.482019318	0.496159108	0.52998672	0.419891013	0.449667478
0.638654098	0.484170831	0.517015352	0.546983901	0.500423818	0.440072138
0.672553917	0.348162457	0.492135855	0.480367948	0.460305057	0.506622808
0.510377096	0.47591072	0.486024985	0.485571833	0.348833388	0.412101812
0.55180253	0.360271392	0.588346186	0.49411364	0.53153502	0.418723158
0.470382428	0.512492595	0.413052523	0.431509984	0.401276685	0.44087234
0.456906007	0.428526697	0.355264608	0.448994891	0.47702514	0.439530916
0.560434236	0.502015492	0.453251931	0.376120637	0.434075999	0.449899625
0.655432755	0.484339498	0.53685067	0.445022461	0.478942617	0.404417016
0.728294857	0.446975727	0.498990043	0.425851145	0.485125373	0.483940405
0.576418032	0.495920438	0.430189576	0.47346684	0.436122745	0.487298746
0.306834607	0.501107942	0.473126346	0.470436966	0.443193086	0.431435662
0.664433223	0.467243195	0.421924748	0.432156136	0.372307248	0.42200549
0.65900413	0.360007113	0.450916386	0.508189669	0.426550094	0.432765623
0.498708442	0.431387803	0.445098064	0.472517971	0.431566089	0.393276282
0.559631613	0.41039784	0.450748921	0.422867199	0.35499009	0.402881949
0.642764861	0.444071974	0.398693922	0.370970627	0.415780881	0.452650426
0.364857712	0.491838989	0.425738617	0.475873656	0.473283432	0.419500164
0.411166709	0.412509612	0.457428365	0.472302964	0.344979893	0.412269974
0.580921573	0.530989637	0.439944798	0.417331133	0.371396563	0.436654401
0.619958552	0.424327955	0.413689437	0.513963222	0.460198696	0.468808408
0.461184596	0.505818542	0.537915819	0.513790001	0.482956178	0.352387549
0.658878286	0.48028903	0.463104428	0.433457716	0.416881108	0.471850508
0.525242066	0.411038815	0.429629122	0.453586985	0.319197905	0.41479061
0.549916271	0.563508333	0.489077468	0.521703563	0.466706551	0.447900407
0.582424796	0.480459048	0.503016573	0.428115607	0.470634581	0.415559206
0.610829466	0.26772949	0.425270745	0.405914319	0.392061812	0.541858523
0.437641516	0.38429411	0.513215897	0.360315458	0.477097588	0.455694622
0.50837714	0.508750274	0.467980173	0.342782555	0.429135812	0.48119028
0.557962807	0.314152629	0.474121043	0.418685558	0.478368105	0.428283432
0.40195762	0.418835072	0.373913462	0.386604127	0.461976905	0.418017377
0.566271514	0.352567707	0.431551594	0.431945686	0.469279131	0.401169688
0.735672327	0.436195239	0.379442987	0.459952012	0.377205153	0.464428851
0.43015694	0.459743056	0.523404307	0.420030258	0.469575129	0.443493904
0.563267077	0.52665086	0.415725696	0.411572125	0.393638668	0.441529695
0.587389147	0.540287259	0.428307758	0.492043996	0.433501836	0.459063159
0.527226048	0.427647453	0.488716016	0.448096296	0.528930713	0.406259964
0.54825604	0.459863944	0.480761639	0.437256546	0.450286579	0.41246327
0.486650604	0.529091614	0.517958162	0.513886997	0.48082988	0.43764342
0.598876604	0.383987083	0.484252573	0.439494864	0.524822955	0.44181548
0.493470117	0.315547001	0.471229024	0.416208826	0.490429885	0.428888383
0.480440617	0.546758314	0.424400259	0.399575349	0.396901427	0.432037033
0.516556607	0.530982851	0.366871777	0.4461991	0.455866385	0.45118694
0.510276935	0.404797518	0.448275017	0.49237223	0.480818209	0.401671244
0.331634193	0.46910438	0.517032129	0.430081218	0.380193706	0.451237424
0.642673518	0.500421037	0.423856234	0.371852569	0.54504978	0.429619877
0.488878304	0.460839955	0.513576448	0.414348672	0.443004425	0.480939042
0.54375895	0.524098665	0.569674717	0.40780921	0.486027792	0.377981866
0.633642966	0.399713215	0.414247637	0.470796331	0.508372375	0.459408298
0.466921117	0.545804472	0.530732041	0.499666667	0.472431238	0.364755136
0.533918285	0.530443872	0.56064098	0.404707178	0.374151422	0.480919796
0.525256704	0.56006306	0.472526262	0.398019661	0.56425794	0.467345662
0.66489083	0.484199324	0.473562607	0.473455835	0.362303197	0.428296576
0.649648786	0.447224312	0.421684459	0.464739767	0.445345396	0.441019152
0.518882485	0.521854974	0.475511232	0.414288505	0.443984564	0.498313761
0.480875069	0.408747417	0.405565202	0.328253021	0.388833623	0.427722927
0.672634073	0.537027669	0.385223709	0.439896575	0.556906485	0.424421633
0.697284326	0.402486295	0.563993405	0.48046327	0.418994006	0.406430638
0.346535344	0.482560731	0.42327458	0.472978322	0.436622516	0.37690156
0.505916646	0.498281006	0.513241304	0.374443272	0.427200793	0.409759608
0.387093342	0.422853667	0.496124923	0.364066206	0.536336801	0.463277468
0.397699118	0.406386943	0.469146289	0.36306172	0.438085421	0.409658039
0.408863979	0.460953853	0.503603557	0.415033842	0.543384343	0.407349602
0.429832143	0.52564807	0.493483052	0.476322861	0.494856465	0.41876902
0.494360793	0.465529916	0.384743478	0.400232411	0.365998822	0.418977126
0.685653385	0.579350456	0.496714378	0.377604132	0.424617073	0.495664426
0.558652014	0.411069731	0.621077853	0.422863431	0.434249311	0.426831075
0.682538996	0.508563336	0.540410626	0.441707049	0.530938207	0.40191091
0.362034289	0.503667112	0.596209171	0.438990105	0.400727853	0.35789322
0.577971434	0.362018828	0.595712832	0.441092426	0.457161851	0.422100714
0.669004691	0.534513744	0.382501521	0.487525043	0.436026319	0.445083903
0.457594075	0.405290891	0.494191579	0.445854671	0.385889	0.4383985
0.492806815	0.500063307	0.456596408	0.430421017	0.415859006	0.404414396
0.411155048	0.618868756	0.444390923	0.448933406	0.428463262	0.365200821
0.569633723	0.512035667	0.49899645	0.458940447	0.453114593	0.436014443
0.539094868	0.59426012	0.491461612	0.337052789	0.462413663	0.397800765
0.469572651	0.405902323	0.530793437	0.390012131	0.384374797	0.438031796
0.41702835	0.40408131	0.489396431	0.522504985	0.396894692	0.397079077
0.698287953	0.51237755	0.408543938	0.426008288	0.399561699	0.45316077
0.587475639	0.580179387	0.490528471	0.421566754	0.401108239	0.407400762
0.689559804	0.578960747	0.443979827	0.33511133	0.379162872	0.411640098
0.476004082	0.308056677	0.458151098	0.424468999	0.441831652	0.473266982
0.404976816	0.63691288	0.456267988	0.34433048	0.451623674	0.435813187
0.406861984	0.416624356	0.483339838	0.44787341	0.451009862	0.501873235
0.456251314	0.435064089	0.530566459	0.401472675	0.475797035	0.439633523
0.714254555	0.409099154	0.474204147	0.4502918	0.399751312	0.437567458
0.562268369	0.362136019	0.458156553	0.370778735	0.493541712	0.403550621
0.356300107	0.514178627	0.389428854	0.362894251	0.398344587	0.416659597
0.456960467	0.550440739	0.511455646	0.503183188	0.383238154	0.40532504
0.555347353	0.437701246	0.39146752	0.508103519	0.435223751	0.395185189
0.361960914	0.551430603	0.477609858	0.349844098	0.533818003	0.432072344
0.478900931	0.406439504	0.459357683	0.419763075	0.437357279	0.386477723
0.570395299	0.428033027	0.480164176	0.456283454	0.458347184	0.425625937
0.728102115	0.483813537	0.519233724	0.377863875	0.437957308	0.458895887
0.567661193	0.382494087	0.459194327	0.407449824	0.453241886	0.46062176
0.64337101	0.550070085	0.468377275	0.387839072	0.41148981	0.485004667
0.675590082	0.445468768	0.455512957	0.35090312	0.414847907	0.392031085
0.556231421	0.604833374	0.516960883	0.422683453	0.474428062	0.482898511
0.352881335	0.362713186	0.466081182	0.413032026	0.388185219	0.395808937
0.638059685	0.49308112	0.34973178	0.412990135	0.376326202	0.418489659
0.560853123	0.614876654	0.478233637	0.426990189	0.448759096	0.465425744
0.598693268	0.40576845	0.406010859	0.389228196	0.416721949	0.436664839
0.538329533	0.54690855	0.390287398	0.447270665	0.260933618	0.4294452
0.619602961	0.430011479	0.519170262	0.398732282	0.353069486	0.378389501
0.680007646	0.406438607	0.438753047	0.376130403	0.365650099	0.41946001
0.635171096	0.578928961	0.582562512	0.41180257	0.457619261	0.419009897
0.470005911	0.522792992	0.504128647	0.518519362	0.445812001	0.359786863
0.488654468	0.373473236	0.513939134	0.482479121	0.43895501	0.465618699
0.632955187	0.385791057	0.351551261	0.450726918	0.416151233	0.460023578
0.644051722	0.584629849	0.425787346	0.404896123	0.407358835	0.407259232
0.56541545	0.618016047	0.495606276	0.421828472	0.401398144	0.419526754
0.578052698	0.581457123	0.483515183	0.522852866	0.440025203	0.398809556
0.556079394	0.530448742	0.424664743	0.47961789	0.468662021	0.473981659
0.562071904	0.497284133	0.434958243	0.455336926	0.441972911	0.451450608
0.492057385	0.442158098	0.453334873	0.366330631	0.370504288	0.484905139
0.487109449	0.503164367	0.4574202	0.545726711	0.372810563	0.454152063
0.450238884	0.37590326	0.480630172	0.471429479	0.411115063	0.357192488
0.531853808	0.482462963	0.497880612	0.406298693	0.429148986	0.428943683
0.557963192	0.523051741	0.592979595	0.477166746	0.485351087	0.431854185
0.392501882	0.416616874	0.383140897	0.43756088	0.391911021	0.450084298
0.60632061	0.637246501	0.395846188	0.525265339	0.439878256	0.482252963
0.606222569	0.481506064	0.451826365	0.442481378	0.470783624	0.416654616
0.479369851	0.450496009	0.366889029	0.546349574	0.446542476	0.411381047
0.500390884	0.439411833	0.473601879	0.455296594	0.383616796	0.422345502
0.474911866	0.629556335	0.416955384	0.425134075	0.406772102	0.455341718
0.581826411	0.540721037	0.35864784	0.467045411	0.499423065	0.47521717
0.553367537	0.483737214	0.449713812	0.449645795	0.456289526	0.477775678
0.517720478	0.484798265	0.404152567	0.397736557	0.372742682	0.42727586
0.510873918	0.519242692	0.435431815	0.364397315	0.375132189	0.431257983
0.646052738	0.414468656	0.498761907	0.432527209	0.425322343	0.443454109
0.411278402	0.530507492	0.472000816	0.437292032	0.487117894	0.477400148
0.746257947	0.465908749	0.524757644	0.438626043	0.439572025	0.494369937
0.506255747	0.597112439	0.543679374	0.545309445	0.480105479	0.4390155
0.607779256	0.427842233	0.365515369	0.429330565	0.389838645	0.437821149
0.561162242	0.540553189	0.303952494	0.326852456	0.449552359	0.424066982
0.609505017	0.572209376	0.485990356	0.419117346	0.446982545	0.451072303
0.687670423	0.529476893	0.422092673	0.360254989	0.469872368	0.396164121
0.48672919	0.383876793	0.612576615	0.471515387	0.478618914	0.428811591
0.524708338	0.556619842	0.431502565	0.442232271	0.467293104	0.416287306
0.570178228	0.58390012	0.455369548	0.470254024	0.470643093	0.425517683
0.306416972	0.430276273	0.472225343	0.515937045	0.444950179	0.43299592
0.376153354	0.312715809	0.373792625	0.39468876	0.520398478	0.481613991
0.555804697	0.734316798	0.262145669	0.49571737	0.384932765	0.482033214
0.47813585	0.596308029	0.511872097	0.373676321	0.480097676	0.448825053
0.596061376	0.424112212	0.585473591	0.354987667	0.477459002	0.458195124
0.455235586	0.545500546	0.632004522	0.448385829	0.545838865	0.508573761
0.491392461	0.425494862	0.387043766	0.465822801	0.457156686	0.423785143
0.506575569	0.464330411	0.456536191	0.463645763	0.440819255	0.453927491
0.333828189	0.634402638	0.496584046	0.415795217	0.504109376	0.41663077
0.423062298	0.406228186	0.467702173	0.471481804	0.540155084	0.499396619
0.49490428	0.568019538	0.49562064	0.30243694	0.506162059	0.44403987
0.37065392	0.541135882	0.499786033	0.477076512	0.483357694	0.450988488
0.406919867	0.47728987	0.562504843	0.376574917	0.467819896	0.452523184
0.489037279	0.44009343	0.491297165	0.455377479	0.415499608	0.529289573
0.697967613	0.399916327	0.541358988	0.443763272	0.461194147	0.415027289
0.612148918	0.461346556	0.45087401	0.435706648	0.442228747	0.454436045
0.475643021	0.456244464	0.367303297	0.456655595	0.494555631	0.442657751
0.557703539	0.439192843	0.523063493	0.400732665	0.4874457	0.455753112
0.329029315	0.280604584	0.377838608	0.454710352	0.557489517	0.426116976
0.538920255	0.412184266	0.474526808	0.400895322	0.442274017	0.415102406
0.566643947	0.481536605	0.528039238	0.549342676	0.461841521	0.420041535
0.628120534	0.4423467	0.337411322	0.528780778	0.372947464	0.459897343
0.543245084	0.422863227	0.432380831	0.475552885	0.442583872	0.47021436
0.499415494	0.580590883	0.433155287	0.389939862	0.447048399	0.494388799
0.545603384	0.497531049	0.255358993	0.412197387	0.388356532	0.420189002
0.444099769	0.533208439	0.393656014	0.519444977	0.463136495	0.413784099
0.661724052	0.578636208	0.421044793	0.486553077	0.435943668	0.484733229
0.653511235	0.497229173	0.495702193	0.399499075	0.403268483	0.423386678
0.560864254	0.285917121	0.414522644	0.534994112	0.414632949	0.454624542
0.431208568	0.444868239	0.560244914	0.3501145	0.399534698	0.435383456
0.549508544	0.534848349	0.522983773	0.446992429	0.503514311	0.449992857
0.363718183	0.31958865	0.351470442	0.433613619	0.426030093	0.430542897
0.54467275	0.410015003	0.449461512	0.526247777	0.327193473	0.503662798
0.567990202	0.388978884	0.462126566	0.461445681	0.463751078	0.465632024
0.542390318	0.375679115	0.430590706	0.417138298	0.411641769	0.387846942
0.493222091	0.442295952	0.35660406	0.462280409	0.425775831	0.439530111
0.375363279	0.371898908	0.47408447	0.434277923	0.426147824	0.428766472
0.401983943	0.482028793	0.38977737	0.409841177	0.484426433	0.400630752
0.572243919	0.39081026	0.408798384	0.413116009	0.410491629	0.467243582
0.450155613	0.423433385	0.373954234	0.497441035	0.439280969	0.395044477
0.468103417	0.546146443	0.386326291	0.430027954	0.366329105	0.466891301
0.574018473	0.378345414	0.454233527	0.452303566	0.430188829	0.453760623
0.674940107	0.520866441	0.449140466	0.432726737	0.471070931	0.407476696
0.494803236	0.463887664	0.29696769	0.503823652	0.444058295	0.40328282
0.62765095	0.476867147	0.475438243	0.452380359	0.47348834	0.452266763
0.562217078	0.450298277	0.486207476	0.409681732	0.424776517	0.362145522
0.414224935	0.44127201	0.548214858	0.413352284	0.522950618	0.417328262
0.691590303	0.613013792	0.559346338	0.427447785	0.520566033	0.398450481
0.530534277	0.435022108	0.484637264	0.479958033	0.420165373	0.372124664
0.415567099	0.538568555	0.445259098	0.505519154	0.49122941	0.453875164
0.411289672	0.595504295	0.474798873	0.469811745	0.601610177	0.398432869
0.425697817	0.528220505	0.451247248	0.398365862	0.511780255	0.47129765
0.510789273	0.325733957	0.375169652	0.49568888	0.46997783	0.365506409
0.346517097	0.457438744	0.397136219	0.457129942	0.444813098	0.470302377
0.436669768	0.295093397	0.48474383	0.415897145	0.48144683	0.436355766
0.633544389	0.477631456	0.506357418	0.479339763	0.469293123	0.447309327
0.758561803	0.559144803	0.518580016	0.370427827	0.485846082	0.44192578
0.278042198	0.505938731	0.482694767	0.436830047	0.319531018	0.457464403
0.626452526	0.4623663	0.373002085	0.48514628	0.437500575	0.435982273
0.455840489	0.435996236	0.461552203	0.490545439	0.460867251	0.44792858
0.510504097	0.354293867	0.501147509	0.348992544	0.43484515	0.450190358
0.524974567	0.650004012	0.473960318	0.525767716	0.443991758	0.489849219
0.404104593	0.414585653	0.521563548	0.499654927	0.403167372	0.413754286
0.432113117	0.40540332	0.505662261	0.523832267	0.392032014	0.432136725
0.538313705	0.56350483	0.4549803	0.401105134	0.457633664	0.412466142
0.461861868	0.525922203	0.446689585	0.403557468	0.416807707	0.399558287
0.506613145	0.408825958	0.395675271	0.476556114	0.486650195	0.441346441
0.545522206	0.429657131	0.407967989	0.379918088	0.373374286	0.481191109
0.445738623	0.423031515	0.535907902	0.331409853	0.419351081	0.459253161
0.674577213	0.374432322	0.500763406	0.467600944	0.501339629	0.40350883
0.348941857	0.538062474	0.44977446	0.350768024	0.422278642	0.433023862
0.469797869	0.558522682	0.481487438	0.506308327	0.505863119	0.389889997
0.517711514	0.475666953	0.4811055	0.506932134	0.474315781	0.440948092
0.608592947	0.46548067	0.38154464	0.393762115	0.445773663	0.392713317
0.366334706	0.48616361	0.537247646	0.417728383	0.469280377	0.432032794
0.704799184	0.401449787	0.398404143	0.451061864	0.457190503	0.375241314
0.491422742	0.430113789	0.446666265	0.407111306	0.442840198	0.385066482
0.610611989	0.523205255	0.45514019	0.476396335	0.515211777	0.430382454
0.467293888	0.438800549	0.545202928	0.408091573	0.474168472	0.430280751
0.312456728	0.635350212	0.380010336	0.409175066	0.429302659	0.476294872
0.493445229	0.360935967	0.617062398	0.469719206	0.515890088	0.42027082
0.486095396	0.424926554	0.292026295	0.414534994	0.395569048	0.432153106
0.404311665	0.405323304	0.487420069	0.488125829	0.520511067	0.408309825
0.433851134	0.487105227	0.451018695	0.338317574	0.443485068	0.431794686
0.530970361	0.550320376	0.440435023	0.488583983	0.387179289	0.426981613
0.770786063	0.373663742	0.429607733	0.43047975	0.462887474	0.438522014
0.642135537	0.369061731	0.505824651	0.482695468	0.498456573	0.467757225
0.537127019	0.479644987	0.406755464	0.535043175	0.556206139	0.435180843
0.460969383	0.492197466	0.38710331	0.574694964	0.377050953	0.493834251
0.373124854	0.336327297	0.426700741	0.415546367	0.463346179	0.382974235
0.42134077	0.493140245	0.533053647	0.385618701	0.422300214	0.472667654
0.686709642	0.507467832	0.519349913	0.48321956	0.39281623	0.454042307
0.553229344	0.57332286	0.464519183	0.53932121	0.426450158	0.407449619
0.518583002	0.508061782	0.471725777	0.498645756	0.500928542	0.453364133
0.456914672	0.455781502	0.46569253	0.493791045	0.410203689	0.413502222
0.484912035	0.399702406	0.49771523	0.558737237	0.45228592	0.42822603
0.777058169	0.525029231	0.33643793	0.438855902	0.389253439	0.400572655
0.514699111	0.600534051	0.458864548	0.325859966	0.46483808	0.411957383
0.521707816	0.525955769	0.533518424	0.476854183	0.428529617	0.406550032
0.589395586	0.396424192	0.536185485	0.355237771	0.51132941	0.440046922
0.49755993	0.502475013	0.369176179	0.447261596	0.51987351	0.366835031
0.484437582	0.520222152	0.454078806	0.48247103	0.521918724	0.484055462
0.57146344	0.459686119	0.510067503	0.492819033	0.568466997	0.39576299
0.528643856	0.502901589	0.422198823	0.424833173	0.438284955	0.448696682
0.559567789	0.320930283	0.416963212	0.505452344	0.519529307	0.448581836
0.441882377	0.479253408	0.49080644	0.413659664	0.483290927	0.464871802
0.61768286	0.507718187	0.528192854	0.438859032	0.369777861	0.445380001
0.588236866	0.477217229	0.491059679	0.444684602	0.44991294	0.345969408
0.435577781	0.49987633	0.374648762	0.572936899	0.450772422	0.46671721
0.483778667	0.486213858	0.487985503	0.371634029	0.480423756	0.434987706
0.441184778	0.425970154	0.50910857	0.388040333	0.397324194	0.436547448
0.404384745	0.373239397	0.534508089	0.523237823	0.353107437	0.428133674
0.488106928	0.522176652	0.38951256	0.442112008	0.508372799	0.346274939
0.350213057	0.389458374	0.415851041	0.382232103	0.52922416	0.408691714
0.601568701	0.423065777	0.43214751	0.427789871	0.440320992	0.421234259
0.327988792	0.69374015	0.623438342	0.414606888	0.519426227	0.410911535
0.477181737	0.596669406	0.459073959	0.417330666	0.437855992	0.4935729
0.489742236	0.366451856	0.432218078	0.410978854	0.49641074	0.455684483
0.431497173	0.468110943	0.522891053	0.499136765	0.376678039	0.434970766
0.40840608	0.59928425	0.47760772	0.496049396	0.446057132	0.420251839
0.597466641	0.431801372	0.472393055	0.491713224	0.441805798	0.445767506
0.634493655	0.488161598	0.438061453	0.430958832	0.462926121	0.451681809
0.493648319	0.497316757	0.430611389	0.34259675	0.520234436	0.438692413
0.452613658	0.44156623	0.404834248	0.415961388	0.435776578	0.456795923
0.515642798	0.359139432	0.470959837	0.473693457	0.417661567	0.457644027
0.655875154	0.591144114	0.386236155	0.425820723	0.428024507	0.469489322
0.433720142	0.502053413	0.541408644	0.464095159	0.379706134	0.391917609
0.531373579	0.387559183	0.437597701	0.425056264	0.442528165	0.487697672
0.467705797	0.437425018	0.369192038	0.616759425	0.487641466	0.461027624
0.464653094	0.392954504	0.415565584	0.432257092	0.489854957	0.441018627
0.4307271	0.576875504	0.530130002	0.46310546	0.409284999	0.466675263
0.528092427	0.566900279	0.584216833	0.41919624	0.507288065	0.395744769
0.543727999	0.43252872	0.436510472	0.432531096	0.411977416	0.432423805
0.501725653	0.441687741	0.510072714	0.393819142	0.407309348	0.335687504
0.503811451	0.414010432	0.475733058	0.380233493	0.456384895	0.356535923
0.553113762	0.411934879	0.475636279	0.45008819	0.431697277	0.40158351
0.445755536	0.50354836	0.474864754	0.368353975	0.478662872	0.427245197
0.385216396	0.474232115	0.477640747	0.4579119	0.388734776	0.411953355
0.574561383	0.540823933	0.416288574	0.432963252	0.501458145	0.443858853
0.425116544	0.478168825	0.509236737	0.540204104	0.309343398	0.47997731
0.6151484	0.443887963	0.471102874	0.461641323	0.416639229	0.414371934
0.629459104	0.51126604	0.460319721	0.463905386	0.424322395	0.454165728
0.654190285	0.433033188	0.398726931	0.462974533	0.484086959	0.463959622
0.671263707	0.577880177	0.400363724	0.475729791	0.383267784	0.43112269
0.425715212	0.431238821	0.448865113	0.519490126	0.564387428	0.439516038
0.46268503	0.424290883	0.432991383	0.387574419	0.482835826	0.40174617
0.537244373	0.397866077	0.365344851	0.443898185	0.507807132	0.416229013
0.418001697	0.418152499	0.442674116	0.502385589	0.44617457	0.429796919
0.403356564	0.609852566	0.47025617	0.470343897	0.462841733	0.419331203
0.653705125	0.509151923	0.532599258	0.4991454	0.46573276	0.385916065
0.528179654	0.580681995	0.405838595	0.41415405	0.476920643	0.405136618
0.556419349	0.511286037	0.406606821	0.344380021	0.53948911	0.404935874
0.56913447	0.415511125	0.466139314	0.390223939	0.398312076	0.501146703
0.766954126	0.524838993	0.522507913	0.554454347	0.50336631	0.456629102
0.42560879	0.590300358	0.405695285	0.493452455	0.40327435	0.458412735
0.55408221	0.574695942	0.45102073	0.501807837	0.452226617	0.400726472
0.554012751	0.317393803	0.522085656	0.497091578	0.480845221	0.393582833
0.62390406	0.34389282	0.404248842	0.320234061	0.400215678	0.412845028
0.659552988	0.4591883	0.424561188	0.443530815	0.521144292	0.43444702
0.61663632	0.440922748	0.393165177	0.466303264	0.403387629	0.409415259
0.602767446	0.531631156	0.435302174	0.450379941	0.402332624	0.360047033
0.413854539	0.460299975	0.503718182	0.383090159	0.435267083	0.435933
0.668753543	0.407004135	0.46959479	0.399126602	0.436947458	0.454936894
0.329339656	0.502173558	0.401651359	0.420567546	0.416500757	0.404417379
0.430957256	0.267202309	0.462634747	0.407923741	0.470633599	0.425861827
0.381233244	0.439562292	0.484609777	0.464394364	0.414742564	0.448617466
0.486412656	0.458102484	0.504456248	0.499277235	0.425768912	0.404890705
0.633531668	0.615564828	0.37327565	0.483952517	0.447354493	0.409240005
0.51160613	0.4647013	0.418438207	0.409770712	0.38387307	0.397181687
0.572752597	0.466501757	0.478039391	0.39275436	0.40364794	0.437447849
0.490039692	0.551582105	0.358985469	0.324745282	0.369838721	0.423699568
0.402219185	0.582117828	0.417040432	0.494365298	0.440558935	0.427747622
0.630298855	0.42587374	0.507513472	0.582024135	0.42768283	0.475491091
0.498641465	0.477642439	0.432044815	0.340570588	0.483876679	0.424587658
0.510679286	0.427145013	0.41747623	0.426260989	0.417634006	0.456146847
0.521809451	0.495061352	0.421754803	0.400161444	0.40662612	0.458549017
0.517134795	0.504624607	0.433615653	0.523772167	0.435240858	0.419049606
0.603684661	0.526279003	0.445744243	0.525349463	0.473401624	0.431471047
0.54827842	0.409156414	0.369398258	0.418803149	0.469031628	0.400406767
0.640198255	0.370335731	0.472508463	0.484914011	0.508171133	0.424661091
0.630465677	0.377389971	0.587251301	0.507796033	0.313427008	0.444042496
0.521894378	0.391199035	0.441510284	0.428277175	0.470813902	0.42594346
0.415325412	0.450330021	0.390582104	0.373339023	0.421829941	0.443222696
0.662449563	0.498191578	0.431153885	0.413306197	0.398517275	0.428327579
0.655405298	0.527997488	0.46806363	0.496400874	0.501806682	0.522717352
0.667776916	0.336413907	0.411951262	0.389222477	0.386822626	0.4159373
0.386192418	0.486646414	0.478099476	0.460199652	0.48122805	0.483896305
0.651578963	0.340862538	0.4254779	0.459477638	0.442973077	0.484152074
0.584585809	0.309796001	0.482166343	0.469866465	0.429851445	0.450325568
0.647920891	0.471187557	0.45530243	0.531255636	0.368260966	0.370315556
0.764918422	0.509367527	0.556758154	0.44256325	0.321821479	0.420560492
0.572615367	0.443971599	0.426643108	0.486964809	0.402687123	0.400629316
0.502385919	0.39616286	0.531708366	0.480313237	0.350748633	0.482918943
0.677516683	0.392474721	0.410471836	0.49818853	0.32910701	0.448762578
0.490933397	0.443437313	0.384088442	0.423781992	0.43463938	0.423315733
0.465100623	0.431453415	0.46709555	0.395741414	0.502414418	0.413902904
0.416171327	0.538728926	0.469660601	0.503776976	0.39164835	0.399247519
0.460399336	0.46236806	0.403103832	0.401437493	0.389626143	0.415925979
0.592631956	0.502934158	0.4762966	0.339903829	0.386708902	0.432494721
0.471687318	0.515554412	0.418368871	0.346831542	0.418068036	0.395581457
0.364774148	0.479366822	0.467803016	0.484332029	0.44904918	0.438687167
0.77603226	0.387279892	0.342847033	0.463751932	0.455960478	0.468764767
0.618878967	0.49191157	0.497289782	0.40168722	0.422878135	0.3449268
0.44020828	0.408470185	0.373028324	0.613604711	0.379325862	0.413027017
0.535241684	0.475739898	0.407864483	0.436252269	0.445946852	0.480482819
0.613102126	0.440506929	0.385021355	0.344154002	0.340646254	0.414183244
0.528665765	0.555159582	0.399246926	0.55158599	0.39660254	0.450346832
0.540173997	0.585637934	0.544219733	0.50709244	0.544772014	0.426182652
0.52131662	0.411751741	0.444726934	0.501953629	0.431950211	0.421240356
0.405000916	0.52040238	0.546002341	0.428744023	0.406264158	0.442726993
0.524814176	0.444830014	0.469067768	0.519774411	0.489350401	0.406710751
0.679775478	0.476623226	0.610218276	0.360190364	0.42679472	0.496532611
0.362111466	0.507821865	0.452258052	0.392654353	0.415347397	0.420786148
0.405444203	0.338819449	0.347939337	0.419839283	0.443544208	0.432598563
0.61884647	0.498331244	0.499070678	0.42301191	0.320775171	0.433671793
0.367304022	0.419443913	0.484439021	0.394698928	0.363552969	0.433719967
0.395528621	0.48567188	0.540082561	0.463058452	0.4434479	0.407755796
0.343184883	0.49603401	0.350437784	0.4764841	0.426663728	0.400906991
0.289601554	0.502485994	0.365546399	0.471228991	0.407059699	0.460341552
0.580849781	0.506684819	0.428361576	0.429905508	0.481675316	0.433052284
0.564988553	0.529811861	0.437336281	0.504049579	0.432773644	0.466691663
0.482525873	0.347407793	0.418807322	0.412209529	0.485238504	0.492702391
0.761567628	0.460153794	0.471249355	0.463067826	0.467295221	0.418743161
0.520589337	0.531505116	0.391837054	0.413918587	0.456098471	0.388946345
0.364064009	0.472294119	0.523615961	0.410422954	0.447468724	0.441311869
0.618816576	0.362084787	0.403125209	0.408065655	0.468445913	0.439620223
0.418533613	0.465023747	0.442641576	0.552328998	0.427144869	0.444021377
0.445324099	0.439376949	0.410459447	0.402319098	0.443549182	0.50120145
0.610769645	0.323667797	0.433219039	0.468919812	0.371432903	0.505988471
0.641537091	0.417819035	0.56571719	0.51732363	0.404436741	0.467719665
0.567386634	0.44940991	0.54359191	0.365521593	0.430879503	0.39128363
0.51540238	0.524081402	0.377643738	0.34241255	0.446574538	0.425438248
0.511983451	0.475214595	0.403494294	0.425258018	0.441303664	0.452488057
0.533292668	0.530888361	0.38357245	0.431141494	0.552211888	0.466756961
0.609042826	0.366081373	0.359335809	0.469007499	0.397018636	0.508111806
0.510683583	0.398809004	0.463098211	0.504051161	0.50270655	0.458653947
0.244471844	0.476893712	0.628572846	0.485501008	0.445850885	0.42046882
0.567830724	0.438028962	0.473250611	0.518945444	0.420375008	0.404776376
0.597380049	0.472468217	0.45072631	0.403399663	0.383210951	0.47680893
0.665944758	0.43536445	0.467236232	0.586334514	0.384649721	0.426901285
0.39965463	0.580105101	0.440118362	0.406726235	0.522041427	0.472485881
0.610888162	0.432702868	0.460205131	0.340364547	0.396332597	0.445043779
0.542015457	0.413499606	0.391813077	0.397838518	0.406288033	0.434814114
0.782720961	0.477840915	0.585206777	0.487518791	0.420152357	0.460921058
0.522849243	0.471187217	0.516033744	0.423660722	0.442885914	0.421003046
0.682142388	0.463052785	0.373446819	0.508146246	0.579198881	0.399683309
0.571289303	0.494652923	0.426492577	0.461724533	0.475313521	0.418743997
0.403225627	0.506114977	0.419345537	0.522835408	0.466952878	0.352393536
0.574761178	0.468059962	0.385738038	0.432462211	0.430974085	0.366033065
0.531323396	0.495731899	0.378169519	0.480954029	0.459065378	0.464275779
0.443674487	0.577528392	0.277669826	0.327022023	0.49590729	0.418850424
0.450701008	0.462893273	0.446994824	0.456557584	0.491780832	0.469144735
0.569731526	0.550837167	0.397224319	0.553915652	0.361858544	0.467375104
0.454932929	0.434630883	0.488615433	0.443618796	0.448384148	0.488222565
0.428443554	0.376064501	0.415809669	0.408005962	0.448118567	0.501558241
0.439200737	0.572467358	0.481664469	0.495013559	0.437534849	0.364418658
0.607076051	0.518461491	0.446637183	0.511606836	0.377418117	0.428719315
0.421386755	0.43543743	0.335658561	0.457008634	0.405495111	0.438739126
0.49098076	0.389182212	0.478688287	0.486800988	0.450993505	0.421485071
0.464003747	0.499420869	0.325816959	0.497061391	0.383928901	0.430537756
0.652083663	0.41784195	0.549047719	0.476965052	0.469033067	0.427191548
0.569393446	0.493512759	0.456522011	0.481688573	0.410809656	0.466411669
0.515326909	0.529454477	0.533762408	0.491131996	0.463145902	0.484874552
0.438287058	0.588011319	0.486670613	0.502743528	0.371710292	0.450801725
0.573249798	0.481283409	0.485455339	0.533412444	0.46441365	0.389045739
0.377514112	0.444931261	0.433759419	0.523413127	0.475120186	0.488665703
0.66602788	0.409039506	0.43346464	0.570896345	0.472262852	0.403960071
0.719155213	0.476529885	0.486110944	0.449094047	0.511148965	0.452993974
0.714457291	0.487982641	0.572189573	0.438188807	0.401381834	0.395941051
0.527637356	0.434337519	0.545938073	0.414009355	0.449059593	0.409113566
0.451384277	0.43921034	0.467216102	0.459622394	0.422877729	0.408622023
0.69209294	0.418390097	0.470782098	0.455545249	0.436890538	0.461209163
0.627059715	0.429448985	0.332502647	0.412285146	0.484663666	0.496461894
0.748916019	0.332611292	0.568853126	0.378954569	0.430038328	0.439935663
0.560910782	0.498183866	0.413572935	0.463581959	0.423913551	0.483698613
0.65659288	0.450050791	0.564598043	0.46886588	0.4754269	0.406132762
0.510188053	0.466487181	0.440182001	0.472822081	0.525752651	0.463621933
0.644056546	0.554811318	0.482452134	0.393373963	0.440415215	0.455540366
0.484167712	0.477293032	0.428024438	0.483720566	0.5092277	0.407163635
0.558157095	0.427297107	0.317393434	0.486179148	0.45160516	0.414778771
0.55927851	0.438078666	0.424934963	0.45017823	0.543850166	0.43267188
0.677949183	0.33407986	0.470062079	0.540635902	0.379523454	0.475862668
0.454020529	0.404954494	0.418680815	0.458052809	0.470360474	0.456574956
0.58860946	0.563250287	0.41931844	0.510025165	0.462566153	0.458412924
0.403287517	0.339002353	0.44354342	0.430025625	0.43192011	0.443990452
0.559569436	0.556640454	0.373404407	0.466415702	0.45042091	0.40818893
0.535492723	0.448048689	0.428142621	0.517391313	0.508531438	0.44606168
0.502028351	0.444524938	0.43055148	0.505483134	0.431690123	0.447700609
0.518151707	0.47781987	0.482193056	0.414043483	0.469838835	0.444608252
0.616069161	0.604603458	0.467992887	0.420095938	0.401450539	0.430503807
0.585157572	0.36379824	0.463023209	0.454357137	0.365183338	0.433875787
0.576982697	0.412392979	0.559561907	0.429526565	0.435045156	0.518363144
0.576804667	0.582361329	0.339449214	0.462195224	0.346508639	0.500267491
0.684485801	0.463663163	0.519803552	0.544119811	0.379331724	0.391723404
0.704993856	0.421207641	0.414298903	0.465379197	0.357298456	0.411493041
0.584256473	0.462742228	0.461837282	0.458328524	0.47370718	0.410424647
0.676333458	0.361020395	0.519143922	0.469337588	0.556000872	0.497960887
0.625875668	0.440996796	0.32524748	0.439441256	0.500818479	0.491197473
0.472133397	0.494581139	0.489975604	0.471019199	0.438294277	0.428390639
0.569556652	0.582829571	0.476608176	0.375511441	0.422395298	0.488384446
0.708411103	0.489673528	0.450127256	0.405848761	0.487691498	0.402482323
0.473763287	0.572109111	0.391016288	0.458599413	0.419025602	0.434980497
0.432161445	0.559981268	0.405468743	0.442235801	0.415806581	0.442272988
0.522740261	0.478211569	0.473634113	0.444213485	0.38164982	0.370663585
0.68928056	0.501057145	0.436694626	0.313437861	0.456111392	0.446787032
0.616880966	0.528781006	0.311028686	0.396492638	0.452071045	0.366980765
0.479434129	0.479119368	0.488827785	0.437455199	0.431819441	0.427126148
0.496105774	0.551972151	0.449872317	0.473708103	0.459184301	0.426598236
0.557270588	0.452194351	0.534714095	0.438680141	0.458998528	0.465096236
0.410745304	0.544808443	0.461211966	0.546810689	0.4763297	0.399465809
0.563144665	0.505988973	0.398920558	0.442814479	0.534294036	0.408346248
0.497764515	0.36545638	0.494590948	0.397288371	0.43236157	0.449440804
0.527149172	0.463993486	0.543833381	0.359728252	0.406410401	0.502492889
0.521578846	0.40744826	0.601486146	0.530376618	0.474463842	0.440748026
0.547238299	0.638441588	0.450822258	0.43519723	0.423021848	0.448053276
0.736988274	0.313253154	0.466588512	0.506737702	0.394927907	0.490761172
0.546865855	0.400595711	0.47675203	0.419021264	0.436081975	0.447456614
0.477898289	0.435242337	0.463855802	0.349718018	0.512002396	0.463450029
0.447328341	0.518821495	0.416361774	0.386357298	0.335927293	0.450649588
0.693254533	0.516928437	0.512540846	0.443614461	0.514678769	0.438407301
0.719074067	0.428970814	0.440120236	0.419676589	0.499661612	0.410151375
0.606228117	0.40727616	0.41776211	0.516663208	0.400019282	0.428515309
0.643829276	0.452667334	0.405787319	0.377871693	0.481599661	0.405880557
0.46491007	0.351427876	0.455187803	0.365862478	0.534174833	0.413216366
0.447427749	0.509719611	0.488112256	0.478586085	0.431257202	0.371274391
0.581804119	0.618807008	0.500435433	0.416651421	0.419097332	0.42697067
0.711736185	0.529128922	0.481842445	0.419670852	0.429904153	0.35263272
0.343546924	0.251036348	0.482737904	0.471528043	0.347727373	0.392521296
0.6403515	0.443677623	0.432680385	0.459139464	0.469615568	0.390177648
0.443913135	0.418617374	0.510623802	0.409849015	0.394384752	0.50060199
0.452328302	0.523533507	0.45857456	0.41672987	0.451181926	0.429742206
0.585393095	0.553211629	0.401709599	0.418662521	0.463509153	0.506012428
0.562492457	0.402236504	0.354625258	0.507841239	0.464062341	0.38912552
0.396699086	0.490772675	0.472637963	0.408058996	0.439718451	0.45395064
0.431876449	0.370542403	0.400224347	0.507189523	0.403862333	0.445673784
0.344168656	0.377564055	0.523050553	0.524800305	0.418737841	0.450843834
0.616281115	0.520811	0.375826347	0.404941983	0.426060249	0.442200421
0.447826322	0.36409364	0.521802138	0.455162428	0.450375652	0.425631536
0.628931048	0.463351647	0.446340446	0.375756378	0.4623721	0.464218306
0.56749599	0.49517261	0.50637296	0.476768907	0.470170027	0.392776417
0.497041452	0.459792582	0.47870816	0.443196174	0.524239239	0.424702574
0.592401581	0.43202081	0.383515351	0.388553662	0.522382327	0.40927367
0.649819997	0.445180869	0.522506737	0.387840498	0.345039168	0.519497273
0.446339349	0.521294066	0.540022149	0.47193925	0.403503818	0.441148752
0.575274109	0.564136028	0.491456165	0.510749147	0.507978995	0.412674936
0.567267161	0.490063728	0.633761406	0.456745131	0.453429641	0.452423877
0.484154135	0.478587897	0.492458737	0.389214859	0.462175118	0.449580429
0.627734617	0.571697396	0.484842373	0.490315229	0.371601731	0.416490796
0.54447853	0.373334339	0.413226746	0.534293378	0.485302316	0.477236046
0.575099917	0.451628635	0.349216843	0.490587442	0.554703649	0.420467103
0.420164706	0.45107681	0.558381352	0.322321728	0.344747457	0.450634308
0.615555125	0.375579956	0.440047217	0.460079909	0.483945579	0.420353783
0.455196208	0.557649373	0.361177718	0.429489138	0.381544566	0.391359722
0.486401325	0.546262749	0.390363707	0.460399198	0.509207417	0.408264224
0.51554033	0.548777187	0.42277104	0.437306157	0.521708944	0.355868735
0.545926833	0.499048689	0.523105185	0.455069052	0.472795076	0.378169478
0.667579442	0.452980827	0.427377585	0.396475259	0.44665594	0.414603936
0.353842432	0.392723975	0.474777847	0.537014217	0.48414348	0.425898633
0.494289827	0.355359386	0.554852767	0.412146741	0.469635255	0.389589963
0.510286707	0.520254179	0.411509077	0.43048206	0.470494809	0.402959197
0.675668931	0.468073193	0.507733447	0.39249874	0.451471775	0.462257329
0.439528153	0.455288691	0.376273595	0.414455312	0.337077003	0.43767075
0.655503777	0.467036792	0.462488765	0.529011139	0.41788718	0.391735574
0.555957095	0.618185476	0.51899962	0.351003236	0.397333911	0.442927073
0.530080963	0.600722759	0.488249182	0.397401555	0.587636555	0.380088034
0.544236876	0.604657305	0.411562459	0.36720519	0.593579779	0.428991048
0.370725645	0.398444876	0.543055405	0.4128966	0.376147124	0.43672464
0.512145752	0.510144521	0.466899446	0.479306014	0.530621398	0.458251401
0.889215058	0.468708151	0.400729145	0.525270614	0.515086323	0.458681286
0.453767373	0.398945484	0.429663962	0.273377783	0.409173597	0.434857327
0.588733203	0.279345631	0.467093332	0.471633573	0.527340079	0.415225486
0.533567766	0.413369585	0.447220031	0.46701653	0.411730586	0.388917198
0.353859169	0.425453076	0.52000333	0.551433003	0.462679171	0.453131246
0.687987399	0.516012895	0.387991951	0.415359998	0.451913539	0.451465829
0.370785589	0.432614537	0.494349738	0.479654796	0.466412912	0.397728221
0.619595259	0.556672385	0.518744755	0.519915565	0.465607048	0.386943266
0.345888662	0.540879744	0.458623017	0.485874745	0.424406286	0.409204512
0.50596341	0.453968503	0.368714158	0.460023038	0.388725461	0.46464648
0.605394659	0.459367157	0.48382043	0.395912671	0.397830053	0.437724169
0.644467046	0.463728614	0.365409699	0.445005383	0.44146734	0.43799562
0.483842893	0.505666267	0.429285249	0.521171289	0.42535765	0.400142166
0.561091782	0.51455114	0.40471935	0.445422761	0.427733485	0.41387619
0.460781371	0.51995731	0.385178952	0.49884297	0.417599198	0.464633554
0.449014959	0.411312097	0.378901118	0.440665191	0.409097833	0.450682295
0.552456943	0.443348798	0.434008662	0.414848777	0.475544651	0.400684435
0.660325157	0.421465858	0.398038147	0.414101009	0.34409997	0.440397137
0.511690474	0.611129686	0.48825353	0.458343002	0.459082131	0.368369375
0.362322534	0.455320238	0.446111927	0.418288089	0.393013454	0.490818773
0.559189878	0.460895509	0.473433003	0.425020011	0.486918855	0.438618944
0.500075634	0.56328257	0.446121096	0.515598044	0.444388935	0.443808291
0.425065439	0.556968682	0.40687716	0.373616096	0.456826545	0.399928684
0.445280867	0.39240472	0.539616124	0.513986553	0.513429114	0.49929481
0.463113871	0.508291203	0.355053273	0.465467607	0.446769008	0.394802949
0.431646858	0.423891867	0.289386948	0.451752666	0.500233924	0.370573862
0.640269228	0.665821375	0.484442352	0.473467274	0.416331487	0.442366202
0.483716236	0.52599363	0.307148131	0.46760965	0.357672734	0.4754494
0.483985904	0.546936031	0.478150032	0.401918412	0.473532997	0.412201261
0.486444611	0.525802181	0.549415126	0.438696356	0.444828523	0.438541129
0.562905774	0.596658358	0.385756489	0.479577468	0.465747237	0.465780192
0.605185633	0.43507214	0.478726547	0.474085911	0.393264034	0.438632213
0.657507018	0.471832774	0.584294229	0.433038559	0.389149906	0.410489245
0.462113716	0.359146198	0.475668296	0.407177174	0.482732476	0.366675003
0.410730443	0.597573929	0.542872327	0.557969858	0.453458067	0.465531463
0.631254019	0.536625787	0.526440686	0.36892861	0.47655223	0.4667117
0.634595285	0.573138129	0.424021721	0.442061056	0.380804735	0.46777642
0.453820695	0.630652335	0.476915157	0.496094372	0.382799885	0.447342753
0.396432096	0.34505465	0.399931918	0.399742314	0.457113169	0.401735642
0.704477173	0.438927937	0.461575282	0.407527206	0.442458805	0.373784747
0.469268726	0.426515093	0.493418037	0.500000198	0.39746419	0.467888235
0.65807139	0.437227346	0.450262422	0.500730723	0.436263824	0.385513101
0.628010707	0.388769513	0.490865504	0.401320859	0.383196887	0.42874099
0.577896207	0.45229503	0.572708475	0.450399719	0.431722852	0.448687979
0.498471785	0.488750256	0.468747205	0.529335312	0.393480445	0.401543504
0.352787084	0.415088911	0.541912184	0.466276975	0.570781721	0.421109675
0.39997688	0.589834067	0.390230774	0.34848836	0.46634859	0.429947671
0.385982324	0.489603886	0.482139137	0.40654606	0.429895986	0.439103742
0.292397094	0.592768152	0.368051196	0.409752805	0.419487524	0.423117456
0.481282855	0.48323949	0.462492225	0.492683674	0.358444758	0.426979338
0.467871843	0.410459719	0.432899417	0.486227736	0.489346955	0.435289887
0.663538498	0.464604749	0.450715787	0.461201437	0.436475357	0.457876894
0.497305121	0.585182508	0.498638925	0.338926485	0.51629539	0.439070936
0.393992306	0.499876102	0.531856766	0.468299719	0.454452937	0.496952921
0.536339836	0.528083553	0.535907396	0.411096068	0.490380601	0.411472742
0.452241506	0.455571692	0.444738829	0.458548796	0.458012809	0.409790489
0.566425064	0.468745908	0.403094066	0.37937495	0.498184752	0.348726764
0.520719433	0.479126797	0.432796733	0.425521228	0.46077488	0.443246767
0.368738933	0.56233289	0.378551681	0.444996474	0.442811701	0.43488797
0.659709816	0.571930982	0.477515235	0.406116265	0.332933553	0.363365131
0.532600407	0.578810199	0.378816544	0.387530964	0.500278916	0.442521118
0.571817121	0.403141844	0.54501448	0.416263349	0.464054743	0.366979434
0.606183935	0.568693238	0.503053427	0.422510586	0.430494287	0.456977478
0.294038398	0.616891323	0.464588664	0.584997082	0.467171823	0.454596831
0.501623225	0.278846326	0.473654205	0.444392185	0.421800932	0.381876796
0.457085478	0.608728185	0.397578501	0.463425574	0.451253396	0.418146299
0.549800572	0.562739617	0.405539343	0.350047059	0.455350245	0.43955807
0.487922937	0.424445812	0.524512424	0.447615359	0.461852123	0.475925986
0.575844016	0.541164072	0.436288835	0.442504919	0.398587414	0.462847711
0.542551184	0.45223517	0.440607181	0.458409766	0.478913579	0.460239122
0.441225727	0.529784494	0.436936604	0.399253811	0.504787292	0.42871258
0.460782899	0.541803165	0.462191663	0.437662379	0.440085605	0.467814257
0.399026754	0.537286584	0.401043944	0.460952306	0.526362249	0.38287188
0.357008089	0.387236694	0.433674039	0.496112542	0.50536284	0.444161642
0.523751428	0.454639747	0.480761882	0.446548384	0.402753768	0.370206867
0.60962762	0.527319676	0.502692694	0.462695465	0.42749825	0.474497671
0.619038292	0.436232297	0.61560047	0.521474449	0.38863406	0.433753239
0.31339169	0.576663543	0.435780256	0.447445857	0.535322662	0.443487286
0.669081886	0.59053956	0.500671325	0.501466664	0.419926625	0.451805633
0.696494373	0.427186125	0.291848165	0.451300037	0.46971897	0.441610864
0.642065005	0.5249323	0.481219268	0.458006411	0.412831529	0.452655965
0.361163776	0.371853741	0.443685488	0.364330941	0.376454432	0.498810584
0.661448698	0.423240057	0.530443985	0.385705046	0.424811602	0.407482962
0.604119916	0.470838584	0.400721464	0.49534475	0.458265044	0.450296154
0.385638789	0.404945646	0.370050947	0.506720578	0.428922173	0.494668442
0.454872275	0.498571891	0.385947607	0.324170265	0.388755258	0.428331868
0.494008953	0.51616454	0.465711495	0.443215136	0.389901882	0.453729786
0.533241462	0.440967359	0.455530889	0.43112781	0.408964828	0.439158151
0.307775035	0.393522308	0.473565933	0.488107605	0.48143179	0.453972021
0.667682381	0.418530901	0.435392963	0.473880075	0.451538021	0.427508944
0.572413408	0.419486147	0.481324312	0.318290591	0.403598411	0.46479563
0.529260132	0.39933847	0.44889921	0.496456544	0.437671962	0.457933962
0.554293038	0.435643504	0.511326149	0.469418398	0.327408394	0.48608296
0.486804386	0.44186392	0.416528192	0.453325192	0.479327136	0.48383171
0.294884138	0.451576937	0.39578861	0.448494769	0.447368559	0.504672267
0.473065796	0.45216589	0.375707707	0.330019557	0.433578692	0.440909181
0.636071618	0.651304428	0.419112132	0.437226307	0.467935642	0.446858517
0.52886055	0.644946598	0.459018027	0.465737496	0.413001949	0.47815458
0.442665772	0.506682198	0.533823555	0.427530711	0.390984117	0.415710414
0.590016501	0.523499834	0.511686817	0.47446736	0.389789764	0.449625115
0.420354057	0.506488819	0.408769234	0.360588803	0.498412087	0.374542473
0.78105331	0.382537441	0.499219393	0.494175244	0.553236274	0.402213161
0.40427721	0.40099679	0.461514324	0.471782182	0.403412255	0.370146927
0.601794617	0.628906778	0.460483785	0.350960297	0.414100323	0.43234196
0.517972188	0.446014	0.525457876	0.393262612	0.426195646	0.433615233
0.671193183	0.451871327	0.459377045	0.498862027	0.392672158	0.395837321
0.514035644	0.500325001	0.455523583	0.471843239	0.393938781	0.449452888
0.319408932	0.440349234	0.585436658	0.37802193	0.312071824	0.476944334
0.554235736	0.512541374	0.473593106	0.51115153	0.385054285	0.449962577
0.46293856	0.445716446	0.464211602	0.553372784	0.535042965	0.383365575
0.552371516	0.476210509	0.431626465	0.475083973	0.452458325	0.390821122
0.525059931	0.509262158	0.480020099	0.368519996	0.490315038	0.468423301
0.424962701	0.517214057	0.424460972	0.424821033	0.523707331	0.395927561
0.591680315	0.517810746	0.389857006	0.451063577	0.505798305	0.486085602
0.552363944	0.397264671	0.543322082	0.420131275	0.492426805	0.50349066
0.508859077	0.361641796	0.49487611	0.55480604	0.379477829	0.444708803
0.726568775	0.502665776	0.470285875	0.473614887	0.397519457	0.382161408
0.381779143	0.380988326	0.487603166	0.495899656	0.344452289	0.431195297
0.410794528	0.492041747	0.426378147	0.421801193	0.496070544	0.43525294
0.494795539	0.44018915	0.421865164	0.536464643	0.496651258	0.404071944
0.465538506	0.389594487	0.455076804	0.571341899	0.431691427	0.420486297
0.6109561	0.581380493	0.360328018	0.412302829	0.4825369	0.420796871
0.613402901	0.461550162	0.56333524	0.436533857	0.481088421	0.436205349
0.465503681	0.487565367	0.317995913	0.423305577	0.426907009	0.41808892
0.591331927	0.534991668	0.520377611	0.427676411	0.519126114	0.435023173
0.489334546	0.466704323	0.475715829	0.441218177	0.446470575	0.392512935
0.572422634	0.472645086	0.506670317	0.445795285	0.444927825	0.45019703
0.508923084	0.33655852	0.430820312	0.421538641	0.469825584	0.447513973
0.506451255	0.431191125	0.46922808	0.429610726	0.358259204	0.430312755
0.377514599	0.557175864	0.4480619	0.441735265	0.462619235	0.433993167
0.65024019	0.512560753	0.429494383	0.329236775	0.434942375	0.424453875
0.559681462	0.496457138	0.498809737	0.479071358	0.498041452	0.421216455
0.796397687	0.462440953	0.49047759	0.398194009	0.457049978	0.48522892
0.635875417	0.468549087	0.442075567	0.445667943	0.43478231	0.509789345
0.387419813	0.570392538	0.432693659	0.480883449	0.47103685	0.449402709
0.579761444	0.413313626	0.451455323	0.456221769	0.396998106	0.454989195
0.709694874	0.553029383	0.415425269	0.558651347	0.398974459	0.378772646
0.484180469	0.476215513	0.456461461	0.301736149	0.420457086	0.456514975
0.585475508	0.380436273	0.461543507	0.441264537	0.422332069	0.426970935
0.573628128	0.353212845	0.471516098	0.470264398	0.354588193	0.437811809
0.521369762	0.459200265	0.375016572	0.566915834	0.463350864	0.419623736
0.616268046	0.51056172	0.393486495	0.413553956	0.403496199	0.43481339
0.429517978	0.515599708	0.50281781	0.460297909	0.442521428	0.452600923
0.610536997	0.453077288	0.366791931	0.466300792	0.416739699	0.342915406
0.689179397	0.553552212	0.468829583	0.439263947	0.536625314	0.465245283
0.524798704	0.415409572	0.485674285	0.423894897	0.525988446	0.427649597
0.438090499	0.438434267	0.392274211	0.434015701	0.481512775	0.477436274
0.46162081	0.537437554	0.464772579	0.328810915	0.448248683	0.415316319
0.535312222	0.437287243	0.39052322	0.516245862	0.446470591	0.421152548
0.418562974	0.565940168	0.404395536	0.365912185	0.409664103	0.479305166
0.607468507	0.338126081	0.470884519	0.494697292	0.361557763	0.433545783
0.637879941	0.482933219	0.486491837	0.532148298	0.483591523	0.400368133
0.418657757	0.384111284	0.494079604	0.399930241	0.449401788	0.427340871
0.614501979	0.497138927	0.448647438	0.505251991	0.359827417	0.428205729
0.595798214	0.457741785	0.423279461	0.42342935	0.434851984	0.445565348
0.409188223	0.603035917	0.432287286	0.427825143	0.539813992	0.421668995
0.545835179	0.433155113	0.461129641	0.396731599	0.438334097	0.411450814
0.432362833	0.498680164	0.371778322	0.491060082	0.372270074	0.479864529
0.624434999	0.470504809	0.435001443	0.534136923	0.481200138	0.41975589
0.717750474	0.524101713	0.375189721	0.37255817	0.464767639	0.47140961
0.574887922	0.408378862	0.394219812	0.493368496	0.504715957	0.392763776
0.551700818	0.422259989	0.466662951	0.564331258	0.50985888	0.392370741
0.500516817	0.510484984	0.489961435	0.454203776	0.415341464	0.398387797
0.566136014	0.491404259	0.455787009	0.474932723	0.52550951	0.481198474
0.435466922	0.430624081	0.403745577	0.450226739	0.497597824	0.39903489
0.566416622	0.409718314	0.442643458	0.493164012	0.417091443	0.397814652
0.471232659	0.418384418	0.418202774	0.450204455	0.417480253	0.451671815
0.493221953	0.468136085	0.432534187	0.493362946	0.414495106	0.435832419
0.604568316	0.388966818	0.453844222	0.369453464	0.464098424	0.394870913
0.550241017	0.398067228	0.429370085	0.520045684	0.492589287	0.470813466
0.648277089	0.517794959	0.37253621	0.45012813	0.576387666	0.44900876
0.42025243	0.438044265	0.453037301	0.423040423	0.419062026	0.413539862
0.747935468	0.505066175	0.315348833	0.384257418	0.463788373	0.44280812
0.643313737	0.459794138	0.385949978	0.369708605	0.429068897	0.415052283
0.284800053	0.491722774	0.52397214	0.437306376	0.468504573	0.403749588
0.576340959	0.339367374	0.425355392	0.452932901	0.492699023	0.349089297
0.813550157	0.450744	0.40551488	0.496359192	0.405798125	0.380919869
0.428071915	0.522501956	0.465967493	0.369127399	0.439353024	0.458647789
0.594283422	0.615117734	0.495637304	0.553996609	0.455687906	0.443853808
0.693451022	0.525206451	0.426392595	0.402130031	0.427206966	0.459708519
0.480447087	0.38185314	0.31456767	0.46612205	0.442850097	0.447995279
0.668104796	0.448260333	0.4790339	0.480970482	0.467568722	0.436941582
0.58284311	0.44101359	0.500004784	0.422900184	0.395882799	0.419490869
0.666205631	0.431587005	0.39131056	0.460468576	0.472194701	0.466701033
0.662388985	0.510246459	0.50834736	0.497762106	0.481145859	0.459651432
0.602316354	0.361836842	0.413806737	0.414507479	0.449761861	0.463476416
0.607211833	0.389386917	0.476555105	0.424486285	0.416716956	0.42021836
0.812848599	0.358162453	0.399466789	0.385527365	0.396003829	0.461720704
0.449075111	0.488364556	0.329645713	0.425298669	0.550024141	0.444926064
0.675199497	0.509417525	0.465849757	0.500692494	0.423910191	0.448061703
0.647452976	0.548429853	0.448581277	0.431471845	0.392682972	0.472698328
0.560443874	0.560398377	0.407092378	0.438145078	0.459437071	0.448840359
0.598353155	0.54860218	0.439489103	0.441343773	0.488188848	0.444495722
0.52103177	0.388853615	0.419667496	0.517515661	0.425134547	0.422602307
0.597962538	0.401666353	0.479718672	0.451529321	0.476349329	0.469156977
0.512540971	0.562699051	0.370086794	0.4325715	0.356103681	0.373578167
0.4830673	0.529369135	0.492079206	0.455628665	0.395863184	0.457384271
0.52449372	0.497338896	0.395219028	0.470003317	0.407784172	0.473002577
0.587719758	0.604656305	0.447696984	0.482850021	0.520222033	0.40573901
0.35019368	0.50768531	0.477883183	0.43856655	0.441657507	0.414731335
0.494746962	0.556780942	0.255807558	0.453545854	0.406184924	0.428305074
0.5826032	0.460727486	0.478228923	0.456744873	0.499703214	0.404017822
0.421066468	0.386831928	0.493561656	0.451465122	0.383343893	0.420472975
0.687219546	0.456413443	0.479462421	0.394047556	0.445684113	0.433106791
0.515604602	0.374360294	0.564034872	0.474898732	0.414595384	0.438696614
0.538705643	0.463518466	0.354134851	0.474916984	0.425014952	0.452776155
0.758062767	0.410943212	0.454750413	0.462391846	0.367488137	0.451105821
0.51461902	0.46994301	0.470106306	0.433775208	0.465043577	0.471537394
0.378263838	0.412017448	0.453592836	0.440450821	0.455559016	0.422378905
0.363352655	0.503687827	0.494084166	0.528697994	0.49559979	0.421938141
0.562014486	0.387720654	0.45693185	0.458485166	0.421541681	0.391538586
0.591229976	0.340593533	0.410458659	0.43254025	0.481706297	0.483833297
0.538994837	0.547076302	0.464877181	0.4191825	0.433290981	0.453700044
0.765623652	0.512297564	0.476614003	0.37441015	0.434492018	0.388894941
0.56087964	0.620350084	0.507233451	0.479991695	0.43587218	0.39496811
0.401233784	0.468374685	0.618196335	0.453225071	0.471293751	0.413242834
0.483044755	0.399322114	0.466824089	0.391421607	0.507234911	0.433222645
0.474208127	0.499270786	0.408655528	0.429365023	0.444031243	0.447919071
0.493785015	0.465246777	0.37150145	0.394602788	0.491069027	0.422073985
0.615198278	0.500383903	0.31478417	0.413804347	0.500212366	0.447040027
0.445061101	0.48605689	0.506774557	0.402518655	0.431069759	0.369989921
0.542464453	0.385633046	0.502239407	0.342842216	0.434286036	0.492938045
0.488887594	0.493879864	0.452589971	0.390433621	0.382054242	0.419057209
0.386311276	0.501645981	0.401658971	0.409376584	0.376500099	0.481389947
0.596165482	0.317238396	0.458715892	0.501962797	0.430232841	0.408142258
0.611848757	0.425793394	0.492910013	0.530979704	0.453264955	0.471300975
0.383935812	0.487971059	0.439622534	0.437393847	0.407427477	0.47850227
0.464940391	0.528484698	0.471384859	0.459639209	0.461139881	0.378952099
0.338363807	0.420846301	0.491903813	0.45856455	0.423431529	0.45364521
0.439865224	0.501142252	0.438188104	0.356017919	0.451863372	0.446164349
0.604191093	0.464108987	0.530305629	0.468288942	0.400071985	0.41721239
0.569290413	0.438534019	0.481338012	0.442608146	0.3928871	0.43272674
0.491237173	0.50056473	0.501205022	0.413370804	0.405810193	0.403212005
0.61760047	0.474000011	0.559622595	0.434026157	0.398808366	0.428072508
0.664396749	0.433511467	0.468685013	0.451827559	0.399312911	0.433724039
0.371500412	0.720374947	0.433468359	0.438230209	0.466273808	0.372969059
0.534324091	0.455663272	0.498181175	0.380589073	0.424294642	0.445000127
0.465303365	0.379022943	0.473503889	0.477065417	0.491277152	0.428080502
0.516350471	0.297454015	0.437507606	0.576607404	0.5177553	0.461753361
0.559231321	0.558585316	0.40606525	0.428083542	0.467455564	0.314120441
0.703860483	0.383284962	0.431706832	0.447618935	0.478713958	0.427045422
0.585002903	0.384662777	0.474411101	0.458143219	0.385491668	0.453782828
0.52392109	0.353317493	0.435283383	0.436832385	0.472850957	0.418296335
0.359808916	0.455940972	0.461028188	0.468122253	0.473215237	0.443243811
0.638619641	0.461141885	0.391412742	0.536806256	0.497582547	0.459900565
0.683431596	0.38606496	0.366519025	0.404178307	0.543204459	0.438352057
0.494314789	0.441915245	0.366749537	0.426687569	0.445456184	0.443331687
0.627856985	0.613278691	0.472023293	0.439863057	0.408058442	0.457297215
0.556875601	0.327527477	0.527354849	0.484086635	0.4892016	0.479202847
0.568374349	0.3983579	0.386723017	0.437817879	0.540989177	0.433918196
0.536270094	0.456514315	0.517984418	0.373610439	0.445850575	0.441969588
0.500314812	0.427363449	0.511203934	0.498545931	0.431252787	0.443933009
0.670504792	0.578345053	0.486356048	0.415934306	0.448406864	0.355487574
0.526905553	0.53261473	0.413340436	0.400213709	0.473747976	0.463916558
0.5847036	0.391708395	0.449489645	0.387094798	0.470506236	0.440112857
0.659502008	0.451122562	0.349709716	0.454315551	0.428514908	0.395427428
0.528206479	0.381002004	0.442171433	0.501571889	0.50916867	0.435043547
0.590270355	0.351962578	0.371038289	0.408750826	0.429616536	0.478680228
0.573770952	0.279790841	0.376643418	0.460013898	0.459143118	0.421856522
0.649802032	0.52636471	0.46379045	0.472326209	0.401937197	0.427295586
0.549490821	0.608312956	0.402957334	0.445372484	0.437610955	0.449016036
0.514495577	0.422179768	0.390702472	0.351589631	0.383237941	0.44113386
0.415336489	0.476626916	0.551551865	0.446714762	0.481291549	0.488101161
0.507297872	0.428557315	0.417669134	0.50628728	0.375101774	0.468937249
0.493259655	0.423538733	0.449447195	0.544850355	0.407164227	0.450753046
0.591545799	0.394829809	0.362885844	0.440502404	0.502954932	0.454312013
0.475712341	0.484415083	0.489317673	0.376407603	0.365335078	0.33920881
0.389666213	0.423235477	0.308952379	0.450628693	0.356412791	0.460248047
0.721993453	0.470052911	0.472504206	0.48846298	0.406355622	0.490798577
0.560166604	0.39444797	0.485481481	0.385600074	0.401813015	0.384882429
0.512271998	0.480521578	0.502879817	0.437540785	0.404902513	0.433558447
0.445993274	0.452976594	0.418989078	0.436188819	0.377878612	0.495568005
0.621950448	0.581040816	0.574300485	0.434683437	0.537665765	0.432258039
0.732414908	0.446354204	0.323621934	0.42110366	0.416990654	0.412651971
0.634596951	0.494479493	0.526507216	0.446198271	0.350158368	0.372977839
0.378933254	0.353913811	0.466923089	0.467594156	0.412565155	0.393204271
0.586821524	0.490886102	0.417181911	0.423540036	0.46874647	0.493421592
0.545043693	0.491134154	0.399551551	0.402297262	0.465938487	0.490916763
0.37046697	0.41331608	0.407940007	0.425769561	0.419572743	0.382662666
0.499864392	0.456939201	0.484396621	0.497802264	0.445082413	0.466656497
0.353689859	0.386849731	0.431050142	0.630966205	0.461793824	0.401313944
0.344607355	0.520404127	0.415689673	0.404920471	0.422554645	0.484722292
0.426793932	0.440281966	0.377054313	0.470147576	0.487398223	0.453743112
0.523847946	0.512960518	0.433092129	0.460936242	0.454690454	0.457789119
0.526083623	0.555119931	0.458897291	0.45978354	0.372834352	0.435701305
0.697755328	0.553555519	0.421533426	0.37414425	0.406175642	0.482174856
0.5502215	0.509516636	0.384232052	0.371907586	0.438221192	0.501111659
0.54265944	0.356310079	0.489487972	0.418107888	0.371343124	0.430688312
0.476133337	0.394276823	0.59012406	0.418242838	0.424401096	0.433505954
0.591310187	0.468359948	0.433559152	0.429311081	0.342720847	0.411913134
0.542532873	0.49983123	0.331645201	0.46289633	0.450269955	0.386059915
0.499877131	0.507876368	0.44008269	0.456231999	0.571749353	0.478606712
0.570607601	0.505805223	0.435721996	0.397127589	0.420287468	0.413525619
0.58233148	0.48009989	0.475108946	0.38311053	0.384084744	0.412400814
0.372276891	0.412919745	0.391666194	0.445949127	0.420813059	0.458447381
0.671806337	0.462762213	0.45406066	0.409871906	0.478929401	0.465807383
0.489608925	0.553324696	0.570723633	0.437791892	0.501744237	0.433587868
0.617728309	0.448619496	0.436374332	0.536125491	0.472963545	0.363470928
0.644290414	0.376494031	0.365584792	0.420657752	0.429575656	0.415195062
0.382482432	0.654434282	0.451757043	0.507257323	0.355534034	0.387217087
0.581844337	0.435156124	0.362365537	0.475714404	0.417654347	0.384797831
0.439747572	0.451882577	0.449862206	0.429515186	0.466286997	0.446635772
0.725889674	0.491311134	0.31795631	0.38084934	0.425117265	0.436645544
0.503990996	0.50626709	0.385957411	0.471961332	0.40271984	0.457667282
0.72807728	0.454284553	0.445902422	0.476081051	0.436066586	0.458441412
0.56249769	0.540857612	0.497726116	0.443943656	0.313066105	0.420955415
0.630524302	0.564066375	0.462876371	0.481964768	0.42925942	0.354798292
0.540274134	0.326437034	0.3535866	0.389636569	0.471608765	0.452522928
0.546995233	0.444030722	0.377457886	0.533340817	0.39083616	0.396847661
0.643520532	0.433445865	0.400833831	0.43281328	0.446770704	0.374079228
0.382157491	0.562487934	0.402657606	0.469328004	0.464874567	0.410399283
0.541851066	0.54815332	0.506873767	0.41229813	0.415215464	0.435564489
0.384735839	0.390625742	0.501686428	0.435169268	0.452399208	0.428573143
0.471502681	0.433661805	0.390683657	0.509566881	0.385991686	0.40670169
0.501641695	0.428598603	0.336954533	0.375281209	0.467284837	0.354255143
0.385729339	0.379934856	0.542625961	0.540681891	0.413408566	0.428413961
0.377365677	0.525847636	0.453706354	0.367590496	0.54928077	0.430749028
0.568658043	0.407886102	0.448841662	0.417507746	0.468382699	0.421907282
0.550173595	0.584209474	0.425574662	0.427005697	0.540103568	0.462107877
0.526699989	0.302459146	0.463138772	0.454382707	0.453891981	0.45468943
0.765181752	0.29945612	0.616765347	0.512848601	0.516532656	0.439769033
0.550163614	0.382306057	0.364386311	0.461066414	0.433152823	0.399376697
0.4622729	0.566157106	0.393355823	0.400076303	0.486864807	0.485854424
0.661991652	0.495763489	0.369577129	0.389031407	0.474602664	0.43717738
0.538414198	0.343168912	0.488776444	0.475033585	0.392579654	0.426177441
0.675754677	0.341468156	0.423033119	0.409889442	0.336472521	0.384079558
0.401620588	0.497773148	0.399166841	0.449010687	0.42873641	0.440701623
0.570436192	0.465225136	0.466517831	0.358314687	0.414265187	0.404213311
0.691391219	0.349129701	0.52692937	0.370005275	0.460825973	0.383765587
0.500828832	0.495887661	0.525081704	0.497153648	0.429994309	0.476459667
0.525607441	0.537040982	0.469493199	0.408532441	0.463095535	0.429470906
0.518456951	0.458746716	0.451122166	0.536246169	0.405155089	0.4237872
0.419211259	0.4482834	0.431622816	0.427691572	0.567021637	0.40989001
0.700720747	0.490588789	0.408620326	0.387139974	0.466170173	0.431197087
0.379988732	0.630861931	0.455763414	0.391647797	0.528801579	0.521762973
0.533239193	0.566319918	0.60071615	0.480966266	0.509567136	0.470680389
0.605383824	0.648541794	0.546713823	0.507440727	0.365386823	0.40067605
0.620201064	0.425509518	0.493225496	0.547927592	0.331003923	0.473716931
0.421577832	0.461362002	0.390240481	0.493880025	0.3910044	0.38617221
0.501780048	0.311686288	0.416623055	0.41457439	0.369511018	0.425102028
0.490160075	0.446964261	0.412011872	0.408030553	0.472655227	0.435477802
0.387870377	0.507976187	0.332271569	0.46973419	0.418762836	0.483123328
0.495770491	0.423698085	0.418033013	0.409417349	0.492080005	0.377040876
0.375235452	0.428392759	0.539277849	0.551848077	0.473095824	0.446271923
0.528719694	0.494574762	0.464537673	0.430375835	0.421824819	0.42941004
0.361442625	0.403112953	0.467146789	0.512238884	0.534552449	0.438868721
0.373625753	0.606281371	0.41765535	0.479502292	0.466927804	0.405168605
0.438489682	0.47669436	0.550894898	0.553557055	0.378732311	0.423209313
0.471512384	0.389976561	0.426251971	0.404422791	0.376752195	0.412078295
0.342613537	0.422110632	0.460489646	0.469173844	0.463558155	0.440636093
0.412640151	0.410620571	0.474858053	0.4714966	0.405018774	0.430600444
0.557550016	0.590216142	0.447427599	0.417094968	0.391749831	0.437167165
0.360712009	0.463647355	0.466294625	0.497572527	0.446067108	0.406519847
0.513442041	0.442550082	0.465960035	0.476947224	0.39211705	0.420987533
0.537779306	0.468289909	0.430772045	0.463395214	0.510434836	0.487890173
0.567863725	0.536169811	0.398188077	0.332809305	0.408872834	0.445254764
0.559499727	0.505589906	0.555694943	0.463576545	0.478807159	0.492787832
0.43171118	0.510962974	0.398568257	0.37478591	0.281198201	0.404432538
0.531689324	0.434168572	0.57040942	0.470876017	0.480490561	0.44894495
0.509443975	0.484573264	0.479683945	0.43315331	0.398717781	0.404796903
0.672453792	0.459770434	0.339309194	0.401353949	0.505798419	0.371220213
0.488318716	0.267157875	0.515150152	0.39068188	0.564792417	0.418052596
0.312929175	0.555237793	0.393340098	0.460976111	0.317996774	0.427317706
0.456214917	0.496604395	0.355793315	0.445376267	0.477975228	0.418263689
0.449016052	0.509942816	0.476833463	0.556213145	0.345089592	0.369845625
0.536938164	0.467490583	0.439283395	0.383256002	0.468105182	0.473356459
0.433641687	0.475556236	0.42336471	0.304427025	0.511079872	0.416191735
0.420506731	0.325829437	0.40594371	0.484543103	0.371952839	0.462575465
0.494080659	0.393525164	0.485397022	0.363990904	0.480474638	0.441917402
0.487485101	0.42325328	0.424597961	0.559159273	0.391549073	0.442781361
0.590979204	0.396276106	0.513654085	0.524754494	0.470493826	0.422872638
0.587814747	0.456596662	0.332847708	0.417138117	0.429470281	0.397866379
0.792647115	0.699279356	0.308467843	0.37058446	0.418016818	0.448796768
0.695052546	0.4590039	0.436833764	0.436080113	0.350852062	0.437225566
0.526005339	0.520157194	0.430469749	0.392718601	0.418637817	0.463831392
0.49418177	0.528107966	0.373841608	0.340339966	0.497327335	0.458871932
0.48375564	0.579610927	0.475979634	0.513530998	0.428447364	0.428608875
0.478299798	0.464042624	0.561515613	0.524517882	0.416953822	0.434209391
0.518356394	0.568315947	0.488093502	0.382858872	0.354205742	0.354608187
0.428864008	0.454707496	0.491572745	0.473180985	0.479952242	0.410418227
0.649148717	0.444773776	0.482888095	0.437763251	0.463138529	0.477476384
0.700663164	0.514508346	0.511458434	0.435451533	0.361754421	0.393422179
0.633276627	0.557820745	0.448035699	0.403134771	0.35980855	0.484673711
0.54352787	0.387676735	0.448173108	0.485447127	0.496777909	0.394746084
0.729603139	0.457654306	0.470122439	0.472223608	0.473908063	0.35025998
0.427277667	0.468073692	0.421704988	0.439187658	0.448779962	0.388439865
0.576614698	0.479939904	0.540589289	0.492208776	0.447140727	0.426714538
0.535833462	0.572247656	0.430314804	0.440803279	0.393713134	0.422352239
0.617136714	0.515959839	0.423256478	0.410457036	0.440452504	0.428030929
0.483540389	0.440510029	0.350149579	0.508221996	0.496499061	0.42772831
0.621791123	0.445718356	0.528489176	0.466920901	0.454185599	0.44872231
0.525966579	0.397601585	0.417984746	0.484329428	0.431799246	0.347045768
0.617118947	0.532815711	0.429302251	0.461616443	0.473655001	0.422530762
0.530643068	0.44780492	0.539604769	0.490678568	0.474472775	0.454373819
0.655670702	0.485160327	0.446289939	0.484786694	0.470802301	0.409932378
0.360120326	0.445521911	0.404934936	0.440270733	0.413228939	0.461749781
0.492898032	0.496071474	0.499625738	0.469730064	0.466325465	0.488060524
0.767788956	0.313960602	0.397682568	0.381195417	0.399298721	0.457496004
0.403607822	0.458957674	0.510737776	0.402023149	0.46315401	0.367604843
0.648687743	0.537826786	0.592050172	0.534231486	0.400343257	0.37168908
0.584474099	0.621550241	0.441182699	0.443230574	0.376592867	0.392760578
0.551367064	0.409215784	0.438587154	0.445347567	0.477517277	0.40522456
0.522095687	0.455838815	0.347025592	0.340045508	0.404130438	0.459181092
0.499314173	0.426600108	0.501156543	0.36718965	0.40222592	0.453995839
0.456314464	0.561172216	0.483442359	0.513335144	0.43874498	0.433293248
0.687286365	0.390424391	0.427985281	0.366312851	0.371372143	0.437972165
0.326466569	0.537991587	0.526550583	0.501546407	0.367795883	0.448002117
0.465307878	0.362625856	0.417715015	0.417725789	0.373427927	0.46667372
0.48142009	0.356445708	0.355680386	0.388060202	0.467424886	0.435717018
0.637303553	0.404929927	0.345764963	0.386061871	0.362751499	0.531943149
0.593890457	0.526136357	0.424949303	0.42682412	0.421864436	0.397600051
0.679355737	0.505854695	0.455371656	0.477574998	0.440827132	0.493785896
0.668427311	0.426106299	0.493752213	0.373034482	0.437727261	0.453440494
0.665934491	0.600597704	0.4076441	0.32351879	0.444713863	0.397324017
0.600082836	0.423969942	0.349419974	0.43361243	0.448417422	0.467424276
0.46151596	0.491497335	0.419570485	0.418415737	0.413478367	0.419283093
0.540732433	0.383409807	0.432669918	0.44036273	0.443514448	0.494837799
0.63257129	0.419064612	0.475911326	0.403957149	0.399922983	0.42777674
0.478917609	0.458893703	0.358055923	0.452336041	0.461187391	0.455310551
0.616530089	0.355491891	0.482298646	0.471972116	0.462421785	0.514272283
0.445525506	0.349801522	0.464140977	0.464605802	0.373675144	0.478886556
0.434890953	0.514946455	0.506471398	0.384395476	0.415003915	0.375472851
0.330014563	0.513189334	0.417400055	0.384258227	0.390852964	0.386155829
0.509780744	0.550163113	0.446025975	0.456732117	0.39958814	0.422498771
0.584808427	0.323540454	0.582342775	0.344077383	0.422685614	0.455318346
0.51328407	0.466300467	0.46423409	0.415274523	0.405996143	0.521050168
0.69262886	0.388133371	0.417958178	0.413876515	0.394082627	0.464189634
0.453814472	0.501250555	0.357344227	0.389369185	0.371069214	0.421757806
0.511683273	0.468360511	0.452808043	0.443805839	0.397737531	0.48268991
0.705252002	0.414972804	0.498104458	0.382764928	0.397139076	0.398553562
0.479407738	0.442745133	0.446285406	0.37090725	0.409733218	0.384070587
0.548641407	0.56133559	0.399824771	0.57217282	0.318387947	0.429265713
0.542078037	0.387209785	0.435323358	0.438567483	0.385102478	0.474400807
0.61673319	0.55442146	0.439370681	0.36569489	0.3621646	0.479964972
0.680233079	0.461882762	0.363771253	0.404547051	0.463146678	0.469983087
0.602524505	0.41792947	0.497588305	0.445562509	0.354293297	0.435064408
0.740750324	0.41543549	0.415781417	0.350111785	0.472346176	0.504397617
0.363886985	0.481081015	0.488791075	0.460302785	0.497741789	0.351831135
0.615255159	0.440215937	0.490703465	0.465077095	0.459970785	0.41932129
0.777368508	0.4301351	0.438847594	0.449486332	0.444509788	0.387020642
0.502726608	0.374491632	0.475631137	0.423347415	0.475569129	0.385242423
0.557909532	0.346500775	0.514565333	0.46037592	0.47486533	0.389862705
0.507624606	0.531523667	0.48263171	0.438327634	0.461770497	0.450572243
0.630049081	0.482398541	0.496748155	0.454050111	0.392009784	0.473995661
0.311408155	0.448005541	0.431258341	0.461549606	0.461278606	0.458644231
0.346666849	0.515300852	0.482642378	0.533749382	0.458777318	0.434651382
0.454074967	0.437657369	0.500842891	0.402973407	0.469344805	0.452272941
0.505009901	0.482003275	0.469811593	0.393805446	0.466184762	0.408295713
0.503476574	0.436680817	0.342852464	0.482545907	0.386696015	0.412326499
0.581884379	0.400140122	0.326030544	0.497479831	0.370105932	0.484154678
0.442343456	0.588913361	0.539613598	0.528909147	0.446639367	0.448063155
0.674345344	0.368821169	0.439331329	0.451312848	0.42165545	0.420224429
0.317073225	0.446101418	0.445639863	0.422151498	0.348589393	0.453401013
0.374261819	0.499083494	0.410090699	0.416880408	0.417695166	0.454270454
0.557842619	0.651074931	0.48276206	0.526244713	0.493953382	0.461249474
0.380259541	0.536150834	0.436064524	0.329341992	0.401150549	0.42162762
0.572614467	0.458395354	0.463044001	0.441531084	0.455606233	0.50401034
0.284043055	0.501049421	0.547091102	0.515211236	0.494134063	0.40882383
0.498616977	0.351022395	0.485271486	0.44581144	0.443706959	0.407012279
0.499023667	0.309508966	0.448322085	0.39785911	0.455858823	0.492577046
0.448788892	0.577163085	0.354658324	0.522085997	0.456367219	0.467699651
0.550171374	0.336722437	0.459663773	0.462763667	0.483054036	0.337650651
0.539502699	0.529838755	0.461090294	0.43697988	0.375356198	0.457207986
0.398424002	0.549405973	0.568109282	0.48344689	0.500277773	0.40444992
0.685915017	0.426565313	0.451086672	0.460817207	0.466276271	0.38422166
0.542638368	0.358927318	0.3706692	0.429774807	0.507287269	0.439545839
0.364989095	0.485926468	0.466444502	0.432304262	0.520212272	0.43847427
0.583054795	0.41757578	0.350137264	0.407821945	0.344259898	0.440067302
0.609600133	0.473398563	0.419915549	0.365881208	0.485208794	0.419749071
0.631692878	0.553789754	0.559176624	0.354307019	0.525176788	0.406261983
0.515383455	0.389830571	0.392871731	0.352885435	0.45419276	0.5034825
0.556627961	0.38591771	0.444694557	0.391368611	0.49396549	0.380464295
0.50511192	0.611962134	0.35901474	0.404019186	0.482448107	0.405728558
0.620942672	0.427132096	0.334012556	0.492268434	0.435538521	0.484997131
0.415485307	0.377757887	0.525162205	0.516110435	0.392819601	0.49573964
0.633152223	0.487572296	0.351598596	0.371070524	0.36567425	0.41701051
0.655379519	0.401520664	0.477963429	0.343126506	0.487462139	0.484724846
0.586306653	0.363822256	0.570104356	0.388111901	0.429482492	0.444181507
0.436111121	0.448175203	0.374034504	0.444554297	0.443333001	0.376284381
0.594456528	0.400876524	0.319761456	0.382584907	0.432229543	0.453302153
0.326939865	0.430886432	0.456837302	0.417324704	0.472963006	0.517449313
0.652105869	0.468422669	0.436152046	0.482987643	0.325337369	0.356410866
0.462811216	0.503066022	0.406683216	0.40864773	0.358970799	0.527203734
0.68263424	0.53070367	0.533892034	0.382778985	0.334283006	0.403618271
0.366154056	0.405012564	0.500762417	0.373754553	0.465711335	0.388508868
0.70465963	0.283043643	0.345834518	0.412148871	0.527871982	0.447602886
0.435885005	0.618419424	0.52957609	0.445553197	0.553515412	0.458779152
0.647962924	0.485875156	0.502175864	0.397599175	0.352135714	0.494070601
