0.967896518	0.9647995346	0.9566652186	0.9458664357	0.9482062805	0.9553537959
0.9566651464	0.9607036868	0.95809587	0.9354728031	0.9522750221	0.9493837047
0.9647932495	0.9584737354	0.9441921191	0.9437016132	0.9473176697	0.9450912467
0.9328650807	0.9418460126	0.948682664	0.9633298516	0.9452675041	0.9564984946
0.9836689824	0.9538602239	0.9469103571	0.9611779747	0.9542866825	0.9460162297
0.9753860751	0.9565948855	0.9647602401	0.9702689575	0.9562956593	0.949172933
0.9759406844	0.9440013274	0.9591142546	0.9647702044	0.953692483	0.9578836107
0.955883793	0.953742709	0.9552936106	0.9519717563	0.943263391	0.9422247812
0.9743552101	0.9300476403	0.9733155329	0.9549880311	0.9568207914	0.9458060316
0.9488291509	0.958498413	0.9552115451	0.94853723	0.9568100991	0.9501505001
0.950562612	0.9509597748	0.9485066548	0.9524821012	0.9508570598	0.9530557843
0.965239234	0.9454189009	0.9531812289	0.9376590374	0.9562853921	0.9466758951
0.9778856095	0.9540852108	0.9710384168	0.952953414	0.9536603239	0.9435018082
0.9785421787	0.9487303458	0.9596254069	0.9492900781	0.9662989209	0.9612073777
0.9509042087	0.9466621198	0.9509677963	0.9541931473	0.9401721329	0.9620438046
0.8666638744	0.9602067904	0.9582945107	0.9521683616	0.9556745722	0.9547169303
0.9700589626	0.9505134102	0.9441938672	0.9569055545	0.9469369312	0.9366551524
0.9751318149	0.9571501993	0.9545295809	0.9659424295	0.9560070227	0.9547407937
0.9610272123	0.9427332644	0.9359219922	0.9495578504	0.9413641518	0.9457842935
0.9759055711	0.9243815104	0.954789198	0.9484701984	0.9429483937	0.9556678741
0.9788937954	0.9481741741	0.9512168135	0.9436710361	0.9476752626	0.9442305437
0.9220484355	0.9619045833	0.9524695805	0.9644276374	0.9559215361	0.944554265
0.9331657019	0.931414066	0.9531300399	0.9512271692	0.9417493993	0.9570630036
0.9581996077	0.9598204992	0.9500986626	0.9508680511	0.935890631	0.9577529912
0.9777883414	0.9461172939	0.9439131735	0.96735327	0.9513098276	0.9597464517
0.9427326803	0.9592160168	0.9630479178	0.9630146441	0.9586557411	0.9393469429
0.9765959176	0.9678525571	0.9540570527	0.9477346735	0.9519614192	0.9618696188
0.9613590904	0.9548073111	0.9482018372	0.9526309902	0.9356383819	0.9444743269
0.9633239225	0.9551005574	0.963426407	0.9656030341	0.9545670818	0.9455472967
0.9624444204	0.9609287322	0.9688296353	0.9494535217	0.9646523865	0.9453194852
0.9585589217	0.9296066633	0.9511462404	0.9587752697	0.9353128522	0.9608427225
0.9501531539	0.9310529725	0.9620532907	0.9499306699	0.9524081339	0.9571676144
0.9607779136	0.956645598	0.9586068128	0.9398824381	0.9487484845	0.952977485
0.9579906418	0.9418728536	0.949312515	0.9531792428	0.9473101995	0.9547617649
0.9385431515	0.9522402644	0.9452146135	0.9377479987	0.9497526879	0.9535946953
0.9660149989	0.9452262238	0.9540423984	0.9615109127	0.9626901355	0.9488594569
0.979795125	0.9502199826	0.9474686983	0.9390458712	0.9554887299	0.9530881823
0.9345387904	0.9486488529	0.96627475	0.9472735558	0.9568946678	0.9590892053
0.9698108351	0.9528628071	0.9493111903	0.9451925262	0.9461962114	0.9501255156
0.9843186723	0.9652318724	0.9653203878	0.9442623286	0.9631143418	0.9577410018
0.9724544424	0.9507023527	0.9622535104	0.9415831375	0.9648027596	0.9418976515
0.9594689731	0.9616796876	0.9586235554	0.9437719255	0.9489839093	0.9507089031
0.9329029378	0.9659839413	0.9560406299	0.9606444028	0.9620679302	0.9493554411
0.9673540634	0.9390415928	0.9492354699	0.9588297279	0.9669693866	0.9555917298
0.9443434085	0.9276204517	0.9615442501	0.952752066	0.9577702494	0.9442039803
0.9446284013	0.9642089521	0.9503005484	0.9386985645	0.9458906811	0.9483752796
0.9668031621	0.9684376171	0.9387180561	0.9354093079	0.9424370536	0.9497433807
0.9343662785	0.9321870987	0.952853581	0.9610361706	0.9579944127	0.9450126644
0.9530579625	0.9497839379	0.9582541538	0.9504334032	0.9447385961	0.9533957523
0.9705982362	0.9558195548	0.9558974794	0.9384610508	0.9658049343	0.9585913881
0.9458914344	0.9495746258	0.9582246644	0.9486337187	0.9536311718	0.951683595
0.9393885083	0.9580434685	0.965982561	0.9525687491	0.9594092316	0.9479895521
0.9638724305	0.9472825188	0.941273084	0.9497337534	0.9653926615	0.9552918079
0.9373512354	0.953512153	0.9606345906	0.9609475961	0.9439934498	0.9384897625
0.9664837776	0.9581178288	0.9694504084	0.9464700705	0.935844658	0.9572535733
0.9584506741	0.9646553328	0.9472514031	0.9520386453	0.9661649461	0.9560580523
0.9787051667	0.9683836639	0.9569292906	0.9508000325	0.9402083708	0.956048614
0.9712206846	0.9574722788	0.9494797997	0.9582882877	0.9476605297	0.9461227874
0.9387669193	0.971492767	0.964517811	0.9380691462	0.9452829493	0.9565258509
0.9639333597	0.9523907535	0.9401854091	0.9369187507	0.9380099491	0.9552543304
0.9698362845	0.9634337644	0.9430653933	0.9586324209	0.9711571557	0.9604161054
0.9777192547	0.9372205598	0.963161161	0.9578287624	0.9422663344	0.9390073947
0.9320737584	0.9491165376	0.9488522007	0.9588781924	0.9443424988	0.9515088448
0.9589049011	0.9616809961	0.9638264093	0.9526347012	0.9427978063	0.9434374182
0.9211006228	0.9516172508	0.9580483822	0.945417548	0.9623732021	0.9570227694
0.9445114754	0.9375426788	0.9587228934	0.9477236185	0.9617896648	0.9504203895
0.9267729842	0.952895247	0.9595804216	0.9489129746	0.9627352393	0.9501407522
0.9154673838	0.9503697575	0.9660875547	0.9649144567	0.9658359015	0.9527285585
0.9234994251	0.9492205063	0.9464630633	0.9557988612	0.937673702	0.9497824622
0.9791968866	0.9728799626	0.9621833386	0.9252651305	0.9525146964	0.96291723
0.9711364097	0.9482670114	0.9677563028	0.9449416446	0.9452261673	0.9490818914
0.9824032823	0.9333485864	0.9669806244	0.9549965144	0.95641996	0.9536987705
0.9251416133	0.9630924515	0.9747351911	0.9494018092	0.9385492453	0.9467076497
0.9513482644	0.9467186505	0.964256021	0.9507694568	0.9527356466	0.9538110801
0.9676538784	0.9684099984	0.932926292	0.9450346607	0.956374886	0.9523306746
0.9191250173	0.9441778277	0.9515109541	0.9525600438	0.939897954	0.9597590449
0.9644252581	0.9637625418	0.9501826312	0.9469803732	0.9415554481	0.9369012707
0.9499578998	0.9676600214	0.9473463386	0.9535249498	0.9535393985	0.9451546079
0.9721528396	0.971725682	0.9602883533	0.9533682143	0.9457051605	0.9514084239
0.9454636512	0.9657624694	0.9597481744	0.9350908087	0.961411137	0.9446542918
0.9440922769	0.9592472798	0.9648741031	0.9536074113	0.9380613848	0.9520951466
0.9393517641	0.9357040975	0.9510522724	0.9637643692	0.9523468575	0.9498857705
0.9594473017	0.9536202801	0.9472108234	0.9511102959	0.9366834693	0.9534492682
0.9589155358	0.9676307473	0.96444367	0.9543027178	0.949415828	0.9483770915
0.974632398	0.9628316751	0.9477888212	0.9335915762	0.9326635808	0.9512656815
0.9498357176	0.9358730938	0.9515812515	0.9440359346	0.9507451159	0.9531237241
0.9335159967	0.9710747934	0.9529416699	0.9443339264	0.9515689738	0.9513987932
0.932545919	0.9382732393	0.9644329283	0.9499935751	0.9547809252	0.9568216874
0.9498882754	0.9430346615	0.9631790475	0.9522689937	0.9464162659	0.9490723755
0.9789164405	0.9495639545	0.943834078	0.9481756619	0.945002733	0.9509961075
0.9420634177	0.932593502	0.9594029467	0.9356407908	0.9504765164	0.948538393
0.946590915	0.9686481826	0.9473887134	0.9293998972	0.9525365392	0.9592187005
0.9523666537	0.9564793539	0.9556753305	0.9621520835	0.9487202258	0.9525621933
0.963517788	0.9352460504	0.9444747927	0.9606783182	0.9443641543	0.9499922396
0.9180612655	0.9471544782	0.962693678	0.9290264601	0.9628414101	0.9561678519
0.9359947644	0.9494756478	0.9304620964	0.9488388258	0.9526206773	0.9499618964
0.9487566239	0.9517295082	0.9609381768	0.9557173681	0.9629653784	0.9506678507
0.9761494441	0.941009478	0.9547108466	0.9428662264	0.9418726837	0.951712008
0.9352461421	0.9472186058	0.9483687674	0.9470200802	0.9601813226	0.9525054
0.9635517161	0.9605422968	0.9403495909	0.949538997	0.9479835451	0.9564142216
0.9780496794	0.9565855627	0.9534384037	0.9329003598	0.9477285578	0.9434694426
0.9470734203	0.9651122738	0.9660582197	0.9403807058	0.9621418156	0.9544435315
0.8843387326	0.9452076411	0.9492212916	0.9403620947	0.9311892374	0.9454045503
0.9638362726	0.9607764567	0.9475813434	0.9359924777	0.9399258502	0.9451250762
0.9605379473	0.9722012843	0.9516865074	0.9429764533	0.9529283719	0.9591027192
0.9720234551	0.9351411947	0.9398933304	0.9294556972	0.9493885615	0.9479494194
0.9731770806	0.9717909646	0.9450992803	0.950780208	0.9224223021	0.9467568469
0.9449040438	0.9268564253	0.9624144671	0.9441834685	0.9402278275	0.942450527
0.977554288	0.9581924429	0.9421091898	0.94053576	0.9459225368	0.9533605268
0.9588506047	0.9720408183	0.9674860437	0.948872172	0.9578066376	0.9488178419
0.9689156468	0.9577782159	0.966584425	0.9608686768	0.9493607538	0.941382679
0.9388946756	0.9138482823	0.9650059259	0.9510718341	0.9428447076	0.9560763745
0.9707190229	0.9490363377	0.9405626087	0.959706733	0.9532619428	0.961594694
0.9658435794	0.9693961778	0.955817737	0.9484813995	0.9558041925	0.9544736147
0.9610718638	0.9731738315	0.9634649131	0.95652484	0.944249506	0.9499488898
0.9605014829	0.9710327588	0.9567264581	0.9540597295	0.955522751	0.9386456261
0.9303092536	0.9486458083	0.9436178203	0.9501826861	0.9495958799	0.9571196703
0.9612259055	0.959480064	0.9507739682	0.9585050676	0.9531346883	0.9585347229
0.9618154486	0.9552705779	0.9352535652	0.9382800182	0.9557832779	0.9591367634
0.9105764529	0.9573264463	0.948341533	0.9647799966	0.9495461103	0.9510834706
0.9509978844	0.9543230112	0.9397487831	0.9594662063	0.9550129708	0.9386318015
0.9625202798	0.9499173818	0.9574680384	0.9521023739	0.9517506559	0.9490761848
0.9681764821	0.9624245547	0.9700524121	0.9646908204	0.9602897712	0.9501531969
0.9270615829	0.9380128758	0.9381228097	0.9612573076	0.9347147556	0.9551852687
0.9611559575	0.9753222367	0.9426670754	0.9615005227	0.9597157645	0.9576477
0.9731432432	0.9597588371	0.9526835979	0.9459467262	0.9611615105	0.9552232178
0.964102569	0.9481463617	0.9372835353	0.9569902054	0.9622434504	0.9498159425
0.9530663357	0.9522557327	0.9477945903	0.9575219956	0.9389061985	0.9500944514
0.9275003343	0.97151401	0.9404913061	0.9554333453	0.9452286073	0.9576915735
0.9683494506	0.9548271421	0.9306395834	0.9543924813	0.9545428443	0.9564993088
0.9674907588	0.9556344389	0.9518520488	0.9533344115	0.9532387443	0.9520953173
0.9583447735	0.9513738788	0.9475630296	0.9452047184	0.9515230184	0.9542922293
0.9536163997	0.9750263171	0.9558211095	0.9500399796	0.9328734818	0.9495405321
0.9708001706	0.9449964258	0.9609674567	0.9562149088	0.9543659946	0.9550538097
0.9412444043	0.9586051864	0.9554095231	0.9481853592	0.9530075273	0.9464865866
0.9799672062	0.9496369322	0.9691834035	0.9503872143	0.9574034649	0.9524657818
0.9602455085	0.9626158416	0.9711540609	0.9704450728	0.9565590295	0.9490464648
0.9611943605	0.9471504877	0.9467136204	0.9299458704	0.9480959529	0.9589245207
0.9593667087	0.9591627787	0.9314909687	0.9322300419	0.9544531916	0.9495273792
0.9661055913	0.9719613208	0.9547468341	0.9518635019	0.9461008026	0.9436699604
0.9788845355	0.9601608821	0.9401550383	0.9405691963	0.9631243038	0.9436513498
0.9352775449	0.9396810912	0.9717234818	0.9591088332	0.9557682046	0.9393309668
0.9481503507	0.964398995	0.9512961778	0.9590967195	0.956010096	0.9515578581
0.9605597653	0.9791586956	0.9465796803	0.9571778024	0.9487048624	0.9464904162
0.9221800574	0.9454773786	0.948897577	0.9616865364	0.9428833899	0.9439717687
0.9306373141	0.9082291283	0.9378933265	0.9456851281	0.9623781881	0.9479943385
0.960645097	0.9780529686	0.9333230565	0.9601586843	0.9463505756	0.9624289003
0.9354847576	0.9650706949	0.9622763799	0.9446716839	0.9518790621	0.9561511928
0.9579133712	0.9511107896	0.9716095004	0.9390361651	0.9608098049	0.9557810485
0.9113835772	0.9688038115	0.9708535622	0.952754571	0.9680314991	0.9507029607
0.942157327	0.9453879359	0.9368594022	0.9603235778	0.9501052373	0.9459375108
0.9609582953	0.9498496812	0.9599905332	0.9544906758	0.9558570409	0.9599779244
0.9442755741	0.9685895043	0.9668211538	0.9517516135	0.9635739554	0.9516960494
0.9266581434	0.9510389848	0.9667650948	0.9545472199	0.9626673883	0.9634378485
0.9661728783	0.9560653732	0.9451695433	0.9224362591	0.9633843977	0.9512596912
0.9180605825	0.9686586599	0.9649765142	0.959301347	0.9637181257	0.9504542577
0.9279716499	0.9599476311	0.9623460539	0.9464342327	0.9545085303	0.953672129
0.9415407688	0.9423822192	0.9546870792	0.9458617051	0.9412229211	0.9666539118
0.9734442763	0.9462823216	0.9695435326	0.9604149717	0.9522508474	0.9477999612
0.9560040943	0.9621350296	0.9616198174	0.950709109	0.9546113625	0.9535409066
0.9546558853	0.9325690889	0.9168740554	0.9536343861	0.9573135389	0.9518477585
0.9663006289	0.9382075956	0.9605976026	0.9517446896	0.9593401641	0.9547086523
0.9241524237	0.9333726782	0.9371113705	0.9619375114	0.9659645727	0.9483959214
0.9646401476	0.9459881099	0.945416525	0.9418729124	0.9576065353	0.9502967795
0.9709797614	0.9566756651	0.9591838401	0.9595987369	0.9519179843	0.9544046614
0.9358733622	0.945965001	0.9324134986	0.9650617569	0.9376216265	0.9577447358
0.9656034087	0.9424395951	0.9489601963	0.9555631972	0.9435815714	0.9531539965
0.950089225	0.9644393292	0.955477118	0.9375749631	0.9553984143	0.9573115731
0.9547778849	0.9400632569	0.9294337384	0.9478581855	0.9391928396	0.9472578318
0.9217155803	0.9585470103	0.9477394085	0.9631618639	0.9552584104	0.9519840656
0.9791074277	0.962585971	0.9430180064	0.9343275817	0.9543684566	0.9592292597
0.9712217905	0.9634176521	0.959235635	0.949980298	0.9422377642	0.9542328082
0.9329419125	0.9173585855	0.9484521987	0.9570091625	0.9490361809	0.9509345915
0.9426154864	0.9521621378	0.9543282262	0.9337929347	0.9525049583	0.9501321479
0.9735461362	0.9671354509	0.9610063406	0.9495605969	0.9609689627	0.9560881074
0.9279542121	0.9161289018	0.9235924368	0.951655864	0.954394371	0.9526204159
0.944592848	0.948105592	0.96232856	0.9603522872	0.9316008725	0.9589817493
0.9632496718	0.9442468427	0.9552022357	0.9497257733	0.9591211729	0.9607352089
0.9701945283	0.9420388407	0.9490576848	0.9523545497	0.9444650369	0.9364380686
0.9559693322	0.9483791607	0.9426567	0.9528671755	0.9518908593	0.9553007503
0.9475601576	0.9462503707	0.9455110047	0.9411116745	0.9446546197	0.9485546944
0.9289574425	0.9656048377	0.9325632638	0.9624076069	0.958578482	0.9468980664
0.9530950288	0.9205545558	0.9425122499	0.9439435135	0.9574107758	0.9572969562
0.9520165412	0.9543699643	0.9426555223	0.9616983603	0.9532705869	0.9496466194
0.9167034349	0.9640479639	0.9467076782	0.9574019709	0.9486193454	0.9560150967
0.96756017	0.9372577146	0.950632514	0.9557247882	0.9536495935	0.9613085861
0.9791861389	0.9628095469	0.9474886132	0.9558255335	0.9587431349	0.948696575
0.9310735777	0.9636390829	0.9226857925	0.9649458908	0.9527189326	0.9499438007
0.9673012381	0.95814313	0.9514245197	0.954524792	0.9555837617	0.9510397494
0.9613587704	0.948495946	0.9597074643	0.9557566064	0.9457507423	0.9399495929
0.943485175	0.9625627613	0.9555345202	0.9502132659	0.948018645	0.9546636175
0.970808713	0.9766179555	0.9719873977	0.9325224413	0.9630489341	0.9508163789
0.9738118796	0.9472882323	0.9586876373	0.9534008019	0.9383900551	0.9426735757
0.9524124904	0.9559351156	0.961528723	0.9707809294	0.9558146392	0.9543609045
0.9468560407	0.965238522	0.949501241	0.9499350812	0.9629891414	0.9454062293
0.9534636984	0.9472838048	0.9534223314	0.9393855866	0.9625589794	0.9552498559
0.9537704207	0.9183062287	0.936204591	0.9600358569	0.9517934915	0.9450805153
0.9367097599	0.9587733214	0.9543180062	0.9530733293	0.9518430289	0.9586969143
0.9693737484	0.9209755531	0.9530115739	0.9488609262	0.9631119313	0.9453395519
0.9667491277	0.9593467596	0.9675083334	0.9616416495	0.9591946678	0.9560912488
0.9863624289	0.9479154678	0.963153174	0.9471797675	0.9513300997	0.9511300563
0.9114607028	0.9666138992	0.9501981746	0.9482115553	0.9233354161	0.9534560059
0.963172416	0.9510666692	0.9509404826	0.956316754	0.9582122383	0.9528365759
0.9597194589	0.9600116708	0.9552848929	0.9561561705	0.9568226927	0.955632542
0.9624833736	0.938160986	0.9632186327	0.9506306065	0.9523146461	0.9506722111
0.9570022204	0.9723401735	0.9482920659	0.9681176107	0.9410309237	0.9594737819
0.9418792842	0.9145062121	0.9456242224	0.9603815555	0.954053238	0.9448835966
0.9315142964	0.9498877937	0.9581427044	0.9668193403	0.9357235099	0.9426998049
0.9445228821	0.9536587667	0.9511289633	0.9386406796	0.9608765	0.9474113891
0.9347837968	0.9590183972	0.9488461967	0.9480928113	0.957465376	0.9512532074
0.9262849198	0.9246361159	0.9528428352	0.9375330754	0.9561561137	0.9560601801
0.9476622167	0.9456729135	0.9530563263	0.9475622358	0.9476885137	0.9652793569
0.9520832098	0.9373707821	0.9605358395	0.9417795905	0.9466013339	0.9515128296
0.9735270878	0.931249962	0.9622578182	0.9535647839	0.9657999858	0.9543766785
0.92611153	0.9633535605	0.9424958195	0.9259348443	0.9473538812	0.9519640867
0.9350103661	0.9763002669	0.9582866565	0.9480328239	0.9630513398	0.9485232373
0.9513955383	0.9672866144	0.9505258564	0.9655318398	0.9522028126	0.9360930146
0.9602294462	0.9428836123	0.9317291928	0.9378466856	0.956487616	0.9481475534
0.9123756624	0.9563468068	0.9595465664	0.947717371	0.9509595547	0.944250825
0.9706074673	0.9350415574	0.9312957348	0.9522740087	0.9548197308	0.9517601309
0.9322500799	0.9555677573	0.9421765757	0.9269970371	0.9533211655	0.9524491536
0.9719135265	0.9591642858	0.9397141127	0.9555108637	0.95830984	0.9525929402
0.9403260498	0.9287527582	0.9620114443	0.9501490786	0.9576572378	0.9524926066
0.8946014877	0.9716827835	0.9471345565	0.9524152251	0.9587302053	0.9563136468
0.9603818422	0.9549712853	0.9626728768	0.9471794074	0.9492345712	0.9481710721
0.9532571987	0.9593701975	0.9323060314	0.9610011515	0.9357255108	0.9545315883
0.9268590271	0.9449142077	0.9569500978	0.954309991	0.9665977001	0.9459748468
0.9095200187	0.9567359291	0.9518349485	0.9519729739	0.9598262091	0.9514447306
0.9437639258	0.9678111996	0.9660899123	0.956953688	0.9485781286	0.9529064339
0.9834060761	0.9290204452	0.9478851697	0.937264149	0.9485608153	0.9528229279
0.9775442995	0.9490210527	0.9630846015	0.9576801091	0.9640388003	0.9583976983
0.9443189419	0.9599173436	0.9504657681	0.9656762025	0.960982158	0.9566205651
0.9422610002	0.9635198186	0.9426154708	0.9634689567	0.9396390853	0.9543895617
0.9373045352	0.9281711909	0.9327657161	0.9495128999	0.9593178785	0.9450190324
0.9392204715	0.9514584937	0.9661890828	0.952180164	0.9473338026	0.947480859
0.9872089889	0.9633607455	0.9491614744	0.9598174448	0.9527667634	0.9541709859
0.9644553621	0.9624286375	0.9409496104	0.9685714072	0.9467442203	0.9406532032
0.955106334	0.9581408431	0.947999487	0.965562153	0.9544366753	0.9552403519
0.969746004	0.9499778633	0.9603170609	0.9535324122	0.9466075554	0.9519912111
0.9323759799	0.9599667927	0.9646127668	0.9653349197	0.9578905297	0.9407419755
0.9852886144	0.964445879	0.9418678125	0.9469206185	0.9393050365	0.9475444542
0.9299740559	0.975124157	0.9598635376	0.9386108881	0.951870393	0.9460367174
0.967063108	0.9554497705	0.9642955128	0.9607888039	0.9518398771	0.9458340419
0.9587948605	0.9382387623	0.9584890317	0.9393238725	0.9548362407	0.9531438271
0.964608512	0.9597430159	0.9422460424	0.9481646023	0.9624284876	0.9522737835
0.9529651555	0.9494657243	0.9581537042	0.9484709256	0.9560704803	0.9598761656
0.9476665089	0.9526232085	0.9565466801	0.9620001372	0.9755522118	0.94163831
0.9307058327	0.9434302239	0.9361537335	0.9477833854	0.9495685522	0.9512936849
0.9570236908	0.9195889651	0.962894286	0.9737882021	0.9568179363	0.9570328919
0.9427803131	0.9537293116	0.952703725	0.947667166	0.9624821745	0.9573653998
0.9627684047	0.9685028096	0.9661698557	0.9549542696	0.9403475615	0.9547436786
0.948921204	0.9559480737	0.9596951838	0.9535876524	0.9474009068	0.9473900687
0.9457296156	0.9645095709	0.9404537338	0.9650869579	0.9479423711	0.9607063178
0.9483147586	0.9688339092	0.9569043918	0.9439225561	0.9503706053	0.9525485461
0.9703802366	0.9404808695	0.9670958543	0.9490443727	0.9370664664	0.9505894793
0.9358042576	0.9370085306	0.9725698183	0.9571966166	0.9452596504	0.9491361084
0.9340578244	0.9552639186	0.9406457862	0.9480620045	0.9594954337	0.9376809469
0.9029923878	0.9461199681	0.9474522862	0.9490815443	0.9698565821	0.9430882107
0.9568580276	0.9506806629	0.9343116142	0.9556776169	0.9523908221	0.9493949067
0.8941261144	0.9798334567	0.9734342273	0.9519094729	0.9649245238	0.9456092913
0.944015441	0.9766241736	0.9639494041	0.9566121039	0.9446658722	0.9612292296
0.9458552884	0.9534414909	0.9557179663	0.9551395189	0.9567235133	0.9513334572
0.9447621519	0.9376060254	0.9649648058	0.9624640215	0.9407625767	0.9538122579
0.9367928228	0.9634079018	0.9565473148	0.9614161477	0.9453718376	0.9464732083
0.969406354	0.95767188	0.9590697465	0.9505001436	0.9501151908	0.9578411672
0.9593531499	0.9537253275	0.9503497338	0.9578083948	0.9524645089	0.9514683568
0.9544045168	0.9337812584	0.951160445	0.9440104242	0.963242307	0.9516614189
0.9143476759	0.9434615412	0.950439706	0.9614092572	0.9572386076	0.9579030332
0.9562842311	0.92949589	0.9498609886	0.9478366111	0.9555058193	0.9507100534
0.9736941637	0.9708020263	0.9420947526	0.9421631129	0.9517704376	0.9576229848
0.9232617157	0.9661248544	0.9643849497	0.9510276764	0.9480367559	0.9465843627
0.9362096753	0.9561768551	0.9628880879	0.950340416	0.9580473682	0.9512112221
0.9516846576	0.9419439556	0.9385664467	0.9741700183	0.9609483592	0.9563108588
0.9509622087	0.9329594276	0.9519298079	0.9416799219	0.9562174031	0.9493694731
0.9108640392	0.9559479667	0.9563682949	0.9581123659	0.9543771363	0.9519902587
0.9482445128	0.9682816095	0.9577516332	0.9495419193	0.9658219086	0.9510800594
0.9469117405	0.9539921696	0.9502771938	0.9548806437	0.944005753	0.9488377346
0.9586084516	0.949277829	0.9521654103	0.9433501959	0.9470561323	0.9411804961
0.9391129254	0.9457523381	0.9452313204	0.9519586803	0.955663182	0.9382615049
0.9502577559	0.9601095641	0.9592469544	0.9545948029	0.9475770569	0.9435026596
0.9479675626	0.9420373432	0.9531462452	0.9487739219	0.9536440394	0.957164195
0.9227359986	0.9472293334	0.9547156294	0.9599585699	0.9414842163	0.9475933517
0.9679534683	0.9619291258	0.9533287257	0.9502989678	0.951303845	0.9517318178
0.9593728183	0.9601060283	0.9588607982	0.9676771978	0.926907833	0.9542039384
0.9664864001	0.9420701645	0.9468621017	0.9497155676	0.9559343384	0.9481205187
0.9703107286	0.9592767374	0.9576997316	0.9416260147	0.9414569889	0.9500727269
0.9613258393	0.9386958426	0.9377914763	0.9615802676	0.9602531665	0.9532771727
0.9724644107	0.9751660091	0.9541978414	0.9560654138	0.9387635249	0.9546046792
0.8929374824	0.9447809553	0.946236083	0.9596185415	0.9684485822	0.9576855984
0.962536825	0.9383805574	0.9483158428	0.9330097795	0.9579982398	0.9426554302
0.9457782307	0.9509149976	0.9408132016	0.9496706971	0.9644799569	0.952367369
0.9597867092	0.9557234737	0.9579089525	0.9641087156	0.9540291243	0.9515620321
0.9307067913	0.9758776076	0.9571826006	0.962609068	0.9496315628	0.9497532404
0.9746204135	0.966174107	0.9596878679	0.9619567235	0.9517900404	0.943807108
0.9632966592	0.9618090767	0.9508141835	0.954958555	0.9643090137	0.9470557464
0.9556423117	0.9524117589	0.9514706627	0.9379536936	0.9568571557	0.9410053099
0.9752168488	0.9437913203	0.9591128217	0.95829905	0.9520290026	0.9608589736
0.9804966627	0.9611252096	0.9535083049	0.9616568289	0.9570214079	0.9571245182
0.9382261608	0.970383972	0.946738218	0.960987327	0.9295826936	0.9503508808
0.9526035731	0.9690399326	0.9592320266	0.9491736068	0.9492113251	0.953449769
0.9672911286	0.9305681074	0.9666005764	0.9657197998	0.9552630062	0.9557978246
0.9728664138	0.9341703903	0.9519043018	0.9296368991	0.953231232	0.9522993882
0.9598797817	0.952026185	0.955384983	0.9594122455	0.9570085922	0.9533849463
0.9642185501	0.9672656921	0.9445975007	0.9530117378	0.9495124731	0.952034101
0.9711824339	0.9497357833	0.938725612	0.9535263007	0.9356335345	0.9411366377
0.9376058328	0.9459374426	0.9619267291	0.9427903172	0.9473790236	0.9493053995
0.9626476159	0.9446723344	0.9445331437	0.93660818	0.9404141149	0.953881934
0.8636078728	0.9664785755	0.9331757651	0.9554601026	0.9492544027	0.9498632727
0.9440876852	0.8996325573	0.9557312338	0.9542010708	0.9463488152	0.9496985679
0.9314491797	0.9514454531	0.9472703799	0.9380593243	0.94014576	0.9531898242
0.9455717263	0.9270894897	0.949650254	0.9545894416	0.946609356	0.94173111
0.9544572899	0.9750497835	0.9362629773	0.9606023426	0.9547902746	0.9510283229
0.9519655335	0.9529805442	0.9557611096	0.9505779787	0.9438383013	0.9519011481
0.9741612605	0.9583056068	0.9511555092	0.9447385572	0.9523002186	0.9550093367
0.9518289987	0.9678736545	0.9529670747	0.9373691193	0.9387776593	0.9524443088
0.9625100762	0.9635102699	0.9529832882	0.9639475702	0.9558636577	0.9546198231
0.9689960865	0.9520941412	0.9749769793	0.9667345049	0.9456113355	0.9544072547
0.9509968682	0.9482141661	0.9596324754	0.9253531509	0.9562948225	0.9473579619
0.9660632779	0.9499208868	0.9553310447	0.9434519407	0.9509781422	0.9531756182
0.9660029303	0.9669247621	0.9269920182	0.9458846661	0.9570773211	0.9613033443
0.9608957073	0.9645490653	0.9461353483	0.9609781413	0.9564356074	0.9420099795
0.9662756065	0.9591892775	0.9564187884	0.951296461	0.9598087582	0.9495125111
0.9610388945	0.9496079668	0.9311666404	0.9572043257	0.9557959203	0.9449831298
0.9677863204	0.9530087197	0.9553964228	0.9604617327	0.9619740311	0.9473232764
0.9751576402	0.9303746539	0.9655788914	0.9667904465	0.9310373193	0.9548137444
0.9795414056	0.9555888199	0.943354721	0.9543916895	0.9614192119	0.949238587
0.9046793739	0.9539078448	0.9345138496	0.9393236219	0.9469050642	0.9473188213
0.9675659142	0.9549962829	0.9494876534	0.9436607357	0.9396780394	0.953651883
0.9859655614	0.9556735886	0.9524766843	0.9579394773	0.9643636639	0.9613935959
0.9736999699	0.9354627954	0.9465237128	0.9411544923	0.9435467818	0.9446910147
0.8978710366	0.9470213729	0.9543344629	0.9434315961	0.962589407	0.9596141423
0.961005281	0.9507858659	0.9431000602	0.9456964011	0.9598843888	0.9598995814
0.9679071662	0.9045270171	0.9626710605	0.9621505643	0.9548132578	0.9564935062
0.9765995564	0.95763666	0.9489174187	0.9690558321	0.9427815091	0.9422161471
0.986412321	0.9604368043	0.9668121047	0.9504540985	0.9262932551	0.9580821724
0.9663541011	0.9315714604	0.9545787428	0.9544806022	0.945430336	0.9389725855
0.9328441126	0.9334077503	0.9616152801	0.9576313006	0.9452628188	0.9582714332
0.9690720974	0.9392495002	0.9488466574	0.9563143195	0.9351907425	0.9523422096
0.9612615657	0.9383824076	0.932051531	0.9544408683	0.9457445701	0.9510253578
0.9277038145	0.9443439634	0.9640307172	0.9431675325	0.9544626323	0.94364156
0.946830387	0.9677964368	0.9593033647	0.9557271958	0.9442890757	0.9430367199
0.9606232849	0.9492683153	0.9496543566	0.9618834519	0.9361318741	0.9499185292
0.9710090704	0.9644976372	0.9464867977	0.9394916396	0.9545343002	0.9437741624
0.9492854924	0.9540001042	0.9536055595	0.9399500443	0.9484566088	0.9383103793
0.915180416	0.9586332575	0.9608253714	0.9562413181	0.9494728905	0.9577932971
0.9897895445	0.9467751968	0.9305543259	0.955035738	0.9472050565	0.9565044481
0.9726263988	0.9526138873	0.9617383049	0.9451471508	0.9410887006	0.9435335451
0.9562350691	0.9451674637	0.9379033582	0.975371006	0.9449709362	0.9472505891
0.9639365709	0.9477406801	0.9443691669	0.9542434	0.9562708812	0.9489043509
0.9786471966	0.9348179347	0.9417546246	0.9383230863	0.9407428559	0.9489903005
0.9563607357	0.9640732812	0.9396675049	0.9678776038	0.9394192664	0.949305873
0.9632582478	0.9768236815	0.9601976054	0.949394642	0.967951481	0.9460840724
0.9505985947	0.9549010432	0.9489079576	0.9615196101	0.9485833677	0.951573634
0.9450312303	0.961893425	0.9637081185	0.9458671285	0.9348250406	0.9540818972
0.9686011634	0.9538831049	0.9463253168	0.9559135259	0.9512078827	0.9512567048
0.9830184595	0.944878297	0.9745463186	0.9391273145	0.9503922586	0.9677733315
0.9356428169	0.9567613282	0.9408801911	0.9452086452	0.9483582338	0.9512821726
0.9383937059	0.9389482847	0.9363611752	0.9620069083	0.9497995701	0.9562305159
0.9604050093	0.9531277335	0.9629101299	0.953695949	0.9338052597	0.9618350548
0.9245125369	0.9469159654	0.9645609902	0.9529287875	0.9485689623	0.9551949107
0.93940049	0.9657839326	0.9605808442	0.9529003443	0.9460592133	0.9526259495
0.9340821384	0.9662222137	0.9187930455	0.9545075685	0.9527638894	0.9476948997
0.8984365704	0.9573197058	0.9478358396	0.9493765303	0.9516896806	0.9508294349
0.9614170111	0.962381477	0.9471515878	0.9428986121	0.956984791	0.9552352159
0.9565522013	0.9656514765	0.9520960402	0.9603259776	0.9567752374	0.9511736514
0.9407466258	0.9197113236	0.9565294679	0.9564133583	0.9607799565	0.9588636231
0.9799216546	0.9649822516	0.942159479	0.9617649086	0.9547462192	0.9583365381
0.9450532918	0.9625238957	0.9491034853	0.9506861	0.9429492308	0.9500843992
0.9269606462	0.9481409397	0.9618125426	0.9442594494	0.9602260712	0.9575881266
0.9639011681	0.9349908872	0.9320442629	0.9489444536	0.9577262812	0.9533459916
0.9330288104	0.9566463258	0.9462998559	0.9674887859	0.9434002017	0.9496594678
0.9445261704	0.9583144969	0.9467751995	0.9433276887	0.959541321	0.9586564536
0.9756523479	0.9197108245	0.9396969429	0.9546043592	0.941986505	0.9594037397
0.9661123711	0.9512543303	0.968837041	0.9512266891	0.9417198618	0.9531291703
0.9715044141	0.959800799	0.9661316041	0.9494089378	0.9506078989	0.9454358855
0.9632848188	0.9563694469	0.9199481145	0.9407755537	0.9599920051	0.9510292596
0.9618150482	0.9528793754	0.9468563273	0.950528536	0.954884155	0.9559720296
0.9618631525	0.9617528026	0.9279812883	0.9489761144	0.9669731127	0.9555658952
0.9560076738	0.9282498901	0.9353739283	0.9512144263	0.9552683502	0.9619752261
0.9623517099	0.938442502	0.9396000181	0.950973886	0.9619149162	0.9595253151
0.907807269	0.9674260491	0.9749981674	0.955431554	0.9605159462	0.9516146254
0.9706953526	0.94492205	0.9435506062	0.9645645542	0.9553269205	0.955318248
0.9619115501	0.959463866	0.9549669077	0.9331307238	0.9472489914	0.9584815574
0.9659821333	0.9610807946	0.9626851965	0.9653045647	0.9490274735	0.9504650691
0.9471634248	0.9591698111	0.9449287368	0.9416767716	0.9603434839	0.9640851179
0.9534316426	0.9569501862	0.9595184306	0.9444586963	0.9431929872	0.9550516357
0.9679256668	0.9492258805	0.9457708537	0.948581465	0.9483717446	0.9508385876
0.9801402541	0.9514455963	0.9711747807	0.9545397992	0.940705205	0.9555069367
0.9702865095	0.944879229	0.9640889153	0.9492462009	0.9559256757	0.9519877344
0.9816468936	0.9604125292	0.9340436256	0.9671527826	0.9628917293	0.9465238518
0.9604698173	0.9666094516	0.9416434152	0.9552296044	0.9536773744	0.9560130071
0.9117785393	0.9713013099	0.934217746	0.9663974259	0.9521526521	0.9404116701
0.9491944725	0.9643874671	0.9464033452	0.9519635245	0.9537769403	0.9380662743
0.9706671927	0.9612442214	0.9332404973	0.9587677989	0.9627194546	0.9527873379
0.94763707	0.9516927363	0.9176864624	0.9436727193	0.9621212788	0.9544875188
0.9411450279	0.9346310195	0.955318473	0.9514310931	0.9664783598	0.9498917044
0.9715579814	0.9615066078	0.9556149122	0.9702508068	0.9456961735	0.9504326643
0.9316407489	0.9173838359	0.9664304498	0.9455519101	0.9477296992	0.9631197569
0.9383305881	0.9334640007	0.9419514673	0.9513101782	0.9532680917	0.961270709
0.956251769	0.9691383862	0.9587291538	0.9689231771	0.9514685987	0.9422228077
0.9446217741	0.9529167605	0.9478888651	0.9477777481	0.9557397641	0.946698646
0.9510088996	0.9501994407	0.9426586653	0.9424898691	0.9463655328	0.9537389347
0.9819721071	0.9467699058	0.96052733	0.954416247	0.9520880016	0.9487969349
0.9314639938	0.9622685291	0.9436058782	0.9571863414	0.9503889403	0.9451519812
0.9631863999	0.9358263724	0.963529018	0.9557056012	0.9523179403	0.9586561862
0.9660411373	0.96164489	0.954906792	0.9540176231	0.9412862313	0.9595373911
0.9615806345	0.9606092671	0.9601494195	0.9623082346	0.9655498545	0.9582713247
0.9403049384	0.9758106992	0.9522765782	0.9504237356	0.9454290096	0.9494207871
0.9677287655	0.9439420522	0.9597024904	0.9714600274	0.9496504978	0.9466070421
0.9312842666	0.9537016253	0.9553976508	0.9626131192	0.9608749735	0.9536307105
0.9760626239	0.9340662465	0.955083136	0.959812501	0.9496308217	0.9546064805
0.9810959996	0.9626895301	0.959254825	0.9509749226	0.9671963509	0.9598691799
0.9809280141	0.9665476806	0.9702070096	0.9417612015	0.9447615758	0.9401875617
0.9700003371	0.9522211419	0.9626073625	0.9432075854	0.9558606287	0.9423705972
0.9672011633	0.9617794284	0.9633560791	0.952905855	0.9470384606	0.9501916792
0.9774272558	0.9412094042	0.9508068232	0.9552837229	0.9549426728	0.9528607353
0.9795907371	0.9522517414	0.8980438386	0.9341894674	0.9462589798	0.9608266568
0.9770620573	0.9219276685	0.9648884235	0.940914795	0.9555982827	0.9575232191
0.9650151703	0.9470711467	0.9582588585	0.953345695	0.9511006059	0.9445963012
0.9662086465	0.9445076007	0.9732557657	0.950240052	0.9499005918	0.9453432315
0.9411060327	0.9635310692	0.9589574498	0.9606991854	0.9596009491	0.9471756978
0.9718264563	0.9618130888	0.9689312711	0.9470599168	0.9552878644	0.9582840739
0.9534583362	0.9635576892	0.9537421061	0.9549043874	0.9704945324	0.946325389
0.9725436444	0.9457277334	0.9359017697	0.9623341779	0.9537265951	0.9457152628
0.9601381426	0.9532317159	0.9578727821	0.9582531416	0.9623066885	0.9506979603
0.9690445798	0.9234140533	0.9526553026	0.9667240533	0.9450161507	0.9553170132
0.9365518758	0.9337081839	0.9482538215	0.9574631404	0.9563928069	0.9538350158
0.9722681479	0.9710488002	0.9345719166	0.9634635521	0.9537822536	0.9571949894
0.9488054081	0.9268207316	0.9520666327	0.9573358802	0.9531131205	0.9516714966
0.9638398194	0.9602526229	0.9208481996	0.9588446462	0.950164547	0.9488604175
0.9680930883	0.9472013925	0.9568634168	0.9587606886	0.9528248742	0.9550433158
0.9479269785	0.9460784602	0.9559770628	0.9629489866	0.9423478004	0.9474549372
0.9682891744	0.9625159134	0.9609661845	0.93045732	0.9612484557	0.9586987303
0.9611726713	0.9707192996	0.9501393173	0.9533420932	0.9565085339	0.949808315
0.9616415612	0.9344465253	0.9576054138	0.9579791879	0.9319220758	0.9539681251
0.9509069697	0.9471244877	0.9743358899	0.9556410898	0.9516974222	0.95756063
0.969045447	0.974278523	0.9283928943	0.952447834	0.9400053504	0.9599840022
0.9824095989	0.9625795033	0.9715785873	0.9665988324	0.9476793038	0.943343488
0.9737495269	0.9531665865	0.9488824701	0.9498073523	0.9444081718	0.9526665137
0.9508442015	0.9600486652	0.9632789548	0.9559719369	0.9612043614	0.9491962866
0.9625194756	0.9295199726	0.9618801787	0.9601772616	0.9670391042	0.9549465626
0.9750364005	0.9506996061	0.937697704	0.9439592604	0.9570504014	0.9630330752
0.9484637849	0.9602408981	0.9527131444	0.9552909067	0.9509396272	0.9537676737
0.9551940218	0.9620034015	0.9596292837	0.946336628	0.9406987072	0.9553221381
0.9744522789	0.9673061641	0.9470524718	0.9449983333	0.9617411644	0.9492248037
0.9523687887	0.958196866	0.9470511572	0.9526963024	0.9396121136	0.9485560659
0.9483896044	0.9627870128	0.9453256779	0.9648247818	0.9474357909	0.958321033
0.9640347516	0.9670824604	0.9513347036	0.9566725038	0.9416441145	0.9410647726
0.9761568927	0.9638529614	0.9536573068	0.9310246493	0.9574845001	0.960830767
0.9697458167	0.9584532753	0.9259310643	0.9403673589	0.9559967242	0.942761977
0.9484919374	0.9467154828	0.9563110666	0.9614364977	0.9489592907	0.9526367375
0.9547428684	0.9661457395	0.9469686703	0.9519443498	0.9521818233	0.9547057621
0.9720528044	0.9604391698	0.9627052138	0.9421804199	0.9582303279	0.9578121047
0.942972481	0.9717550894	0.9654253685	0.9566659958	0.9674659731	0.9480957676
0.9709745707	0.9611400505	0.9416214947	0.9655350599	0.9608273192	0.9451601504
0.9617273147	0.9329935634	0.9681901152	0.9491218503	0.9541098543	0.9549345651
0.9481277267	0.9463150774	0.9731166998	0.9398688661	0.9400190183	0.9615274395
0.9589191376	0.9488771909	0.9725653796	0.9682776565	0.9467942736	0.9574810029
0.943976714	0.9755395983	0.9517489639	0.9527798996	0.945900193	0.9516340761
0.984356247	0.933575493	0.9642308644	0.94146356	0.9364711284	0.9561689415
0.9513354866	0.9163209766	0.9675461845	0.9399089995	0.9627030511	0.9480467941
0.9538659689	0.9628308443	0.9551495213	0.9358597769	0.9465390752	0.951544606
0.954438405	0.9610571194	0.9523518896	0.9428897372	0.941312906	0.9573363807
0.9786582235	0.9633456509	0.9580414496	0.9515435244	0.9553613607	0.9523379645
0.9735953256	0.9413998074	0.943836158	0.9547847486	0.964846546	0.9440649094
0.9547812549	0.9236094311	0.9460828083	0.9550565189	0.9419761492	0.9549565311
0.9624024764	0.9625315816	0.9484405122	0.9390448245	0.9518719187	0.9446111788
0.9360634512	0.9293453395	0.9613629889	0.9339127827	0.9687662229	0.9462923641
0.9516831477	0.9609300692	0.9479335735	0.9502979099	0.9563713138	0.94032272
0.9663787017	0.9697972238	0.959659065	0.9525831987	0.9550590634	0.9494674328
0.9811820233	0.9605788582	0.9506244404	0.9525913954	0.9510218856	0.9450245688
0.9198120562	0.9191218843	0.9525927215	0.9409210971	0.9495291333	0.9399191316
0.9730500398	0.9529673451	0.9507735322	0.955418839	0.9581108251	0.9445522237
0.8986669512	0.946774969	0.9690264792	0.9490447131	0.9490274741	0.9629756908
0.9563531906	0.9675875589	0.9528996716	0.9549020791	0.9562750408	0.9436500632
0.9444246796	0.9561329273	0.9433251039	0.9485640795	0.9518284512	0.9561729282
0.971639792	0.9410274392	0.9451281346	0.9501932355	0.9483774413	0.9421583657
0.9288716864	0.9653751862	0.9556162658	0.9519528945	0.9503878219	0.9532410027
0.9381212829	0.9417152357	0.9545297564	0.955130164	0.9528572712	0.9550358304
0.929580007	0.9275931787	0.9612661576	0.9586909321	0.94867331	0.956087766
0.9511604132	0.960532579	0.9455218248	0.9442928682	0.9519235041	0.9560881402
0.9321177203	0.9291412762	0.956002928	0.9546133375	0.9559401755	0.9502313199
0.9719474769	0.9486050951	0.9495141134	0.948640742	0.9571683432	0.9554168172
0.9737375197	0.9515260936	0.9596385265	0.9551417471	0.95696581	0.9382905507
0.9560199329	0.9587685522	0.9570554284	0.9541325221	0.9620991053	0.9488940316
0.9722642596	0.9625929439	0.9435311745	0.944709864	0.9649262553	0.9408889741
0.9708705637	0.9325126604	0.9594007915	0.9359604863	0.9428661099	0.9636032443
0.9246541313	0.9651690096	0.9602806249	0.9524873403	0.9488102854	0.954508193
0.9609923989	0.9704390406	0.9495222885	0.9642661879	0.9550134611	0.9477739806
0.9488452087	0.9611750373	0.9638755706	0.9560150363	0.9453354953	0.9547891349
0.960679729	0.9653661915	0.9660293986	0.943838592	0.9613567678	0.9476983393
0.9683472134	0.9678755737	0.9583293586	0.9569005348	0.9425464545	0.9498203252
0.9390630439	0.9390057647	0.9391532672	0.9661883018	0.9610260581	0.9600284574
0.9444702833	0.9549690631	0.9464787775	0.9701532942	0.9539244663	0.9469397291
0.9603471603	0.9564002833	0.9668802163	0.9414091713	0.940007017	0.954199176
0.9752150274	0.9488016016	0.94960434	0.9581220932	0.9566970331	0.9473236824
0.9427551877	0.9657421289	0.9526542757	0.9451683659	0.9371700164	0.9361733032
0.9270506767	0.9661851361	0.9382798982	0.9432738952	0.958117984	0.9487919258
0.9575195842	0.9643354722	0.9418156975	0.9545350463	0.9561433004	0.9508147271
0.9630598243	0.9522158437	0.9535325352	0.9376021631	0.959461027	0.9497028268
0.9752680987	0.9470292955	0.9445809546	0.9410006187	0.9502766997	0.9465390735
0.9351569367	0.9264461186	0.955027118	0.9691328757	0.9545849795	0.9482047468
0.9624610891	0.936990615	0.9700671816	0.9323416304	0.9475904026	0.9522082832
0.9556387474	0.958097265	0.9338975757	0.9449596505	0.9601839281	0.9406107483
0.979981152	0.9468987608	0.9595039632	0.9481837522	0.9627861909	0.9549491155
0.9440535742	0.9557444503	0.9432490062	0.9441458924	0.9329331011	0.9500050591
0.9775356817	0.946431459	0.9570124372	0.9651188761	0.9385464542	0.9485283572
0.9586360798	0.967622503	0.9621937028	0.9446559871	0.9445208894	0.9508703843
0.9432201377	0.9768095941	0.9541634398	0.9416985959	0.9612521366	0.9492637617
0.9659442558	0.9655718456	0.9486020171	0.9385751661	0.973285862	0.9529505161
0.9252996964	0.9406927948	0.9548092271	0.9480064118	0.9453804705	0.9540009306
0.9709674069	0.9549245541	0.9519037694	0.962954398	0.963988715	0.9595555313
0.9898759336	0.9699514445	0.9405009205	0.9578210166	0.9618543714	0.9504758988
0.9351856939	0.9506956387	0.9549929994	0.925468687	0.9439781353	0.9492176983
0.950752052	0.9200231717	0.9571304338	0.9558891227	0.9617250765	0.9508309481
0.9586184031	0.9333341235	0.9415839326	0.9537072641	0.9551621896	0.9416488782
0.9349359103	0.9485324023	0.9605590486	0.9674406795	0.9554747572	0.955093792
0.980002801	0.9691621106	0.9368403336	0.9452218411	0.9556364282	0.9549411933
0.9385290503	0.950769328	0.9574253962	0.954162515	0.9462781465	0.9464552581
0.9774805834	0.9714882728	0.9679052335	0.9574754314	0.9567326017	0.9532084012
0.925217312	0.9618658954	0.9573342967	0.9533768622	0.9578285106	0.9462319813
0.9513407185	0.9614686209	0.9487772171	0.958319955	0.9391100314	0.9626005762
0.9809179829	0.9402938194	0.9651733456	0.9455391759	0.9399649067	0.9506533602
0.9739088915	0.9451273754	0.9374409534	0.9598924278	0.9456208023	0.955216711
0.9606086987	0.9471245743	0.9448613523	0.9638352557	0.9519422151	0.9482195479
0.968028305	0.9633832457	0.9523882368	0.9550776248	0.9590079013	0.9450777911
0.9549680198	0.9713041371	0.9505194579	0.9615484027	0.9351135752	0.960344045
0.9420798772	0.9494119078	0.9502210424	0.9572979367	0.9535321562	0.9544676858
0.9621133974	0.9400168143	0.9602905504	0.9500433765	0.9610500512	0.9475732166
0.9614776205	0.9594337903	0.9518130554	0.951872172	0.9297987751	0.9518812079
0.9521348865	0.9608376922	0.969443137	0.9474143398	0.9469975334	0.939153345
0.9409066919	0.9551042093	0.9647877183	0.950117534	0.9358206227	0.9605443589
0.9674807273	0.941365643	0.9579045699	0.9564215457	0.9541081771	0.953752301
0.9540342625	0.9590337431	0.9531641622	0.9640658466	0.9588227555	0.9558348952
0.9300574547	0.9482226712	0.9355386673	0.9397877641	0.9577212119	0.9501133817
0.9278160175	0.948260306	0.9644510606	0.9626976148	0.9671263794	0.9612071114
0.947823433	0.9597079731	0.9476608805	0.9601955607	0.9491147306	0.9394431215
0.9524985067	0.9410293772	0.9211910865	0.9439246339	0.9630055504	0.9434036954
0.9674925938	0.9755307508	0.9583137861	0.9452643894	0.9482137737	0.9524757138
0.9282926898	0.963687869	0.9411728014	0.9609527963	0.9480210073	0.9543437296
0.9508642374	0.9529138145	0.9612259375	0.9388738972	0.9526540647	0.9473117735
0.9160047405	0.9630615364	0.9705104483	0.9596819928	0.950780039	0.9531380173
0.9703915446	0.9703944939	0.942593548	0.9574644887	0.9622948116	0.9564871128
0.9734426567	0.9622340613	0.9648245286	0.9620740262	0.9385333647	0.9492454251
0.9807940145	0.9608174615	0.9738689119	0.9514941991	0.9460832341	0.9415477787
0.9505521924	0.930285759	0.9595222781	0.9376848596	0.9550700629	0.9405520639
0.941915634	0.9775507508	0.9628940188	0.9614216336	0.9512240415	0.9515795935
0.9575148675	0.975542048	0.971353617	0.9545980138	0.9625041446	0.9568223363
0.9768523403	0.9641792872	0.9454109438	0.9476622469	0.9390192937	0.9548609939
0.9304141509	0.9729867784	0.9544499441	0.9614970313	0.951223408	0.9498235165
0.906417391	0.9256550246	0.9291681288	0.9312414825	0.9604776777	0.9463321763
0.9726350214	0.9607230805	0.9425294609	0.9513326208	0.9542240771	0.9436820092
0.9451041366	0.9577427667	0.9579364632	0.9595402333	0.9440670777	0.9602930054
0.9652283697	0.9545044519	0.960616776	0.9580339519	0.9604029046	0.948102732
0.9507191429	0.9438595215	0.9630748164	0.9322798555	0.9525596993	0.9456602933
0.9615375753	0.933821325	0.9595430118	0.9558942334	0.9439060315	0.9600704895
0.9446742263	0.9521162897	0.9529252876	0.9575392777	0.9410785941	0.9410738404
0.9298137358	0.9540705769	0.9632446351	0.9577300496	0.9640762166	0.9469065078
0.9365232216	0.9606412183	0.9435557667	0.9399665163	0.9506475344	0.9436853439
0.9149788606	0.9619955101	0.9633493677	0.9417564806	0.9513547855	0.9593096016
0.8845285688	0.9618657043	0.9456957543	0.9549206207	0.9531281946	0.9534730584
0.9536526881	0.9452075112	0.9388834984	0.9613040208	0.9424050213	0.9533830145
0.9256881415	0.956868677	0.9505151514	0.9576028151	0.9607241345	0.9450577235
0.9807937728	0.9496804332	0.9583933332	0.9567236553	0.9557991158	0.951339583
0.951182032	0.9699092985	0.9587071979	0.9357311307	0.9671114042	0.9490347237
0.9356333244	0.9567528549	0.9603568795	0.9619638366	0.9621704798	0.9596313348
0.9507730633	0.9643198642	0.9469811015	0.9547407907	0.9642280295	0.946492267
0.9452962074	0.9494544309	0.9608217406	0.9580676311	0.9529127908	0.9467172805
0.9617678491	0.9633388096	0.9453913743	0.9394065356	0.9635794528	0.938554221
0.9450865408	0.952178229	0.9528930207	0.9336435737	0.9516748814	0.9597763993
0.9109298385	0.9725034303	0.9306584062	0.9531131836	0.9457557462	0.9525585037
0.9722476952	0.9754616611	0.9601699334	0.9346999199	0.9337853157	0.9366053639
0.9537774619	0.9637352471	0.9403975413	0.9410516829	0.9617958967	0.9526383202
0.945090637	0.9455796774	0.9670674467	0.9557197064	0.9615177689	0.9387112252
0.9399235955	0.9661889499	0.9599497973	0.9481042073	0.9494049175	0.9512917364
0.8754564046	0.9808438469	0.9601141156	0.9632460586	0.945594729	0.9607856538
0.9536717466	0.8844527628	0.9509207395	0.9539359281	0.9516799273	0.9407922144
0.9601235038	0.974846583	0.9452378936	0.9552032678	0.9593420813	0.9355941199
0.9653430251	0.9631359299	0.9473208904	0.9424798866	0.9567079305	0.9436024648
0.9727087316	0.9516877971	0.9656716417	0.9490365212	0.961865584	0.9510496081
0.9656962767	0.9570964138	0.9538852439	0.945311777	0.9471706079	0.9475061167
0.9503336496	0.9546404787	0.9536123652	0.9576156865	0.9609684631	0.9561126418
0.9515712095	0.969869694	0.9599248899	0.9555768983	0.9604728095	0.951481719
0.9573765436	0.9714514146	0.9642407284	0.9488754309	0.9519191051	0.9506637644
0.9437395587	0.9304888074	0.9509005018	0.9641528157	0.9605513562	0.945370064
0.9071608118	0.9458167332	0.957362134	0.9509553584	0.9649572962	0.9538682988
0.9609681305	0.9546533133	0.9628394911	0.9481782153	0.9381283151	0.9409195611
0.9714794435	0.9661076872	0.9435978794	0.9529137086	0.9359351048	0.9614882499
0.979027504	0.9309988995	0.9667610076	0.9648931363	0.9360030302	0.9543016
0.8918225527	0.9564231416	0.9463861637	0.9440952244	0.9681881148	0.9517168765
0.9776504995	0.971378557	0.9559092737	0.9510049436	0.9542883895	0.956921669
0.9721118067	0.9527240752	0.9029957703	0.9463819633	0.9524046991	0.9554986426
0.9737205056	0.9391914046	0.9511940666	0.9533091123	0.9620537838	0.9478711105
0.9295190952	0.9229304435	0.9600701129	0.9477805317	0.9379429755	0.96469444
0.9590371771	0.9552790454	0.9551137875	0.944104084	0.9566230309	0.9517371689
0.9478522338	0.954345988	0.9514095585	0.96110695	0.9555713594	0.9482693989
0.9309750751	0.9416582099	0.920280833	0.9644576954	0.9545566622	0.9597566083
0.9663252953	0.9598642646	0.9479065683	0.929093099	0.9379790646	0.9496802304
0.8620946448	0.9536174357	0.9593458461	0.9502678713	0.9453014959	0.955419791
0.9623479694	0.9573741584	0.9440206861	0.9531237521	0.9428536045	0.9473965073
0.9033904616	0.9422265151	0.9382608454	0.9596234569	0.9614295903	0.9570277421
0.9708318587	0.9563842478	0.9607598813	0.9582512571	0.9566518841	0.9441366977
0.9571894127	0.926204391	0.9712060862	0.9268222332	0.9387831227	0.9540894687
0.9524285441	0.9288915263	0.9440812879	0.9536137603	0.9449287032	0.9443203965
0.96314435	0.9577966714	0.9600229591	0.9597299403	0.930909218	0.9588349781
0.9527950878	0.9571799897	0.9453278382	0.9551917815	0.9571589742	0.9644865816
0.8978693374	0.9578432533	0.9631756236	0.946922818	0.9472712285	0.9685626647
0.9393682545	0.9404336518	0.9236289861	0.9240978423	0.9497645254	0.9543782796
0.9724449465	0.9707419653	0.9522647083	0.946054355	0.9631215646	0.9503527916
0.9686977155	0.9725532111	0.9529170152	0.9546374991	0.9401314745	0.9593216412
0.9417251697	0.9555390946	0.9616921432	0.9484589955	0.9440815428	0.9490731655
0.9540567299	0.962062182	0.9588922202	0.9529495786	0.9482060084	0.9587846703
0.9477990384	0.9634618555	0.9386669608	0.9460766976	0.957272285	0.9419691088
0.9791979102	0.9445438523	0.9603475125	0.9596458853	0.9614023165	0.9500332945
0.9404972615	0.9415358391	0.9565683262	0.9561801793	0.9436738561	0.9388301251
0.9708196363	0.9681139973	0.9536677657	0.9315568857	0.950142768	0.9521052126
0.9424597309	0.9610892182	0.959429004	0.9610155629	0.9464363639	0.9571917003
0.9692033273	0.9408861908	0.9535219523	0.9638702332	0.9428634569	0.945655853
0.9733200197	0.9664271576	0.9483301837	0.9549499588	0.9465920216	0.9499190128
0.912995083	0.9513478851	0.9711094226	0.951137781	0.9340110274	0.9644578572
0.9659030294	0.9598449423	0.9552373647	0.9555861384	0.9511857155	0.9526194256
0.9047725902	0.9619067411	0.959008925	0.9706491055	0.9519497126	0.9436496081
0.9387938018	0.959497399	0.9496389503	0.9448673765	0.9522385777	0.947819412
0.9600255988	0.9510798895	0.962470188	0.9330698098	0.9621741317	0.9508560719
0.9326146	0.9590861469	0.9513926205	0.9571592943	0.9591829024	0.9475708659
0.9693225871	0.9687144542	0.9306875162	0.9404641413	0.9606258827	0.9563842528
0.9672158486	0.9355987066	0.965900066	0.9508084066	0.957687244	0.9585933072
0.9384897202	0.9393259258	0.9618497686	0.9634579932	0.9533302948	0.9557069825
0.9716461632	0.9660159698	0.9521654894	0.9422053881	0.9520280141	0.946328526
0.9384496763	0.900263775	0.9581336988	0.9635502955	0.9297194533	0.9600092727
0.9402361953	0.9487092381	0.9563808335	0.9463357431	0.9536624709	0.9481245809
0.9694281608	0.944924955	0.949609635	0.9543795132	0.9594753252	0.9447761258
0.947679628	0.9368866132	0.9591037988	0.9702586337	0.9562925737	0.9561236532
0.9675474887	0.9690476601	0.9467728414	0.9501682878	0.9533354452	0.9540643617
0.9548579005	0.9511394372	0.9720990462	0.9574741709	0.9615996737	0.9530013722
0.9132929184	0.949574719	0.9190915114	0.9565897189	0.9538057828	0.9484849144
0.9553231956	0.9625966926	0.9537145577	0.9502498322	0.9589368446	0.9485039278
0.9326344728	0.9398209704	0.9584088591	0.9554384628	0.9596770946	0.9463485275
0.9787566179	0.962032044	0.961836088	0.9457599455	0.9415867741	0.9523359399
0.9269812882	0.9169713586	0.9563736422	0.9445989553	0.9497997733	0.9533725239
0.9249832439	0.9395230035	0.9441455584	0.9498972134	0.9434774349	0.9513847789
0.9167261748	0.9513627717	0.9471545608	0.9547058345	0.9512053806	0.9525859048
0.976323715	0.9596447642	0.9389964155	0.9433676013	0.9550444884	0.9527329805
0.949762761	0.969904686	0.9634612346	0.956304598	0.9605992425	0.9534822576
0.982899212	0.9518343345	0.959329266	0.9534794051	0.9563934443	0.9587134392
0.9709419773	0.944688998	0.9582007741	0.9488207801	0.9520592292	0.9576222122
0.9080504367	0.9657273821	0.9522506644	0.9568180381	0.9557101743	0.9452614316
0.9659086598	0.9370666731	0.9552597969	0.9436876917	0.9418992023	0.949791517
0.9853478721	0.9701541651	0.9612973256	0.9764969583	0.9461050367	0.9404741562
0.946971229	0.960935752	0.9455536937	0.9254236953	0.9481062288	0.9624757098
0.9695894274	0.916211621	0.9422003869	0.9398876751	0.9518481532	0.9557336226
0.9702499895	0.9279808918	0.9495569332	0.9554308783	0.9303970026	0.9522529662
0.9599829674	0.9651237426	0.9497148055	0.9670490391	0.9612693995	0.9435420961
0.9709791639	0.956200112	0.9439213047	0.9523582344	0.9478841061	0.9514788598
0.9413907144	0.9647552501	0.9642158302	0.9585542784	0.959287258	0.9568370452
0.9736163434	0.9469079548	0.937671429	0.9587972707	0.9451017764	0.9391261919
0.9738318128	0.9623591694	0.9651086667	0.9539066284	0.9665758143	0.9531336436
0.948501345	0.9504100142	0.9539908349	0.9492035033	0.9626685823	0.9426688143
0.9296024778	0.9663802025	0.9472601505	0.9418376659	0.9654318115	0.9589470373
0.9622869336	0.966452916	0.9584500287	0.9380809847	0.9514299477	0.9452230497
0.9595193794	0.9568804561	0.9483815854	0.9521186614	0.9589477187	0.945364326
0.9293297777	0.967504332	0.9377488188	0.9341780949	0.9419821704	0.9625529247
0.9673020886	0.9280486253	0.9582027926	0.9561853397	0.9410657746	0.9496636314
0.9703728865	0.952006377	0.9519205573	0.9644827957	0.9548331849	0.9478764265
0.898428579	0.9365991236	0.9578503456	0.9464625807	0.9489469945	0.9543240683
0.9733184701	0.9513223813	0.9501653236	0.9555309918	0.9464145007	0.9485263351
0.9506820049	0.9538376869	0.9398341747	0.9582382123	0.9483087529	0.9523063995
0.96484585	0.9707728391	0.927906174	0.9471656882	0.9629999223	0.9465405265
0.9661121497	0.9598270789	0.9525909156	0.9463070115	0.9416635209	0.9450769241
0.9522503478	0.9524031496	0.9404552059	0.959360775	0.9448329461	0.9518864958
0.9755210385	0.9579716476	0.947237803	0.9620115544	0.9523662066	0.9470977003
0.9706970727	0.9661205778	0.9471324843	0.9418886258	0.954279281	0.9564276534
0.9531705369	0.9375945438	0.9367687988	0.9531430592	0.9526819256	0.9477743012
0.9592859341	0.9557082813	0.9569439124	0.967739727	0.9521768861	0.9497091469
0.9590429682	0.9644015456	0.9627436949	0.9624321792	0.9517988738	0.9451444752
0.9699057409	0.9480640165	0.9615922234	0.9554327148	0.9640745164	0.950646997
0.9337565161	0.9535751512	0.9451014176	0.9588977161	0.9484174307	0.9455974527
0.9424643548	0.9393676349	0.9598236111	0.9581775542	0.9501881316	0.9462919489
0.9102995088	0.950142547	0.9575287025	0.9523727743	0.9493777242	0.9499514183
0.9334834178	0.9606511978	0.9499121011	0.9581317982	0.9419519718	0.9516489965
0.9700465318	0.9508768176	0.9575581374	0.9520577093	0.9614116123	0.9438076583
0.9592096934	0.9438426051	0.9511935984	0.9425388987	0.9597063479	0.9616592855
0.9696036261	0.9592053512	0.93737781	0.9397638821	0.9697835476	0.9593899558
0.95394554	0.9476106745	0.9554491487	0.9556056447	0.9349377075	0.9540430749
0.9782777701	0.9674846886	0.9461164953	0.9499646301	0.9588161476	0.9538149666
0.9533616286	0.9555041404	0.9424052973	0.9376995752	0.9516620348	0.9431933289
0.9220227536	0.9542610098	0.9673151533	0.9515009101	0.9538086751	0.9408540647
0.9435048357	0.9319146658	0.9459723104	0.9475913259	0.9602090063	0.933616377
0.9842137959	0.9581590343	0.9466540041	0.9551619852	0.946750463	0.9427070647
0.9118133891	0.9556046492	0.9703201456	0.9460515052	0.9544301794	0.9558252299
0.9626660401	0.9649260484	0.9668204373	0.9677105667	0.9553786751	0.9495144671
0.9751577339	0.9635897431	0.943700928	0.9501712942	0.9479649153	0.9560797956
0.929291559	0.9503633576	0.9215474609	0.9529915226	0.9469468455	0.9545712029
0.9679825433	0.9477293521	0.951028223	0.9427061483	0.962380603	0.9503267831
0.9514260194	0.9610325174	0.9527384062	0.9444196516	0.9403021715	0.9478535103
0.9813988356	0.9672239155	0.9565292684	0.947801108	0.9495036228	0.9579343995
0.9686038505	0.952508759	0.9691967493	0.9612574614	0.9538720051	0.951746059
0.9652280584	0.9403600205	0.9386579564	0.9566047505	0.9508651235	0.95146312
0.9583585417	0.9407656398	0.9696089626	0.9533614407	0.9531136004	0.954035329
0.9877881008	0.9389056621	0.9451104376	0.9436126843	0.9346471682	0.9559747027
0.9685701891	0.9659405847	0.9188964864	0.9349419427	0.9702164681	0.95138073
0.9619911872	0.9570652788	0.9501106818	0.9582285308	0.954313582	0.9534930535
0.9714971584	0.9718462926	0.95878971	0.9541676712	0.9499819177	0.9540817463
0.9703640147	0.9695803236	0.941754526	0.955052556	0.9544784293	0.9551269504
0.9702572991	0.9655819313	0.9551686175	0.9505438843	0.9569561814	0.9479437283
0.9706068756	0.9454549616	0.9537985325	0.9600954835	0.9479747653	0.9523491505
0.9732478831	0.9327592055	0.9617164086	0.9620651994	0.962017568	0.9583560496
0.9567210442	0.9668507795	0.9537019287	0.956657623	0.9539696094	0.944406476
0.9187590662	0.967040129	0.964258596	0.953939216	0.9467271761	0.9568874451
0.9631004288	0.9536953166	0.9386072626	0.9536373138	0.9540073853	0.9535624127
0.9737381875	0.9649341039	0.9602489685	0.9579871627	0.9577450969	0.9504190495
0.8975972355	0.9724861855	0.9560121899	0.9514907093	0.9516145787	0.9541354328
0.9390032285	0.9666179406	0.9269230264	0.9453224958	0.949574836	0.9505635817
0.9602207364	0.9524215145	0.955599802	0.9481157044	0.9539907433	0.9528418183
0.9489798194	0.9660231833	0.9556787322	0.9507297402	0.9500077829	0.9521537875
0.9736759584	0.9514387431	0.9617915839	0.9429950285	0.9576331916	0.949844462
0.940414013	0.9363160391	0.9647980582	0.9556967687	0.954152505	0.9511587531
0.9621783551	0.9569793293	0.9357142277	0.9489440102	0.9466841771	0.950640071
0.9890872976	0.9529915496	0.9561382265	0.963131348	0.9405234549	0.9542804411
0.9597152157	0.9557705925	0.9443074667	0.9403463864	0.9552139812	0.9560780087
0.9435300147	0.9207332669	0.9618595804	0.9444858157	0.9558347503	0.9484497228
0.9232119031	0.9469823916	0.967615984	0.9652361351	0.9598753193	0.9505502663
0.9509957637	0.9379345688	0.9559167241	0.9483851075	0.9510160578	0.9447229479
0.9610475319	0.9282656351	0.9465693939	0.946129162	0.9532692963	0.9611000043
0.9644107306	0.9712782134	0.9515988432	0.9506472851	0.9474564915	0.9488782476
0.9826950543	0.9572071928	0.9482338765	0.9421913691	0.9556207236	0.9436377311
0.9495147618	0.9700406782	0.9516217679	0.9547157755	0.9449930865	0.9414845539
0.9440388725	0.9660455961	0.9698659527	0.9503473469	0.9515795392	0.9505247854
0.9510053168	0.9559965423	0.9456588994	0.9359693588	0.9640156825	0.945554305
0.9522984839	0.9505940097	0.939124224	0.9511760705	0.9570661104	0.9585774729
0.9621598712	0.9569242489	0.9380338357	0.9603116974	0.9494338532	0.9537127334
0.9793526496	0.9675060739	0.9237538517	0.9488925487	0.9552414318	0.956411996
0.9410336572	0.9545705342	0.9534757105	0.936849147	0.9552208193	0.9488693052
0.9696265827	0.9210178338	0.9569854823	0.9426122	0.9431130804	0.9554889594
0.9627605093	0.9596312422	0.9573220615	0.9446388313	0.956414577	0.9479387067
0.9075665913	0.9594210971	0.953024694	0.9451799593	0.9511540588	0.952016496
0.9484143068	0.9290149197	0.9640984697	0.9569907783	0.9572555789	0.9461010263
0.9556409258	0.9518527104	0.956525242	0.9549869106	0.9559012622	0.9592895255
0.9404906085	0.9604876975	0.94766432	0.9558821756	0.9446691636	0.9525641784
0.9388786134	0.9697421021	0.9545046496	0.9562899558	0.9597734402	0.9406535166
0.8934267335	0.9455986406	0.9616620004	0.9626800263	0.943444301	0.9517080327
0.9439075022	0.9478430124	0.9425639714	0.9413889021	0.949364478	0.9519614646
0.9772271295	0.9416508812	0.9536622023	0.9580835915	0.9381748843	0.9570735406
0.9546989042	0.9733855381	0.9539907062	0.954047262	0.9500177758	0.9487601343
0.9320455029	0.9642880638	0.9703350638	0.9495329044	0.9537964009	0.950980885
0.9620903577	0.971586102	0.9515417325	0.9544560773	0.9457385772	0.9542980149
0.9714293841	0.9460090858	0.9616759393	0.9659412727	0.9482816632	0.9544321362
0.928897302	0.9797980939	0.9603807219	0.9614030112	0.9584697903	0.9334938224
0.9686091524	0.9416168344	0.9598514288	0.94687946	0.9500951631	0.9538873645
0.9726025198	0.9471165477	0.9516495793	0.9621746826	0.9558444829	0.9428662112
0.9401254972	0.9178992368	0.9634213887	0.9747019299	0.9598609526	0.9489373422
0.9441889441	0.9679805464	0.9543982332	0.9389867768	0.9431340213	0.9428292488
0.9779441995	0.9477602685	0.9486639448	0.9412876668	0.9562118581	0.9537625169
0.9626504715	0.9333284235	0.9551035085	0.9606653443	0.9408927217	0.9521587293
0.9593381035	0.9502814709	0.9580918543	0.9485262744	0.9604786994	0.9478507103
0.9209444704	0.9487742776	0.9436438317	0.9612841939	0.9550874268	0.9544686843
0.9678772039	0.9485832905	0.9436155888	0.9592922529	0.9598500452	0.9486790616
0.9769269171	0.9399258408	0.9428396649	0.9401981352	0.9609883451	0.94890995
0.9497443169	0.936588257	0.9202037099	0.946248176	0.9508486396	0.946112772
0.9587077256	0.9723483743	0.9555732888	0.9580973606	0.9450676341	0.9533830679
0.962268406	0.9134838003	0.9563566612	0.9490752391	0.9565334866	0.9513656002
0.9631186859	0.9452477604	0.9502036564	0.9537576191	0.9704884964	0.953932077
0.9574994534	0.9531843596	0.9592513819	0.9419184938	0.944295789	0.947240463
0.959055976	0.955180468	0.9699651155	0.9563397057	0.9516576077	0.944391586
0.9816025919	0.9526619459	0.9639542074	0.9453170786	0.9515612055	0.9369040308
0.9331872943	0.95697491	0.9590280163	0.9539163908	0.9544987358	0.9519980237
0.9441520087	0.9414477625	0.9400168897	0.9512603063	0.9607278155	0.9544520934
0.9670585662	0.9476762825	0.9372497022	0.9516238076	0.9445701329	0.9511662911
0.9459216785	0.9311007762	0.9615367068	0.9734579221	0.9614844128	0.9527497307
0.9585840005	0.9242096104	0.9438466155	0.9460153619	0.9473746974	0.9515497116
0.9524827485	0.9317723414	0.9461551468	0.9619328384	0.9512759476	0.9542043407
0.9590303775	0.9576561935	0.9530397516	0.9588796191	0.9446605417	0.9449098862
0.9578866099	0.9715587288	0.9281586166	0.9477371153	0.9573301045	0.9547584792
0.9652906764	0.9535453581	0.9424308022	0.9421150438	0.9490146001	0.9537511547
0.9470149408	0.9551235801	0.961279758	0.9544276245	0.9542475205	0.9580551172
0.9633299529	0.9460953798	0.9424846397	0.9508470424	0.9455209045	0.9564191241
0.9108413355	0.9400741913	0.9564914715	0.9739577038	0.9527247533	0.9444620714
0.9708139226	0.9636943445	0.9452251489	0.9418517709	0.9566611277	0.9551425397
0.9304504943	0.9357228588	0.9525741383	0.951657806	0.9449801693	0.9408163516
0.9128497443	0.9539897462	0.9380480425	0.9549989608	0.9511266501	0.9507494346
0.9730948735	0.9579100533	0.9589843068	0.9568771389	0.9553421427	0.9550462695
0.9462973618	0.9435758617	0.9515089118	0.9436140275	0.9432322196	0.9454528752
0.962317187	0.9522278042	0.9672674796	0.9506042502	0.9392942849	0.9557496676
0.9409110804	0.9506816182	0.9513997501	0.958350355	0.931094146	0.960504807
0.9650153249	0.9779224136	0.9693381192	0.9431728849	0.9641850801	0.945203788
0.9713381854	0.9536008396	0.9249063486	0.9607317411	0.9477251036	0.9477121446
0.9577401466	0.9713272204	0.9516341372	0.9568274566	0.9448248002	0.9417462554
0.9141001306	0.9328458522	0.94568815	0.9580791408	0.9484558417	0.9449352866
0.9711059088	0.9467895046	0.9493528046	0.9516437671	0.9567802281	0.9573740902
0.958565794	0.9537595169	0.9473069338	0.9431362184	0.9584180373	0.9581690706
0.8899708845	0.9318533749	0.9435560071	0.9521400139	0.9517588418	0.9394280413
0.9134877415	0.9511948006	0.948891977	0.969908567	0.9471387622	0.9570860261
0.9161746574	0.9331337664	0.9629436609	0.9756548839	0.9594672101	0.9441838055
0.9108162135	0.9495186044	0.9256045238	0.9528808548	0.949519761	0.9541960284
0.9555796478	0.9609115822	0.9374941047	0.9567963778	0.9592758204	0.9532590509
0.9604174099	0.9631942962	0.9449235469	0.9574833294	0.9600103377	0.9595010263
0.959828991	0.9671877907	0.953593046	0.9544400736	0.9468638019	0.9551788594
0.977047582	0.9674243001	0.9459014733	0.9404014682	0.9475987584	0.9549581771
0.9523976068	0.9568165238	0.9432646695	0.953573608	0.9450612648	0.9592623434
0.9332253557	0.9423948085	0.9621551312	0.9530812855	0.9407377406	0.9534943309
0.9469149048	0.9449457408	0.9684973734	0.9470085042	0.9461535524	0.9477935064
0.9761179556	0.9525629867	0.9434632343	0.9501921152	0.9314437342	0.9432818527
0.9029044965	0.9537866772	0.9158979039	0.9537706124	0.9452962619	0.9513653279
0.9501177345	0.9563921169	0.9401566587	0.9624506025	0.9652389754	0.9570083344
0.9639229643	0.946123757	0.9481353262	0.9462585131	0.9446421517	0.9428483747
0.9390793352	0.9549205104	0.9517211112	0.9377083941	0.9453143617	0.9531455643
0.921819515	0.9437918668	0.939158705	0.9532578667	0.9508543122	0.9591554587
0.9811376091	0.9611481795	0.9522908869	0.9429041969	0.9567173934	0.962509842
0.9497431743	0.9584593344	0.9672784752	0.956350388	0.9590144055	0.9429776017
0.9708883502	0.9593558782	0.9513568557	0.9629680746	0.9599939554	0.9422282723
0.9731780576	0.9376648807	0.9557435551	0.9569833471	0.9520565963	0.9442265369
0.9326314808	0.9755183973	0.9523671784	0.9611879079	0.9478085917	0.9507213914
0.9588185845	0.9415672695	0.9329841019	0.9510424571	0.94875746	0.9412574753
0.9335726956	0.9533234942	0.9466640467	0.9530355057	0.9584479161	0.9513573028
0.9851470415	0.9612102917	0.9196089477	0.9351773605	0.9571243926	0.9547206677
0.9469352217	0.9634525868	0.9414594252	0.9621541004	0.9506073906	0.9600929671
0.9773854773	0.9625026527	0.949077225	0.9599043906	0.9625973314	0.9542066265
0.9599225162	0.9705318432	0.955366894	0.9482094155	0.9287137726	0.9462921941
0.9691433585	0.966981825	0.9547827049	0.9584142044	0.9438295999	0.9370907137
0.9613091724	0.9245766664	0.9319688137	0.9495844849	0.9543883969	0.9540656774
0.9530391743	0.9367321367	0.9379162723	0.961104972	0.9411367661	0.9420655979
0.9679436196	0.9582172615	0.9574615415	0.9540066256	0.9487478874	0.9490640067
0.9424094058	0.9624439815	0.9509115526	0.9526766079	0.9541037349	0.9496490343
0.9499010606	0.9591441487	0.964128753	0.9479789637	0.9446901995	0.9492615061
0.9290273812	0.9430414273	0.957392501	0.945838624	0.9500433324	0.9584395513
0.9614563099	0.944539048	0.947194159	0.9593124662	0.9336347089	0.9471764282
0.9681446817	0.9582175468	0.9378814518	0.9442710505	0.9528186282	0.9403426029
0.8911430209	0.9250954853	0.9643018938	0.9588734677	0.9546815033	0.9526978984
0.917819964	0.9566624051	0.9499219694	0.9508447366	0.9679658509	0.9585180594
0.9470710429	0.9383933701	0.9478498687	0.9502987397	0.9489921556	0.9472047816
0.9646835567	0.9593085238	0.9464707032	0.9437776644	0.9504813468	0.9505256533
0.9620280321	0.8957151648	0.959926781	0.9478024444	0.9616214998	0.9501035404
0.9724031367	0.9234417168	0.9734140882	0.9611056446	0.9562552081	0.9511104998
0.9384890699	0.9349186409	0.9515980725	0.9554091223	0.9600901361	0.9443162345
0.9593931889	0.9666510356	0.9493082841	0.9425872044	0.9550333289	0.956847288
0.9703234236	0.9486167775	0.9565839617	0.9391222604	0.9668987445	0.9501778181
0.9446062805	0.9317063888	0.9566126876	0.9539761428	0.9515512212	0.9519203069
0.9798644292	0.9018144658	0.949139534	0.9529032861	0.9373392707	0.9433527816
0.9280538202	0.9497594627	0.9471966141	0.9578338583	0.9555787117	0.959383292
0.9700758075	0.9615530294	0.9579109231	0.9437506469	0.9487706042	0.9497677546
0.9786890348	0.92853574	0.9614909488	0.9429890687	0.950989892	0.9417995058
0.9399256722	0.9666111431	0.9525210761	0.9527566987	0.9398713761	0.9576273678
0.9655600592	0.9586422896	0.9571716476	0.9569564165	0.9563163412	0.9506818928
0.9438247885	0.9561206453	0.9580013749	0.9697089716	0.9483869003	0.9527141931
0.950544982	0.9629821787	0.9446895414	0.9574115589	0.968869339	0.9489865638
0.9814423167	0.9573512873	0.9546503181	0.939002241	0.9526319847	0.9553663548
0.9527525664	0.9626212328	0.9543150876	0.9566764029	0.9573960683	0.9562150582
0.9671762619	0.9705999579	0.9682844342	0.9580531422	0.9648565677	0.9483695216
0.9590546972	0.9827143326	0.9692799194	0.9549640937	0.9409378868	0.9509354353
0.9832131134	0.9638024351	0.9649477287	0.9602885265	0.9355644423	0.9554582466
0.9384325482	0.9478590028	0.9220773781	0.9516634896	0.9444220699	0.945361835
0.9427625401	0.9361788168	0.9485021473	0.9389712496	0.9385461313	0.9516439186
0.9546319397	0.9545039689	0.9592673749	0.9633851932	0.94891196	0.9568151363
0.9219638818	0.9648594262	0.9425618699	0.9592879671	0.9357440901	0.9552965401
0.9500982974	0.9276827495	0.9386793984	0.962393802	0.9500186403	0.9377550406
0.9493969162	0.9407803566	0.9626473386	0.9595641359	0.9493459399	0.9541577018
0.9452474545	0.9554122062	0.9628767351	0.9553583691	0.9552178112	0.9545156235
0.9478105094	0.9472890954	0.97140026	0.9663747152	0.9656657045	0.9607395235
0.9427009477	0.9647117953	0.9603834048	0.9643359158	0.9608038534	0.9455813664
0.9098748159	0.9443603701	0.962476199	0.9667638796	0.9459211381	0.9478222959
0.9544330947	0.9500922015	0.9670786165	0.9413008636	0.9373123877	0.9516929169
0.9103017176	0.9491992397	0.9410651416	0.9590199831	0.9563266914	0.9424176669
0.9248417794	0.9465222714	0.9466148088	0.9470594642	0.9388911414	0.9551007453
0.9632177691	0.969004949	0.9506244336	0.9589145724	0.9448888107	0.9573751293
0.931986833	0.9434797732	0.9540953939	0.96233967	0.9551979453	0.9497277623
0.9438320874	0.9232910147	0.9577858357	0.9546341367	0.9434409818	0.951897748
0.9636626723	0.9592563342	0.9547504876	0.9532516602	0.9603905889	0.9582367373
0.977004515	0.965910142	0.9496811542	0.9381243577	0.9412033706	0.9581111094
0.962402562	0.9642606677	0.9669645952	0.953614639	0.9533808522	0.9624492538
0.9462172689	0.962210763	0.9391364483	0.9430496337	0.9274269188	0.9487176869
0.9693751937	0.9456582552	0.9710759962	0.9544412161	0.9588291354	0.9575079654
0.9334749258	0.9599764488	0.9558273007	0.9513136222	0.9384484914	0.9523537883
0.975890211	0.9496667844	0.9278547899	0.9371749524	0.9615183918	0.9393405873
0.9553889091	0.9189901838	0.9625381512	0.9524700193	0.9695884984	0.9487567493
0.9402892014	0.964482882	0.9356962607	0.9627911059	0.9332619653	0.9520464426
0.9492779397	0.9705408746	0.9331998303	0.9526777502	0.9590646544	0.9490657008
0.9482728169	0.96751716	0.9624650285	0.9685276948	0.9450649846	0.9369943253
0.9739709901	0.9582649376	0.9456582296	0.9309817754	0.9598039515	0.9570752161
0.9444525505	0.9682235024	0.9399718227	0.9302759561	0.9625381909	0.9523164951
0.9210689262	0.9303725791	0.9428504139	0.9553285434	0.9452171369	0.9627231206
0.9452071257	0.9458818677	0.9602783646	0.934223531	0.95374895	0.9521585929
0.9558632986	0.9366524196	0.94602991	0.9659667538	0.949904151	0.952867459
0.9643777645	0.9566595315	0.9699283198	0.9683255879	0.9561214432	0.9576820113
0.9625526074	0.9465502825	0.9440784599	0.9530950656	0.9509842131	0.9470372112
0.9856521974	0.9739862295	0.9247099748	0.9352858466	0.9399403023	0.9555434841
0.9766908039	0.9444681737	0.9355741417	0.9551750245	0.9446188686	0.9577524101
0.9604883086	0.9649158672	0.943898399	0.9496073139	0.9500236523	0.9551478565
0.9490982575	0.9634919594	0.9526049624	0.9208815499	0.9638588813	0.9544820613
0.9416634098	0.9572900258	0.9526141885	0.9589170266	0.9578600828	0.9494891633
0.9510169528	0.954445005	0.9618120461	0.9562117035	0.9500870416	0.9511031814
0.9531017133	0.9693921718	0.9671932878	0.9308625308	0.9476928947	0.9322425944
0.9420505276	0.9391270097	0.9583295211	0.9608260871	0.9622774084	0.9597811872
0.9682538127	0.9494579699	0.9573443683	0.9506316898	0.9545888707	0.9607686793
0.9761588195	0.96134927	0.9644459076	0.95564932	0.9456926353	0.9478229584
0.9631786423	0.9597403428	0.944485648	0.9574497665	0.9516058439	0.9616414281
0.9702092211	0.9341502245	0.9519655192	0.9542222517	0.9570709134	0.9480881277
0.9789202599	0.9412869827	0.9551932612	0.9612236611	0.9530968024	0.9378855097
0.9396879405	0.9499315607	0.9426302156	0.9433893774	0.9545330901	0.946325175
0.9754685289	0.9627955388	0.9694009473	0.9503127334	0.9537211404	0.9546078862
0.9619541901	0.972338619	0.9576648972	0.9517592996	0.948821645	0.9442921718
0.9590025344	0.9596747216	0.9402518558	0.9468346204	0.9578938963	0.9593212312
0.9701144874	0.9406298859	0.9437503537	0.9682011773	0.959861835	0.9603338639
0.9765686067	0.9557946778	0.962087407	0.9585887948	0.9561120517	0.9607054086
0.963638164	0.9462382897	0.9435525273	0.9596066723	0.9592014827	0.9345931057
0.9699826195	0.9694927379	0.9641107437	0.9578244494	0.9597752319	0.9474542247
0.9722957575	0.9634541146	0.955929844	0.9572680974	0.9481922127	0.9540109328
0.9671837977	0.9454798415	0.957163499	0.9479642228	0.9546447302	0.9461375207
0.9071471938	0.9505748588	0.9381338695	0.9542369852	0.9558515648	0.9529773123
0.9657282233	0.9594033425	0.9480046956	0.9657078992	0.9634204711	0.9545238008
0.9807006398	0.931566957	0.9372445973	0.9386015056	0.9510206628	0.9555033982
0.8816467566	0.955960243	0.9544004523	0.9426437114	0.9607816243	0.935161391
0.9739489071	0.9641132719	0.9666247801	0.9556922341	0.9387728797	0.9423361329
0.9511116796	0.9793675054	0.9494252866	0.9501527593	0.9414022552	0.9429004975
0.9415653643	0.941636165	0.952214263	0.9535910999	0.9586131909	0.9446760937
0.9505923938	0.9525734799	0.9562719139	0.9437350268	0.9552419675	0.9479682949
0.9614001522	0.9505836732	0.9565071878	0.929613782	0.942767899	0.9574071492
0.9560886141	0.9663315152	0.9603374084	0.9626353559	0.9464974145	0.9466139347
0.9797521953	0.9454538107	0.9484310187	0.9355871069	0.9446432257	0.9540731595
0.9110532449	0.9677820684	0.9671168435	0.9533524333	0.9364216887	0.9545661032
0.9337581956	0.9331382364	0.958875713	0.9488249907	0.9402068654	0.9585724686
0.9589271558	0.9288303867	0.9370140567	0.9427383923	0.96054467	0.953805922
0.9620311503	0.937387754	0.9219914377	0.9409915239	0.9495918653	0.9659073163
0.9523831679	0.959517978	0.9502307576	0.9493788945	0.9487631972	0.9507237339
0.9742543587	0.9425018227	0.9478850397	0.9476317539	0.9532284396	0.959101092
0.9807705689	0.9578084902	0.9562215262	0.9319160713	0.9563562538	0.9546044779
0.9640272241	0.9712523972	0.9433495495	0.9412050258	0.951166084	0.9476332013
0.9708642493	0.9428385806	0.9420426151	0.9491233672	0.9568636864	0.9624858697
0.9663014892	0.9512589715	0.9438647793	0.9473115327	0.9562877529	0.9443884237
0.9394377395	0.933049814	0.9553569155	0.9524211907	0.9423742082	0.9574956284
0.9645413187	0.9540010261	0.9476575995	0.948535806	0.9424793167	0.9512605065
0.9526996372	0.952209437	0.947676222	0.9676225565	0.9530678355	0.9592826719
0.9734907644	0.9323495824	0.9622519759	0.9543187235	0.9566048382	0.9640650635
0.9618721899	0.9212584363	0.9551838585	0.9565351767	0.9458296425	0.9577401779
0.9167911489	0.9616763307	0.9510374351	0.9422626573	0.9538353166	0.9346192058
0.9344690908	0.9476220931	0.9547534529	0.9529865099	0.9319095185	0.9393347763
0.9537486553	0.9663638919	0.9626277969	0.9559435607	0.9541069943	0.95759737
0.9745582851	0.9116861067	0.9662707937	0.9379577943	0.9521468616	0.9575787539
0.9446732332	0.9517068408	0.9625040564	0.9500413223	0.9335455298	0.9637616441
0.9683424269	0.956425738	0.9560204068	0.9482488946	0.9510836634	0.9547250346
0.9531167798	0.9641824483	0.9156684309	0.9413882859	0.9334449581	0.9562863734
0.9286853875	0.9535254127	0.9596314372	0.953331585	0.950694469	0.95586177
0.9783446961	0.9479246316	0.9674509049	0.9458784419	0.9488996554	0.9468367921
0.9442436358	0.948421438	0.9479090016	0.9490351935	0.9420826617	0.9407182489
0.9652241309	0.9597662461	0.9406434408	0.973762629	0.9351085363	0.9389870881
0.9587359119	0.9428316972	0.9502475069	0.9416262952	0.9535078281	0.9588044996
0.9661781361	0.9592550199	0.9634888209	0.9457764087	0.9438907659	0.9614670407
0.9689017444	0.9481323047	0.9576538072	0.9471129108	0.9463990377	0.9583971825
0.9695166295	0.9504345031	0.959228374	0.9525928389	0.9415320203	0.947453001
0.9801276169	0.9360575116	0.9484214301	0.9351235589	0.9588653444	0.9620912041
0.9174485112	0.9674483956	0.9610638557	0.9638386239	0.9504810151	0.9434692441
0.9868292709	0.9507120083	0.9547987491	0.9425775396	0.9469917843	0.9512598508
0.98730545	0.9528558416	0.9557199581	0.9565381755	0.9491931174	0.9448162691
0.9393489307	0.9534643464	0.9567773419	0.9286193771	0.9486597591	0.9501711887
0.9631433074	0.9339210799	0.9581353948	0.9570560743	0.9601325477	0.9494842724
0.962952228	0.9651856918	0.9483210146	0.9616030268	0.9583948475	0.9406995282
0.953343435	0.9543675315	0.9628833237	0.9471052113	0.9447978112	0.9579677454
0.8937559022	0.9538028095	0.9559003315	0.9522447539	0.9606517611	0.9553961428
0.951284145	0.9673567661	0.946431412	0.965420352	0.950988431	0.9531217493
0.9355962137	0.9503071245	0.9511671704	0.9511483305	0.9542923809	0.9497174119
0.9323128649	0.9383290127	0.9592187615	0.9459654319	0.9529087636	0.9481587912
0.896110992	0.9573431113	0.9356872506	0.9613263504	0.9387552313	0.9412305882
0.9570418195	0.9478131312	0.9382273745	0.9529615066	0.9480080701	0.9599330564
0.9560637518	0.9649680053	0.9635601428	0.9655274003	0.9577347189	0.9572060802
0.9719517059	0.9452508105	0.9437317259	0.9508596083	0.9410919002	0.951440439
0.9004749787	0.9490603065	0.9503071706	0.940190383	0.9346786141	0.9588369266
0.9240405959	0.953284779	0.9510751583	0.9508373783	0.9479908046	0.9545812198
0.9453095227	0.9719761301	0.9516497136	0.9559512165	0.9617420785	0.9540675754
0.9487274704	0.9609233353	0.9470114405	0.9451635963	0.9402969913	0.9411096919
0.9713681256	0.9468981668	0.9536964797	0.9503266075	0.9632728297	0.9569915585
0.8715172195	0.957085938	0.9649242091	0.9571855303	0.9671165517	0.9442418428
0.9395864461	0.9331111107	0.9587237712	0.9576196418	0.9569567469	0.9496041502
0.9458264004	0.9285289068	0.9467957267	0.9528329137	0.9566270828	0.9619844096
0.9501430453	0.9695704285	0.9379298478	0.9624307738	0.9551500713	0.9555616454
0.9507639649	0.9312190346	0.9551802503	0.9522286888	0.9484729531	0.9405138191
0.9558031745	0.9679853911	0.9435838097	0.9503176384	0.9340778077	0.9552623848
0.9317865078	0.9748659494	0.9690855823	0.9548616583	0.9539633074	0.9524480299
0.9786857708	0.9600853884	0.9569785619	0.9516696087	0.957057519	0.9472634758
0.9807314495	0.9330911698	0.9324369545	0.9323778338	0.9667793672	0.9534687807
0.9347872128	0.9486651993	0.9509518669	0.9483615196	0.9576915163	0.9484426764
0.9633707497	0.9467310321	0.9395286645	0.9391587558	0.9331495019	0.9508239934
0.9763572131	0.958187917	0.9378242656	0.9344120409	0.9616144318	0.9517132722
0.9738790814	0.9617572069	0.9685216264	0.9325045749	0.9642577871	0.9440735142
0.9556357647	0.9543654725	0.9226807746	0.9335506313	0.9582186441	0.9562053671
0.9521624919	0.9369350386	0.9499380775	0.9439312504	0.9568884488	0.9435874786
0.9389592438	0.969507264	0.9346906971	0.9473659498	0.9621450635	0.9443282471
0.9713951876	0.9459497444	0.9324066996	0.9637224907	0.9574268603	0.9591037316
0.9357253265	0.9429819411	0.9533729616	0.9583760593	0.9511248124	0.9596709346
0.9699101558	0.9618716319	0.9237801101	0.9464770242	0.9365556007	0.9543721081
0.9754862176	0.9498024742	0.9609364745	0.9440844318	0.9562769848	0.9576503976
0.9688911433	0.9386961792	0.9649188895	0.9406228638	0.9531642243	0.9518707601
0.9434349808	0.9576351725	0.9281971375	0.9403144033	0.9502439052	0.9470077975
0.9556900722	0.9435455519	0.9341531007	0.9295311863	0.9481677682	0.9530497296
0.9182497898	0.9638932977	0.9402860057	0.9391391071	0.9571987503	0.9618154307
0.977388403	0.9605077321	0.9434352404	0.9506003938	0.9288284323	0.9370628133
0.9551422707	0.9651023939	0.9591570245	0.9499286939	0.9400238142	0.9588943517
0.9707849477	0.9650089755	0.9548002392	0.9360159061	0.9313144596	0.9551166568
0.955175119	0.9485946839	0.9603577736	0.9346205997	0.9571487418	0.9461369631
0.9782177165	0.9283783813	0.9312060234	0.9522396375	0.9506685665	0.9608072382
0.9479084219	0.9637685411	0.9634276112	0.9505019759	0.9685538829	0.9614389782
0.9717057133	0.940587686	0.9479608952	0.945911261	0.9273156822	0.9576611827