0.9692784916	0.9657036462	0.9572523665	0.9417433977	0.9479959438	0.9554733081
0.9628981097	0.9609534603	0.9587022633	0.9344934286	0.9477724918	0.9485206632
0.9637096923	0.9569808098	0.9446140606	0.941477716	0.9443769962	0.9469423265
0.9419697621	0.9412530999	0.9488724425	0.9633049582	0.9485844598	0.956432731
0.9830628221	0.9536237517	0.9460287142	0.9597269762	0.9540049362	0.9470035266
0.9743692065	0.9658471747	0.9645450459	0.9702868116	0.9634107348	0.9499438133
0.9786476044	0.9450586362	0.9603227225	0.9702206044	0.9563959629	0.9573186291
0.9550444445	0.9534665403	0.9517266836	0.9518495861	0.943747744	0.9439073424
0.9744821113	0.9262178236	0.9729326293	0.956033096	0.9626381844	0.9473239575
0.9503172816	0.9516870995	0.9553885163	0.9465804681	0.9598949088	0.9525260641
0.9463010456	0.9554620075	0.9571042713	0.9514213168	0.9515015769	0.9530587554
0.9636886046	0.9489090597	0.9561323447	0.9376207048	0.9598875726	0.9445161031
0.9796595753	0.9581609909	0.9703252262	0.9635904196	0.9547668854	0.9435018082
0.9802970387	0.9488926112	0.9536648526	0.9508763565	0.9670861373	0.9603387953
0.9633383853	0.9487047647	0.9559925675	0.9547062449	0.9427039783	0.9621068419
0.8714696408	0.9578485588	0.9601773349	0.951002449	0.9559138963	0.9525790599
0.9705580366	0.9552395027	0.944175721	0.9572955453	0.9467238247	0.9410339942
0.9732422147	0.9546009232	0.9567272183	0.9676641053	0.9561559088	0.9548579625
0.9657160162	0.9434989041	0.9354925911	0.9495711615	0.9427558696	0.9475413836
0.977239241	0.9241148422	0.9564390816	0.9474752218	0.9456007329	0.9576721253
0.9801998575	0.9538205023	0.9528770319	0.9410295733	0.9477675796	0.9510496498
0.9270672046	0.9592824482	0.9537950265	0.9653050693	0.9554136033	0.9510081248
0.9467451708	0.9333697374	0.9539683914	0.9525328867	0.946076929	0.9574567006
0.9653949309	0.9616096907	0.9551260691	0.9509297615	0.9373814396	0.9572802123
0.9794566711	0.9471420111	0.9458193649	0.9654184796	0.9526685996	0.9597464517
0.9514336064	0.9616018343	0.9613223721	0.959213559	0.9617214275	0.9421673399
0.9783690758	0.9681968334	0.9543062998	0.9481545127	0.9519608355	0.9617629691
0.9593861592	0.9506947567	0.9474395567	0.9536111009	0.9350931252	0.9496381571
0.9768610652	0.9551545584	0.9632103728	0.9675639038	0.9568490526	0.9483937907
0.972336599	0.9551166378	0.9694071061	0.9495233461	0.964594278	0.949533499
0.9506349013	0.9251723194	0.9501437292	0.957070085	0.9374834333	0.9616305048
0.9513840656	0.9322414898	0.9634237008	0.9533224209	0.9543132442	0.9560543891
0.9702797023	0.9571811212	0.9557008068	0.9425596835	0.9532725447	0.9525363217
0.9518066424	0.942282567	0.94922296	0.9524320132	0.9469641609	0.9561242577
0.9497663994	0.9517450565	0.9461541619	0.9418706838	0.9493248679	0.9510827135
0.9675129084	0.9452262238	0.955560209	0.9646482176	0.9665947186	0.9493175764
0.9776702331	0.9487098284	0.9489031665	0.9433191826	0.9561060113	0.9544947034
0.9331664065	0.9469698252	0.9659272188	0.9500278744	0.9577002588	0.9593402451
0.9702149923	0.954106116	0.9517983697	0.9483907136	0.9451441357	0.9518261323
0.9825953575	0.965865679	0.9664700937	0.9482420202	0.9650968204	0.958170087
0.9661731811	0.9507814842	0.9635838623	0.94303561	0.9641039539	0.9441272533
0.9591629315	0.9610551083	0.9517791558	0.9501622743	0.9497993148	0.9504097492
0.9332027883	0.9657396119	0.9542565953	0.9612126708	0.9619832051	0.951751786
0.9735090626	0.9344377967	0.9510544046	0.9589197354	0.9668938683	0.9551534053
0.9414528113	0.9255654393	0.9642823178	0.9536006878	0.9556197177	0.9458317472
0.9469284137	0.9642089521	0.9533038927	0.9383071482	0.9459092918	0.9480891832
0.9685663154	0.9707618846	0.9404611649	0.9392233965	0.941858676	0.9503032275
0.9336257921	0.9341593576	0.9564826417	0.9610736685	0.959757302	0.9464513451
0.9597893164	0.9539516683	0.9618463513	0.955799401	0.9493191519	0.9533275095
0.9717665427	0.9565931237	0.958300077	0.9396446521	0.9676932747	0.9606244818
0.9509512037	0.9451709527	0.9605074117	0.9478010655	0.9573908989	0.952581612
0.945048831	0.9561546443	0.968853497	0.9532196499	0.9556802175	0.9477900949
0.9661915767	0.9497120187	0.9423488402	0.9506141108	0.9663584372	0.9552877156
0.9411057256	0.9532409525	0.9637698084	0.9615620443	0.9459379306	0.9418377298
0.9662122225	0.958045641	0.9696677598	0.9515455787	0.9386132232	0.9572418119
0.9624593734	0.9645537924	0.9465479638	0.9526931546	0.9672007448	0.9564342868
0.9803755429	0.9684859719	0.96251094	0.9499843662	0.9417079102	0.9597276569
0.972184817	0.9581057116	0.950185228	0.9595540234	0.9484215064	0.9499977622
0.942797429	0.971568492	0.9661143336	0.9405295454	0.947676929	0.9581678467
0.967641365	0.9535180841	0.9419643423	0.9381016517	0.9377487994	0.9553971347
0.969394129	0.9632536846	0.9416417568	0.9592390495	0.9705874796	0.9596905145
0.9776964804	0.9405496631	0.9612241469	0.9579205125	0.9448077917	0.9386840839
0.9367443319	0.9543977295	0.9480213771	0.9568100817	0.9424747036	0.9500902869
0.9586832231	0.96106047	0.9611284672	0.9558970854	0.9455053588	0.9462435208
0.9218340542	0.9515170404	0.9595920384	0.9454476672	0.9627700545	0.9528262098
0.9406472907	0.9378796671	0.9570142384	0.9504988836	0.9625739679	0.950594993
0.9332763954	0.9575775379	0.9592141844	0.951242889	0.9627060869	0.9502874275
0.9181687756	0.9549166338	0.965134405	0.9693986368	0.9661597372	0.9530734725
0.9343430234	0.941999348	0.9483661275	0.9549109414	0.9400475873	0.9500958705
0.9847204859	0.9743517015	0.9610065765	0.9278634336	0.9541675296	0.9644457872
0.9738357415	0.9466513241	0.9685935233	0.9471012228	0.9455544733	0.9534798719
0.9819077769	0.9332009972	0.9688719291	0.9556461385	0.9562732108	0.9544637451
0.9161572096	0.9623143462	0.9755853765	0.9530465326	0.9389288287	0.952912606
0.9609058131	0.9478942482	0.9651398273	0.9529820767	0.955804617	0.9560499053
0.9731134562	0.9704389233	0.9345971393	0.945491782	0.9574986108	0.9502745283
0.9200481249	0.9472587048	0.955115134	0.9558635939	0.9427248929	0.9599105694
0.9679892725	0.9630485249	0.9505887528	0.9433191734	0.9427274301	0.9398261673
0.9470803765	0.969224456	0.9494033154	0.9550870352	0.9585369422	0.9449368024
0.9708220055	0.971815981	0.9566669263	0.9518807328	0.9459582402	0.953392397
0.9606417114	0.9651732155	0.9623536242	0.936885361	0.9627950192	0.9445625546
0.9501993001	0.9612155705	0.9638211641	0.9524409019	0.9410345932	0.9549729801
0.9500076318	0.9368566409	0.9519628673	0.968064791	0.9556977505	0.9499888864
0.9725729023	0.9571617084	0.9503897678	0.9508216732	0.9343266521	0.9558297411
0.9594667837	0.9697612065	0.9651412752	0.9575468485	0.9488921711	0.9490691163
0.9726254459	0.9627401812	0.944886328	0.9342607748	0.9378852773	0.9537359134
0.9504748471	0.9382118449	0.9578338547	0.9450843949	0.9535510113	0.9558369134
0.9454433322	0.9707362819	0.9533684161	0.9453052985	0.9521101175	0.9513046323
0.925594986	0.9471754693	0.9675346909	0.9524067703	0.9568190354	0.956301106
0.9527179527	0.9456643691	0.9653667445	0.9522618409	0.9438904257	0.9489675923
0.9788262064	0.9510477671	0.9450257034	0.9485103094	0.9463609507	0.9534700759
0.9407282826	0.9338743121	0.9545773121	0.934248331	0.9536694746	0.9483717334
0.9455077432	0.9692314833	0.9472531607	0.9304808364	0.9543007362	0.9594991532
0.948698895	0.9613073994	0.9580893248	0.9627773074	0.947945405	0.9525621933
0.9682436754	0.9352164036	0.9483645114	0.9607958191	0.9443486264	0.9502949001
0.9130645819	0.9507514357	0.9622737127	0.9404381584	0.9630003317	0.9539882098
0.9408889567	0.9503918421	0.9350772223	0.9473866956	0.9525704114	0.9473772044
0.9487786592	0.9511015258	0.9663083386	0.957504014	0.9667329072	0.9524923767
0.978687039	0.945916851	0.956968114	0.9442735053	0.9414283455	0.9528707632
0.9492850491	0.9454145892	0.9496687329	0.9457075039	0.9604025348	0.9526537317
0.9633818882	0.9625897732	0.9419661753	0.9525632557	0.9483242148	0.9564414556
0.9833682427	0.9555772331	0.9569863769	0.9297844264	0.9479760977	0.9430505545
0.9524110418	0.9668577926	0.9677162272	0.9449441039	0.9636127073	0.9545304344
0.8971143279	0.9468390903	0.9490188695	0.9467733703	0.9332898841	0.9466128017
0.9683812551	0.9644947761	0.9476395508	0.9402164827	0.9434145781	0.9451614102
0.963800976	0.9730393885	0.9502864062	0.9418921286	0.9549778962	0.9591585453
0.9746276977	0.9360933583	0.9429163523	0.9334396008	0.9483961781	0.9484591788
0.9749082703	0.9705519696	0.9442350835	0.9504966612	0.9272109315	0.9471133482
0.9537740631	0.9377490836	0.962609061	0.9471560609	0.9413715805	0.9428030216
0.9804503857	0.9623671192	0.943848829	0.9369407592	0.9477168478	0.9518412307
0.9584936252	0.9711762674	0.9666916738	0.9525755574	0.9579134062	0.9504834326
0.9702476511	0.9586877073	0.9672508719	0.9603649647	0.9491267746	0.9421843427
0.9459617613	0.9146768168	0.9657812324	0.9501295011	0.9432152838	0.9565711763
0.9692275404	0.9475592798	0.9365387942	0.9597984824	0.9522739541	0.9616582947
0.9678315125	0.9663237015	0.9541575237	0.9501435499	0.9545426744	0.9573131957
0.969804111	0.9705361463	0.9632003597	0.9599368362	0.9438164444	0.9504510112
0.9683802594	0.9712773632	0.9569827718	0.9579597624	0.9583770675	0.9421212401
0.9414026021	0.9489289236	0.9401757285	0.9509045242	0.9557107597	0.9608342385
0.9676602088	0.9595872948	0.9500407973	0.9604388335	0.9536752063	0.9576276789
0.9609680142	0.9545458675	0.9444743224	0.9413931716	0.9568047154	0.9598471636
0.9237087048	0.9577664824	0.9501061914	0.9639789056	0.9497119491	0.9557133597
0.9547417777	0.9540130064	0.938190601	0.9614594437	0.9562293207	0.9381212695
0.9575442849	0.9502372371	0.9611161456	0.9496842421	0.9516876072	0.9495852725
0.9699810706	0.9627777579	0.9700909903	0.9648390328	0.9618929933	0.9504053906
0.9305766697	0.9356681409	0.9399594967	0.9613464525	0.9372744628	0.9560179913
0.9680291545	0.974340881	0.9411478487	0.9619119791	0.9611520654	0.9549061132
0.9726035498	0.9656314115	0.9521516744	0.951547578	0.9614706778	0.9546915684
0.9648496681	0.9517927455	0.9370734997	0.956744654	0.963330604	0.950330032
0.9618380357	0.9582845755	0.9476964429	0.9584990449	0.9429716246	0.9503468437
0.9331156274	0.9738862075	0.9411284288	0.9548744704	0.9467415301	0.9591998059
0.9662971938	0.953826629	0.9296205969	0.951390788	0.9551135443	0.9552275891
0.9731703369	0.9567964392	0.9537683963	0.9546797531	0.9538403258	0.9542994956
0.9638957921	0.9507817102	0.9442921286	0.9462064757	0.9536208016	0.9562795988
0.9618029446	0.9749509971	0.9527977572	0.9478921979	0.9355072804	0.9481053622
0.9720254687	0.9457607799	0.9620256059	0.9569443134	0.9547444391	0.9585613888
0.9467137602	0.9529698225	0.9550166886	0.9518760458	0.9530161469	0.9526956107
0.9868127179	0.9512912072	0.9693922782	0.9498430011	0.9576254616	0.9564103173
0.9621177159	0.9661628087	0.9733427821	0.9697263523	0.9596329384	0.9538897509
0.9634880239	0.9549068983	0.95030906	0.9280679763	0.9481782294	0.9606100325
0.9583882753	0.95895793	0.9343423824	0.9357120203	0.9548888591	0.9492166944
0.9663207285	0.9725784696	0.9540648335	0.9556821363	0.9520918971	0.9464122991
0.9801906763	0.9599977396	0.948706236	0.9388728441	0.9636935916	0.9475454544
0.9270518303	0.9453830731	0.9742642676	0.9593213783	0.9546631112	0.9423368361
0.9514669283	0.9646123848	0.9550924593	0.959893566	0.9579945111	0.9520629484
0.961275185	0.9798023987	0.9503746029	0.9569074869	0.9503309672	0.9478552103
0.9259027483	0.9501527228	0.9485125087	0.96165008	0.944773962	0.9480051072
0.9444584103	0.9091621824	0.9391368703	0.9457982643	0.9610853483	0.9486544281
0.9642837695	0.9796642357	0.933103388	0.963656724	0.9429282241	0.9628551727
0.9279654698	0.9678409474	0.962061311	0.9490135372	0.957007902	0.9560086505
0.9577399024	0.9483935398	0.9719252693	0.9442838742	0.9552777364	0.9546585022
0.9144705496	0.9674380502	0.9715065071	0.9567805661	0.968012226	0.9561192839
0.9551599596	0.944014964	0.9420215185	0.9601896498	0.9472887864	0.9478615196
0.9670239125	0.9475046539	0.9609172649	0.9525740512	0.9572853618	0.9606259966
0.9529162189	0.9712025658	0.9675984086	0.9555957777	0.9670556739	0.9522315031
0.9257190986	0.9522838525	0.9649937238	0.9550262879	0.9629852408	0.9681977536
0.9666642131	0.9556466033	0.946184808	0.9247123892	0.9633512492	0.9576633429
0.9220091752	0.9687199278	0.9638283948	0.9613321016	0.9639755219	0.9504050177
0.9446261467	0.9599465401	0.961646511	0.949240927	0.9586170399	0.9524366792
0.9406374897	0.9423249457	0.9550270758	0.9472947407	0.9406906613	0.9682325687
0.9746458007	0.9439607712	0.9702778093	0.9639139548	0.9571651058	0.9471153301
0.9583985342	0.9610911025	0.9635403916	0.9516339577	0.9550171388	0.9534222369
0.9662061625	0.9305857503	0.9173592122	0.9540067802	0.9579650098	0.9523767169
0.9657793948	0.9386067476	0.9606034324	0.9517862851	0.9582270537	0.9546885295
0.9229657619	0.9295076504	0.9377879683	0.9621486865	0.9658878834	0.9483308332
0.9671692707	0.9522971271	0.9437286951	0.9443129695	0.9576943802	0.9498430115
0.9714729698	0.9565209453	0.95806167	0.9578909704	0.9541711612	0.9537213599
0.9395319462	0.9531304769	0.934888076	0.9644925589	0.9374940196	0.9572864815
0.9669658119	0.9427899139	0.9493407577	0.9542314237	0.9400450108	0.954960989
0.9557041397	0.964691336	0.9557616761	0.9399335315	0.9572770385	0.9575094814
0.9539304379	0.9431198599	0.9322067372	0.9501182026	0.9408065415	0.9458679565
0.9259886508	0.9638880395	0.9445046938	0.9681795168	0.9590700381	0.9527237449
0.9819415704	0.9609097913	0.9452566261	0.9383411082	0.9559974549	0.9611466709
0.9728706713	0.9668288013	0.9566774626	0.9567001182	0.9435038326	0.9539574619
0.9496982346	0.9218491596	0.9514574655	0.959891926	0.9495876908	0.9511724554
0.9409132985	0.9508138703	0.9544080677	0.9345867745	0.9537954178	0.9501010971
0.9739027605	0.9667613793	0.9630632733	0.9535020988	0.9595048691	0.9581051792
0.9509234957	0.9135472645	0.9229032499	0.9519674889	0.9533125191	0.9532672954
0.9430643413	0.9543425811	0.962548417	0.9588292322	0.9371515572	0.9584578062
0.9653329724	0.9445341137	0.9559299904	0.9499435045	0.9591079048	0.9598122923
0.9709188226	0.9403675734	0.9474649043	0.9516589107	0.9507495226	0.9408828375
0.958809178	0.9508171887	0.9420818424	0.9557117271	0.9523936314	0.9546344681
0.9521837318	0.9498319438	0.9477112318	0.9422843201	0.9441484171	0.953063858
0.9441352685	0.9655583213	0.9348590359	0.9637369175	0.9584729672	0.9468082066
0.9607036078	0.9213813863	0.9431498335	0.9475693742	0.9556333386	0.9562333434
0.9563808374	0.9569169314	0.9429735567	0.9638904294	0.9540303356	0.9507484727
0.9296442112	0.9631187356	0.955893533	0.959561917	0.9475628604	0.9572070837
0.9659616714	0.9355945181	0.9533727802	0.9558801741	0.9553635286	0.9610369256
0.9765543162	0.9626900327	0.9456349906	0.956812021	0.9594011161	0.9507115999
0.9399784819	0.9619567724	0.924035748	0.9650077026	0.9526544297	0.9537392568
0.9766943024	0.9612583144	0.9531817644	0.9542884836	0.9569288385	0.9525467525
0.9564985583	0.9514652353	0.9600770671	0.9526619244	0.9546164641	0.941168681
0.9503294545	0.9626622132	0.959337492	0.9514768278	0.9502268422	0.9547286836
0.9754875371	0.9743624014	0.9718122503	0.9338261595	0.961411968	0.9508170878
0.9772262647	0.9505281917	0.9580389233	0.9532111903	0.9386359269	0.9426735757
0.9551714016	0.951360217	0.9611434545	0.970620223	0.9526632443	0.9544861268
0.945743448	0.9648276394	0.9515674489	0.9502885827	0.9650114972	0.9467475902
0.9533692686	0.946595971	0.9555728207	0.9412887128	0.9624681215	0.9543356682
0.9601000602	0.9202065242	0.9372235136	0.9584255092	0.9519307483	0.9457708517
0.9402982357	0.9610343046	0.9601463154	0.9531344236	0.9560792782	0.9574501981
0.9691298036	0.9279965226	0.9517498843	0.9503117596	0.9647396772	0.9479564264
0.9669107935	0.9595763725	0.9677125746	0.9618375764	0.9600993093	0.9569093931
0.9861829321	0.9520361804	0.9629755489	0.9448536006	0.9558081123	0.9521017854
0.9219931486	0.9647648733	0.9580083189	0.9492386867	0.927967146	0.9534213942
0.9716714664	0.9544048546	0.9512165612	0.9573115694	0.9589315547	0.9542463672
0.9550602359	0.9610333885	0.955773662	0.958004002	0.9600936135	0.9577014259
0.962703867	0.9419084761	0.9633181657	0.9524077324	0.9578213614	0.9535175381
0.9588916333	0.9704646238	0.9498995748	0.971352732	0.9407974596	0.9621986468
0.9431305021	0.917009391	0.9473138314	0.9636708274	0.9562548418	0.9496268252
0.9329004238	0.951519297	0.9566743235	0.965503669	0.9375667823	0.945524168
0.9455497731	0.9522623224	0.9546907827	0.9393509264	0.9602137994	0.949700722
0.9441573795	0.9562906231	0.9484098996	0.9493349745	0.9588484059	0.9533413853
0.9335636944	0.9250613189	0.9561282243	0.9429899931	0.9582740681	0.9564616402
0.9409843853	0.9505533021	0.9534493726	0.94891928	0.9473322929	0.9660467536
0.958061078	0.9411096364	0.9638601517	0.94212369	0.9506634203	0.951596804
0.9711948773	0.936597535	0.963923219	0.9541467622	0.9635251384	0.9576455281
0.9418014055	0.9653103003	0.9475884979	0.9288727327	0.9495191841	0.9537140621
0.9335893643	0.9740897339	0.9580716986	0.9516865911	0.9652929807	0.9500670952
0.9525070688	0.9634407665	0.9514386273	0.9660084261	0.9559098358	0.9369927487
0.9600658694	0.9411545531	0.9299246969	0.9401114816	0.957092951	0.9510588533
0.9145830781	0.9566022353	0.9588662214	0.9479546806	0.9511858357	0.9457514596
0.9765761685	0.9309403267	0.9322182106	0.9540810373	0.9576099421	0.9506090971
0.9322932667	0.9576639514	0.9446639114	0.9299290018	0.952451943	0.9521228265
0.9706218788	0.9568685568	0.9396184496	0.9558157959	0.95830984	0.9560922277
0.943884407	0.9360798871	0.9624761088	0.948685356	0.9580494575	0.9561407304
0.9015297825	0.9739969005	0.950342524	0.9522015293	0.9563308562	0.9560422982
0.9576847176	0.9563425845	0.9643746567	0.9471218083	0.9495134141	0.9516906701
0.9565819104	0.9601700652	0.9288459027	0.9618607338	0.939024745	0.9546693628
0.945487206	0.9486057675	0.9586463285	0.9626128681	0.9684937305	0.9479054923
0.9013155097	0.9553347494	0.951848244	0.950247477	0.9591641205	0.9546518086
0.952970064	0.9695185705	0.9635097432	0.9568938358	0.9516397094	0.9530116894
0.9822106086	0.9251153369	0.9493733546	0.935114702	0.9461771994	0.9585836085
0.9805740035	0.9454820012	0.9648920679	0.960573982	0.9656194517	0.9578056482
0.9430339245	0.961661662	0.9506946156	0.9688245188	0.9629319538	0.95511836
0.9467863363	0.9640719295	0.9371996269	0.9620691847	0.945288829	0.9541996455
0.9477105098	0.9348058371	0.9356196981	0.9517465668	0.9585134985	0.9458636754
0.9460034358	0.9508762029	0.966612624	0.9565497343	0.9481085519	0.9533231699
0.9869229284	0.962061643	0.9495629806	0.9631694794	0.9558795196	0.9554387284
0.9676901153	0.9640596921	0.9409496104	0.9692806979	0.9523882264	0.9427036057
0.9542503836	0.9635472054	0.9479386883	0.9641121493	0.953708018	0.9590634721
0.9738184825	0.9504559812	0.9599985858	0.9551597858	0.9474738518	0.9519546524
0.9525108842	0.9602267515	0.9608677254	0.9653502776	0.9599462508	0.9449580864
0.9842733893	0.9658759818	0.9438447958	0.9509718674	0.9395237143	0.9494085243
0.9316090297	0.9756910958	0.9608664352	0.937796302	0.9525372547	0.9468508053
0.9682534853	0.9583689816	0.963083137	0.9624715704	0.9527518305	0.9508109967
0.9654666185	0.9307208157	0.9575956933	0.9367863749	0.9594042094	0.9504539371
0.9652315316	0.9594541916	0.9466892427	0.9488211363	0.966161985	0.95214943
0.9552286259	0.9476452142	0.9603612496	0.9477330238	0.9566881943	0.9595749727
0.9514461336	0.9554381443	0.9564513078	0.9626122955	0.9756678251	0.9431985163
0.9325236923	0.937560986	0.9405316934	0.947272351	0.9541539548	0.9512491696
0.9625439399	0.9268600875	0.9636464636	0.9741505389	0.9569426412	0.9575215304
0.942975228	0.9554043178	0.951977507	0.9458015302	0.9636778174	0.9573199613
0.9685562603	0.9686559539	0.9663849243	0.9569166419	0.9410879185	0.9570810857
0.9543081706	0.9554469316	0.9641596557	0.9535442875	0.9563193718	0.951359136
0.9444315899	0.9656780593	0.9409485402	0.9687203105	0.9507393765	0.9625659812
0.9620048304	0.9715612277	0.9599619253	0.9447307862	0.9502741834	0.9583038329
0.970640545	0.9438002329	0.9680401753	0.9506636943	0.9370534678	0.9524558016
0.9495428895	0.9387335405	0.9720540808	0.9579092027	0.9470698843	0.9507706616
0.9459381993	0.9536434574	0.9451541381	0.9480520558	0.9571808596	0.942770914
0.9071863236	0.954437528	0.9484527415	0.9490815903	0.9701617198	0.9452481585
0.9633235094	0.9505544333	0.9311335003	0.9556805308	0.9547741149	0.9510356702
0.9103941697	0.9809084137	0.9726301751	0.9503844899	0.9661769761	0.9461163701
0.9459664548	0.9742993196	0.9666429759	0.9619952426	0.9442849488	0.9614388338
0.9395638193	0.955973155	0.9557190217	0.9538217387	0.9595588093	0.9534576231
0.947122187	0.9376374312	0.9665285981	0.9658882599	0.9424348446	0.9537559071
0.9474208306	0.9650268747	0.9586539172	0.9612872156	0.9474924906	0.9464962769
0.9729450583	0.9575734028	0.9595986167	0.9509282308	0.9540948315	0.9582075671
0.9655000202	0.9518089267	0.9504232948	0.9583174088	0.9540572084	0.9527955011
0.9621836468	0.933613828	0.9585034179	0.946303515	0.9626377904	0.9516340876
0.9221445035	0.9452128996	0.9506995304	0.9623386297	0.9569565904	0.9589089482
0.9582522047	0.9391812699	0.9524668556	0.9508396416	0.9606542299	0.9516309612
0.9737959965	0.9692215286	0.9432345453	0.9446917938	0.9515223859	0.9594800883
0.9258011118	0.9673153711	0.9646441284	0.9465059233	0.9493250161	0.9471796841
0.9330658863	0.9549736431	0.9627772815	0.9530552343	0.9581281485	0.9513925901
0.9469018822	0.9432825043	0.9446697212	0.9741223511	0.9601922312	0.9591675508
0.9447876016	0.9305136658	0.9525940393	0.9433229605	0.9551439135	0.9525765801
0.9079615031	0.9569496862	0.9614151003	0.9594138594	0.9540049251	0.9542506396
0.9598171751	0.9680520283	0.9591651516	0.9484276734	0.9669088522	0.9539656468
0.9471635412	0.9547038505	0.9550416701	0.9557244806	0.9469427744	0.9505707533
0.9561874419	0.9509429883	0.9513026039	0.9439409475	0.9514332028	0.9423527369
0.9417481502	0.945050231	0.9456037767	0.9523264998	0.9559585001	0.9420660193
0.9528850306	0.9596998195	0.9616894399	0.9551573829	0.9484516739	0.946239137
0.9452677584	0.9445075051	0.9589903085	0.9532283259	0.9595907309	0.9589222452
0.9270917501	0.9350407565	0.9535573562	0.9611391365	0.9455327778	0.9481354596
0.9710465089	0.9628126238	0.9533803702	0.9506716058	0.9513442158	0.954682603
0.9566759123	0.9617088338	0.9595400755	0.9689056365	0.9321566467	0.9580217436
0.9665963262	0.9432385997	0.945974924	0.9495232681	0.9570516231	0.9471270003
0.9785251439	0.9618295837	0.9581201815	0.9417589243	0.9417166443	0.9534553859
0.9715598562	0.943980748	0.936988957	0.9627276642	0.9599751083	0.9549153158
0.9678091094	0.9761236421	0.9537823617	0.9617145062	0.9394485652	0.9543720436
0.9097319702	0.9416526028	0.9453684645	0.9596326053	0.9682859051	0.9576413793
0.9660330054	0.935782723	0.9590482311	0.9359229025	0.9587794601	0.9418602702
0.9394851306	0.9531032241	0.9426908912	0.9508527221	0.9640088812	0.9539219573
0.9563242558	0.9579408989	0.9577546798	0.9658874457	0.9563214283	0.9549967271
0.9355359479	0.9773025015	0.9590423606	0.9656580439	0.949681342	0.9540472746
0.9733487725	0.9638187084	0.9604886369	0.9629478938	0.9541671101	0.9438239408
0.9657837222	0.9620176672	0.9514919303	0.9569976489	0.9645007281	0.9475259673
0.952706955	0.9595408753	0.9529876973	0.9398588385	0.9589172741	0.9430012773
0.9751618391	0.9411955492	0.9613422067	0.9580359718	0.9491834356	0.9604635308
0.9839532546	0.9623327479	0.9561149563	0.9616936053	0.9568700815	0.958180987
0.9423209263	0.9690501339	0.9547910735	0.9612010507	0.9300896287	0.9503580162
0.9573222375	0.9692717814	0.9618797939	0.9489948201	0.9518309309	0.9519654702
0.9662695928	0.9363149982	0.9624372441	0.9657057129	0.9551349787	0.9574373333
0.9726962926	0.936372431	0.9509432278	0.9331946878	0.9538845746	0.9517397323
0.9619076892	0.9505978952	0.9613270056	0.9599144494	0.9572378987	0.9538901244
0.9682050236	0.9691000556	0.9478318337	0.9530041302	0.9499254569	0.9514013964
0.9739531444	0.9503843778	0.9423080614	0.9570134243	0.9387535009	0.9448574158
0.9351349949	0.9480402275	0.9615777192	0.9430405038	0.9478178458	0.9525019465
0.9723337249	0.9467991172	0.9440500707	0.9382745138	0.9415742132	0.954055983
0.8895046066	0.9670516317	0.9339976802	0.9558694104	0.9496637239	0.9509768441
0.9461489121	0.8913244061	0.9600777381	0.9572631041	0.9459349458	0.9507110367
0.9295415808	0.9525893962	0.9522419304	0.9325087697	0.9373533228	0.9517883617
0.9473543746	0.9262776471	0.9494895568	0.9544721135	0.9527250139	0.9411475075
0.9585713725	0.9669001953	0.943195498	0.9642001718	0.9597573202	0.9508999553
0.9568717656	0.9585490431	0.9561297174	0.950467777	0.9462148445	0.9527105025
0.9728517538	0.9607804816	0.9548220673	0.944697594	0.9554791697	0.9531784328
0.9534811651	0.9698140403	0.9528912859	0.9370398992	0.9391629835	0.9524074754
0.9622005145	0.9643069387	0.9572972549	0.9660843136	0.9572520664	0.9534851613
0.9683182752	0.95315422	0.9741555528	0.9666717049	0.9523353407	0.9539095612
0.9518636573	0.9520369439	0.9594881141	0.9293053644	0.9588162263	0.9493766644
0.9653204333	0.9585681197	0.9571076007	0.9438388935	0.9508630322	0.9535782461
0.9701575149	0.967268416	0.9215925971	0.9459249998	0.9565543806	0.962003296
0.957729414	0.9687813063	0.9465489049	0.9614591614	0.9567854854	0.9447549884
0.96963653	0.9550010235	0.9502759375	0.9517727099	0.9649915614	0.94904396
0.9610289417	0.9571991015	0.9328471324	0.957754794	0.9576964284	0.9472798812
0.9685455277	0.9542380252	0.9599769051	0.9604931513	0.9627691521	0.9506833901
0.974363048	0.9388891477	0.9695625691	0.9664645417	0.9322478526	0.9541372158
0.9798796718	0.9562000837	0.9495368985	0.9526059321	0.9613227116	0.9501560211
0.9086377404	0.9565433167	0.9346733505	0.9444201587	0.9482447608	0.9468598026
0.9796543979	0.9565198744	0.9494727368	0.9441460428	0.9420706859	0.9543549669
0.9865553384	0.959586223	0.9546529279	0.9596445455	0.9648151377	0.9614662449
0.9729623291	0.9389640133	0.948383822	0.9419283759	0.944635687	0.9490671777
0.9016995586	0.9540609114	0.957874407	0.9457499193	0.9621445456	0.9601318299
0.9628740068	0.9480167536	0.9420244196	0.9492475861	0.9608825145	0.9596817717
0.9685633407	0.9143407623	0.9645176266	0.962493975	0.9579124652	0.9585695221
0.9748175519	0.9612437782	0.9542006072	0.9708510348	0.9457951622	0.9429680422
0.9850067355	0.9633629902	0.9665593007	0.9544194954	0.9283005825	0.9581805439
0.9676095039	0.9390953604	0.9547755852	0.9580553531	0.9455156152	0.9411555777
0.9321243956	0.9406890058	0.961746942	0.9562696748	0.9452086262	0.9588669132
0.9753345047	0.9403250326	0.953455387	0.9540287279	0.9365643731	0.9527867662
0.9654353677	0.9404902822	0.9321169065	0.9538016092	0.9447096726	0.9519308526
0.9410964925	0.9456963185	0.9660935654	0.9447335476	0.9538797426	0.9455065206
0.9446198534	0.969269098	0.959697419	0.9555572236	0.9449922988	0.9441436062
0.9631200615	0.9520740339	0.9493858213	0.9602971963	0.9388989903	0.9502607618
0.9721215142	0.9650466775	0.948524075	0.9457124545	0.9578430973	0.94709694
0.9530758331	0.9618682313	0.9556132481	0.9387363777	0.9481643546	0.9388216669
0.9223452578	0.9585932593	0.963403238	0.9590902659	0.9512980857	0.9561768133
0.9907527504	0.9493895137	0.9342285573	0.9542256701	0.9544933563	0.9591261922
0.9708853229	0.9525043603	0.9613728357	0.9495368078	0.9413993683	0.9421725521
0.9580976309	0.9492980444	0.9384018663	0.9757891024	0.945761785	0.9497852169
0.9596764568	0.9513171384	0.9444370679	0.9562200244	0.9563493579	0.9491765462
0.9794897381	0.9330776488	0.9439785815	0.9379936278	0.9428939374	0.9489768153
0.9688675592	0.9624611506	0.938426755	0.9697340734	0.9441556852	0.9496310016
0.9662525303	0.9781101372	0.9602322349	0.9556158446	0.9680458342	0.9491758705
0.9531769531	0.9554335131	0.9523661544	0.9629817763	0.9525960149	0.9516593195
0.9449806657	0.9625634399	0.9695036625	0.9489826989	0.9365862797	0.9561571416
0.9670044003	0.9575944162	0.9468424961	0.9583050611	0.9503328204	0.9503926224
0.9829031062	0.947654659	0.9740167381	0.9427690801	0.9507650296	0.9678509928
0.9380036413	0.9573948807	0.9406272326	0.9467428874	0.9500885251	0.9544297673
0.9269967869	0.9476505245	0.9376189527	0.9633710966	0.9515453651	0.9585732416
0.9602949997	0.9560715673	0.958399625	0.952473824	0.9358199425	0.9625676692
0.9252741174	0.9563923926	0.963963992	0.9531215341	0.9486061289	0.9548382473
0.9389625145	0.9655245312	0.9656458158	0.9541227782	0.9432990543	0.9525422421
0.942638861	0.9698404311	0.9170094496	0.9591752785	0.9531833477	0.9467591887
0.8957079009	0.9595648707	0.956822528	0.9540721199	0.9540386576	0.9524380475
0.9590970951	0.9634104951	0.9505994412	0.9424168948	0.9572379257	0.9579089921
0.9592486542	0.9630239074	0.951618993	0.9614994899	0.9568074971	0.9535407079
0.942864675	0.9212171474	0.9545975712	0.9623451675	0.9629554294	0.9618872684
0.9819482818	0.9682426618	0.9422225511	0.9612057948	0.9549434295	0.9595876082
0.9460344377	0.964018712	0.9508838574	0.9501651599	0.9459122008	0.95247445
0.9308697852	0.951787489	0.9608007311	0.9482042083	0.9637107746	0.9583332251
0.9696806887	0.9358427921	0.9363215726	0.9491611959	0.9615726994	0.9555853355
0.9407056141	0.9560556538	0.9468589203	0.9717861261	0.943507223	0.9488406291
0.9507217289	0.9591321852	0.9449362345	0.9438686537	0.9609052923	0.9617685554
0.9758875762	0.9286201153	0.9403674273	0.9581267339	0.9428511216	0.959176911
0.9695043837	0.9497084925	0.9701442607	0.9511440294	0.946342846	0.9525547664
0.9734495033	0.9593829388	0.9631425908	0.9519014855	0.9509738246	0.9453608122
0.9725283339	0.9568417563	0.9235129681	0.9410271822	0.9617178868	0.950242317
0.9650282168	0.9566600319	0.9468667022	0.9553885891	0.9580377239	0.9581746759
0.9645292875	0.9615185377	0.9278071159	0.9501424277	0.9669351298	0.9549962177
0.9587217114	0.939136503	0.941273178	0.9544424464	0.9573512794	0.9657894118
0.9645455884	0.9462869679	0.9437741346	0.9504216271	0.9638839451	0.9599811253
0.9221899818	0.9696526574	0.9757258254	0.9556692055	0.9601138413	0.9546626393
0.9742139861	0.9510100673	0.9468050855	0.9646092891	0.9578405035	0.9571630208
0.9714369991	0.9569607619	0.9543429696	0.9379389463	0.9475274908	0.9569082633
0.9785896311	0.9636915672	0.9629923931	0.9647449018	0.9502479023	0.9541395053
0.9443782489	0.9581339356	0.947934405	0.9443375204	0.9605281364	0.9643745087
0.9636040281	0.9603944949	0.9586263803	0.945212385	0.9421071206	0.9532202561
0.9689154687	0.9506619043	0.9456100001	0.9494674828	0.9494125126	0.9539003144
0.9844134705	0.9496103733	0.9705621215	0.954318088	0.9385850629	0.9554655483
0.9694997953	0.9486025343	0.9650588562	0.9510580388	0.9530366954	0.9531902444
0.9820723352	0.9632633063	0.935091743	0.9661977364	0.9627254377	0.9515933097
0.9597422078	0.9711547711	0.9479519863	0.9553811922	0.9533224492	0.957233989
0.9187020879	0.9714081358	0.9364005647	0.9669455374	0.9549828573	0.9434815072
0.959213228	0.9650720436	0.9483210825	0.9553436871	0.9545947634	0.9389687181
0.9671695174	0.9645041406	0.932178057	0.9589863979	0.9647926777	0.9543183189
0.9592108882	0.9629628328	0.9165211615	0.9457009943	0.9621207873	0.9544208293
0.9425702436	0.935904241	0.9549583031	0.9570348609	0.9663351677	0.9547782729
0.9719991618	0.9640859879	0.9549666843	0.9719645059	0.9466828655	0.9561803968
0.9327161079	0.9306436424	0.9631209129	0.9450647497	0.9498598608	0.9633682002
0.9341237517	0.9379683569	0.9503753508	0.9459835779	0.9533103134	0.9583405346
0.9617553991	0.9709847127	0.9602784124	0.9697802183	0.9508949703	0.9421327403
0.9550363418	0.9522869146	0.9494980474	0.9518290699	0.9565876776	0.9465425417
0.9517518909	0.9512583688	0.9419626783	0.9477926581	0.9476977149	0.9537148348
0.9836241071	0.9565584013	0.9635185598	0.9562006136	0.9520144673	0.9464083864
0.9515113652	0.9634937965	0.9416124072	0.9556091188	0.9502820897	0.9486016304
0.9662207837	0.937194816	0.9641910861	0.956104846	0.9539254864	0.957018913
0.9647235566	0.9582040628	0.9543724614	0.9572100513	0.9418071445	0.961137246
0.9651248839	0.9591136161	0.9596001534	0.9635389554	0.963421904	0.9593278729
0.9435124238	0.9756269593	0.9486109679	0.9558276781	0.950935218	0.9485104592
0.9755901915	0.9440534068	0.9586314172	0.9713126409	0.950440057	0.946825294
0.9365293614	0.9548745097	0.9531026265	0.9624734479	0.9597289935	0.9551205591
0.9854962635	0.9352185319	0.9555248272	0.9627585494	0.9540325117	0.961086557
0.9826798552	0.9644418644	0.9593348715	0.953196674	0.9689300468	0.9610144161
0.9827514109	0.9691291464	0.9723658767	0.9417838672	0.9437903078	0.9434456386
0.9698145051	0.9482786777	0.9700791081	0.9419571896	0.9570421415	0.9448457894
0.9681324748	0.9619947286	0.9640631941	0.9529857144	0.9483834771	0.9507935014
0.9778848073	0.9501093833	0.9563810259	0.9566928903	0.9562736247	0.9535931852
0.9789510539	0.9524599316	0.9139621257	0.9322177096	0.9459576326	0.9606307022
0.980799171	0.9283790905	0.9650959367	0.941205845	0.9523221515	0.9581418727
0.9600787294	0.9478632939	0.959956784	0.9541706039	0.9517990423	0.9492265921
0.966068505	0.9427172254	0.9761179352	0.9513753571	0.9486846431	0.9469385534
0.9441681327	0.9623073263	0.9590803115	0.9599416744	0.9626164426	0.952529225
0.9732566262	0.9654976842	0.9712965137	0.9460336353	0.9585165142	0.9596588231
0.952320406	0.9643265103	0.9562092517	0.9544679096	0.9700820905	0.9467276422
0.9747313793	0.9457521627	0.9405632561	0.9619579035	0.9555669085	0.9455998037
0.9637847803	0.9560363904	0.9613646631	0.9590075067	0.9632183624	0.9526757551
0.9705275842	0.9218148954	0.95257255	0.9681784168	0.9461259992	0.9556115425
0.9382097465	0.9355771072	0.9467766709	0.9586068066	0.9557724186	0.9548856091
0.9767273736	0.9698944443	0.9395813888	0.9620618477	0.9541939677	0.9573354605
0.9490179735	0.9306646347	0.9542773794	0.9586340451	0.9547229467	0.9507173043
0.9651534855	0.9641947828	0.9255719745	0.9631925436	0.9497728127	0.9508028235
0.97482592	0.9487676006	0.9581613799	0.9582979972	0.9550621184	0.9620348514
0.9486098334	0.9495066623	0.9585892662	0.9628909711	0.9448600214	0.9457744556
0.9762287163	0.9631834082	0.959752528	0.9321922559	0.960591363	0.9592677238
0.9721536702	0.9706120091	0.9529748531	0.9570651958	0.9605731251	0.9502169008
0.974239024	0.9357356267	0.9573817982	0.956917843	0.9364020566	0.9534246316
0.9644463107	0.946497574	0.976825717	0.959014626	0.9514941277	0.9564727021
0.9666611693	0.9742818037	0.9340564242	0.9513598296	0.9412029029	0.9601553888
0.9814063207	0.9624676571	0.9720416415	0.9695640283	0.9486482086	0.9508683496
0.9792774181	0.9543257814	0.9511946581	0.9498178068	0.9452981708	0.9528936793
0.942973492	0.9602629974	0.964068758	0.9566836786	0.9603732826	0.9510140535
0.970742068	0.9281455943	0.9657285048	0.9609912995	0.9684272876	0.9586412045
0.9777316715	0.9523206797	0.9425104165	0.943684938	0.9571949412	0.9631573191
0.9500086847	0.9596000635	0.9588347012	0.9579974556	0.9500390824	0.9546771565
0.9433786129	0.9626992203	0.9610496244	0.9469333322	0.9405177604	0.9598221994
0.9827818424	0.9684991142	0.9517645152	0.9464072849	0.9642409755	0.9490880801
0.9573776382	0.9580609497	0.9465481618	0.9530495618	0.9386623692	0.9488868547
0.9526628285	0.9614061718	0.9452172854	0.9640089725	0.9491643595	0.959510539
0.9652695483	0.9688937254	0.9536000784	0.9551479623	0.9460388827	0.9452262539
0.978601784	0.9653220546	0.9533749783	0.9345226256	0.9589099203	0.9636309028
0.9688039704	0.9584852208	0.9329364885	0.9425946833	0.9542941943	0.9435596729
0.953913575	0.9482091197	0.962167056	0.9636199253	0.9497011876	0.9537576817
0.9544564206	0.9661049247	0.9467306404	0.956641958	0.9538120767	0.9551136871
0.9704104819	0.9637410019	0.9698694762	0.9399059685	0.958393945	0.9578592757
0.9396608245	0.9727739552	0.964398794	0.9551571555	0.9679862341	0.9481072376
0.9743729265	0.9649102598	0.9426213136	0.962259802	0.9638927655	0.9451770247
0.965063608	0.9361389881	0.9680278108	0.94930533	0.9499820935	0.9542041442
0.9500682159	0.9512533262	0.9707177816	0.94035972	0.9403733139	0.9614576189
0.9630871893	0.9441355789	0.9725653796	0.9686007089	0.9565372874	0.9604682695
0.9498063132	0.9776233202	0.9505100048	0.954339351	0.9437971112	0.952847682
0.98384378	0.9342922706	0.9638192357	0.9437596457	0.9417397455	0.9560737955
0.9558911899	0.9189771078	0.9677201425	0.9447906465	0.9639249764	0.9510639167
0.9597299579	0.9663547595	0.955026305	0.9346461295	0.953499946	0.9519533406
0.9595951866	0.9658090309	0.9582931319	0.9436949864	0.944767209	0.9571698316
0.9764113091	0.9636596593	0.9544844729	0.9532930612	0.9580729987	0.9533615581
0.9732505268	0.9446319489	0.9469174315	0.9520659131	0.9646668374	0.9470231596
0.9577273611	0.9262436688	0.9461715117	0.954976252	0.9415895624	0.955013079
0.9646465342	0.9664943452	0.9457740132	0.937229267	0.951971244	0.9474122791
0.9357361781	0.9303895622	0.9612281923	0.9335296258	0.9687366364	0.9469817248
0.9501293272	0.959986544	0.9442479976	0.9520923504	0.9546513348	0.9402155626
0.9735495678	0.9701916719	0.9621247716	0.9530805442	0.9543852233	0.9492457907
0.9818009475	0.9647104727	0.9515220601	0.9527158766	0.9517927263	0.9453882745
0.9228391665	0.9163503078	0.9527139488	0.9531388973	0.9487292729	0.9401586045
0.974895117	0.9562550679	0.9520126069	0.9577305461	0.9596912959	0.9448834059
0.9157294663	0.9463446652	0.9702654255	0.9523855976	0.9510704892	0.963181917
0.9572648703	0.9709586024	0.9524177013	0.9581864616	0.9592808718	0.9448168812
0.9392170848	0.9570424518	0.9427896661	0.9459643251	0.9535100961	0.9597252241
0.9752405903	0.9416400963	0.9454468779	0.9481995764	0.9476910986	0.9414058333
0.94378939	0.9683831355	0.9569744724	0.9584342941	0.9522462634	0.9550429052
0.9478622867	0.9434677344	0.9549159343	0.9568388533	0.9598694162	0.9545264546
0.9303853503	0.92419705	0.9648495145	0.9590743957	0.9515177663	0.9573745074
0.950733889	0.9585578705	0.944755218	0.9433239996	0.9516417847	0.9559400414
0.9342754591	0.933197042	0.9592556562	0.9546774217	0.9578426585	0.9521816658
0.9789832228	0.9524500975	0.9528877774	0.9519273053	0.9572527271	0.9571128988
0.9718661356	0.9513941523	0.9593179277	0.955730936	0.9599674709	0.9400272901
0.9645818922	0.9591072299	0.9599588447	0.9552753715	0.9634795368	0.951261462
0.9728498416	0.9626163473	0.9447091878	0.9431709985	0.9641845304	0.941678089
0.9730202232	0.9443958707	0.9594659371	0.9370572402	0.9406657855	0.9653307319
0.9295264832	0.9675125236	0.9599145796	0.9526299815	0.9500032665	0.9555168344
0.964139711	0.9702032428	0.9489818624	0.9638328703	0.9582993953	0.9497823943
0.9506179726	0.962623872	0.9628965606	0.9608399424	0.9549065092	0.9543840239
0.9606171851	0.9656981945	0.9627916956	0.9437536312	0.9620969457	0.9487738895
0.9690671095	0.9684831579	0.9543155147	0.9625088315	0.9465646459	0.9512949391
0.9447095306	0.9492019567	0.9396265202	0.9662413671	0.960454645	0.9613063568
0.946169473	0.958752011	0.9483648562	0.9694353	0.9537566061	0.9509360246
0.963166281	0.9578154143	0.9687065041	0.934378883	0.9449376647	0.9556936709
0.9789595418	0.9484590628	0.9492353864	0.959104361	0.9566641336	0.9481611427
0.939296292	0.9661058275	0.9526815755	0.9493692001	0.9329888164	0.9381896924
0.9425170326	0.9660364067	0.9401015073	0.9470983539	0.9590745601	0.9496287716
0.9644759397	0.96440444	0.9448980058	0.9559733531	0.9565795598	0.9504769901
0.9615166912	0.9530028522	0.956230581	0.9395095461	0.9590668399	0.9488731783
0.972634375	0.9472997658	0.9382652835	0.9428559498	0.9537643597	0.9470481715
0.9376892956	0.925911066	0.9558552847	0.9678159161	0.9571265341	0.9495620841
0.9669277019	0.9384622567	0.9705154452	0.931602202	0.9473409088	0.9527807286
0.9613711696	0.9620665031	0.9372355581	0.9456459207	0.9586369247	0.9415843998
0.981440845	0.9461114754	0.9607477335	0.950274194	0.9621166159	0.9550795179
0.9413832344	0.9545903167	0.9444616481	0.9469765837	0.93645172	0.9492931053
0.9778748797	0.9521224634	0.9566489674	0.9687725255	0.9411234838	0.9492416398
0.9588440037	0.9682237378	0.9625193752	0.9433074067	0.9462495219	0.9511897529
0.9556190411	0.9769680233	0.9573644173	0.9438176736	0.9653643471	0.9511731334
0.9733163041	0.9675074962	0.9529280379	0.9385611478	0.9723060327	0.9550788756
0.930402257	0.9388372093	0.9543452386	0.949010758	0.9466067456	0.9540062574
0.9721333071	0.9601582923	0.9529125587	0.9640621814	0.9635782785	0.9584770112
0.9861854905	0.9702075164	0.940286418	0.9578247508	0.9606397525	0.9502273666
0.9358485097	0.9517756347	0.9583719706	0.9261806655	0.9414581863	0.9516173594
0.9572821408	0.9244394524	0.9565323395	0.9567684386	0.961268804	0.9507855708
0.9648841609	0.9338283292	0.9407102524	0.9551145984	0.9551970091	0.9437217624
0.9357999219	0.9456888709	0.9618439728	0.9690756762	0.9579765833	0.9545432843
0.9822973246	0.9690968826	0.9367023419	0.9466553519	0.9534121008	0.9549098463
0.9402991325	0.9485605791	0.9548122058	0.9532651576	0.9502573362	0.9471713125
0.9786714207	0.9715385719	0.9674403304	0.9583300804	0.9569133234	0.9533616114
0.923135207	0.9630416237	0.9564229326	0.9532724799	0.9560514265	0.9498566939
0.9544278832	0.9624007886	0.9526064504	0.9586958417	0.9386167494	0.9648642448
0.9824788007	0.9398535672	0.9693027296	0.946411823	0.9403430604	0.9526569292
0.9741888849	0.9507002224	0.943616377	0.9612064798	0.9508104208	0.9562437796
0.9655342221	0.9504486708	0.9479334959	0.9631250708	0.9555641251	0.9478251591
0.9669447665	0.9648798422	0.9529913971	0.9555396931	0.9599377186	0.9451792008
0.9534724647	0.9740278415	0.9493930725	0.9621622412	0.9342218369	0.9616981878
0.9534935969	0.9570373855	0.9578090575	0.9606206409	0.9517337232	0.9551102503
0.9657942104	0.94821669	0.9566329296	0.9503227782	0.9593935184	0.9485678423
0.9653467708	0.9578748307	0.9537469589	0.9540834619	0.9362846849	0.9547321856
0.9577419268	0.9607092488	0.9697274551	0.9477486596	0.9471456048	0.9385840078
0.9422387983	0.9507525138	0.9642539251	0.9487332385	0.9453384826	0.9583406184
0.9664443319	0.9419825345	0.960608618	0.9577826752	0.9529990403	0.9527238791
0.9508663089	0.9614162071	0.9556853046	0.9663193155	0.9608249561	0.955876749
0.9387540049	0.9533382189	0.9417795702	0.9445016798	0.9573609364	0.9508532121
0.9308025033	0.9487903696	0.9658686464	0.9669286015	0.9679210369	0.9626633393
0.9520260512	0.960992497	0.9479702385	0.9600988559	0.9530791238	0.9387993482
0.9534347863	0.9448651963	0.9228565205	0.9442735937	0.9658293179	0.9474974886
0.9670792904	0.9741139369	0.9585187649	0.9486053513	0.9516277251	0.9547689492
0.9265869238	0.9583107018	0.9409188344	0.9607032919	0.9463127783	0.9583323694
0.9611091308	0.9532877444	0.9635608472	0.9428684973	0.9502839472	0.949703353
0.9183105448	0.9628108067	0.9712552256	0.96127974	0.9529836003	0.9545911528
0.9693264128	0.9744275564	0.9471751992	0.9561752102	0.963044603	0.9564198372
0.9737550793	0.9622214208	0.9656589652	0.9621811748	0.937422196	0.9496003469
0.9804692517	0.9621923002	0.9747977235	0.9522351904	0.947833927	0.9423515752
0.9497300278	0.9297094178	0.9611116514	0.9380479104	0.9587866628	0.9421437836
0.9439470934	0.9773721538	0.9653107744	0.9611260918	0.9522988439	0.9525031762
0.9547110595	0.9798056008	0.9731962365	0.9562905295	0.9621864834	0.9601200764
0.9750007806	0.9627439622	0.9495912109	0.9465564417	0.9411220355	0.9548826369
0.9354976811	0.9739788448	0.9614228289	0.9598860616	0.9524048273	0.9526222074
0.9061941018	0.9239293104	0.9293458913	0.9330517236	0.9631926856	0.9439721851
0.9725991506	0.9669367273	0.9470343165	0.956659889	0.9512587466	0.9481183376
0.9464009073	0.9675366462	0.9575683765	0.9602907863	0.9452142858	0.9612579018
0.9668857374	0.9545953664	0.9628387764	0.9557739806	0.9604988507	0.9516943129
0.9559624458	0.9432683924	0.9622598671	0.9357651823	0.9540080501	0.9488207693
0.9650699027	0.9365932713	0.9606045893	0.9575904326	0.9441619002	0.9601750279
0.9554610111	0.9533398362	0.9550464534	0.9593289984	0.9397575349	0.9429567966
0.9439160003	0.9588891153	0.9643294957	0.9579239237	0.964056457	0.949981843
0.942460899	0.9592847889	0.9515929372	0.9416239362	0.9515057714	0.9437873734
0.9085217319	0.964906388	0.956271258	0.9420376875	0.9523938917	0.9578241592
0.8889133401	0.9644863633	0.9490471371	0.9547148235	0.9550770137	0.9554365442
0.9521586958	0.9479027284	0.9402361899	0.9642705739	0.9423222732	0.9537578122
0.9227865548	0.9572987852	0.954226979	0.9587175505	0.961507615	0.9487148469
0.9807908351	0.9479371771	0.9578929671	0.9574230715	0.9556454976	0.9568757923
0.9642247628	0.9704493032	0.9597354863	0.9365907932	0.9680277933	0.9483734607
0.9447644224	0.9637515706	0.9628737685	0.9622370013	0.9619124109	0.9616527741
0.956596993	0.9655101244	0.9486375937	0.9550843931	0.9643536185	0.9505468158
0.9477023032	0.9541402106	0.9607995766	0.9592168848	0.954026873	0.9508324337
0.9655609738	0.9636232968	0.9504836966	0.9453484058	0.9669830923	0.9403833912
0.9454335133	0.9528250968	0.9532667219	0.9434876884	0.9510942466	0.9597763993
0.912305522	0.9744247102	0.9346659796	0.9548943172	0.9476153667	0.9562052483
0.9727006934	0.9741595754	0.9606216892	0.9403894491	0.9382355632	0.9360631117
0.9548205494	0.9636541597	0.9422589992	0.9456876688	0.9619811481	0.9527800311
0.9583256717	0.94353682	0.9677932981	0.9582071892	0.9619295871	0.9346109818
0.9477802857	0.9705208202	0.9598883475	0.9482943593	0.9496100902	0.9539001498
0.8672913021	0.9811304273	0.9631829585	0.9668530116	0.9467615498	0.9578760047
0.9563848587	0.8847340824	0.9559241764	0.9550378472	0.9535309702	0.9426418718
0.9629415139	0.9768373367	0.9445858261	0.9551995465	0.959065678	0.9361550485
0.966719944	0.9648461994	0.9441322776	0.9416544417	0.9566269896	0.9526090101
0.9723694304	0.9516380633	0.9662292101	0.9535261342	0.9644336896	0.9509728156
0.9646479369	0.9606112999	0.954550224	0.9477828592	0.9447652775	0.9493893661
0.9563761852	0.9576037063	0.9551030501	0.9573032684	0.963354386	0.9541020068
0.9515767114	0.9694955301	0.9588505576	0.9568429482	0.9612219059	0.95289581
0.9609305609	0.9715130141	0.9633811611	0.9488103346	0.9533172271	0.9496238404
0.9435095718	0.9419347925	0.9523746711	0.9637203499	0.9603313546	0.9479797923
0.9123487008	0.9478526892	0.9555747911	0.9520538087	0.9642755288	0.95575315
0.9675967241	0.9505499984	0.9637777148	0.9540738869	0.9390060199	0.9423794182
0.9746982681	0.9660310913	0.9429829861	0.9541624191	0.9389992782	0.9613159151
0.9759788134	0.9317692315	0.9694477217	0.9649649529	0.9373653511	0.9571494623
0.9020479474	0.9563187016	0.9467907577	0.9456742019	0.9682586289	0.9532838607
0.9744265076	0.9709238977	0.9557011817	0.952941141	0.9532933712	0.956974786
0.9736274726	0.9584060071	0.8966867563	0.9534397365	0.955435027	0.9564244992
0.9740812101	0.9361938008	0.9524554584	0.953613619	0.9623151766	0.9491462447
0.9324498975	0.9134559387	0.9605745935	0.9475041724	0.9392062841	0.9633514608
0.963897322	0.9552790454	0.9584869124	0.9535480377	0.9557907422	0.950645952
0.9481145723	0.9535842984	0.9525959698	0.9639442883	0.9557888908	0.9497799711
0.9390136648	0.9431195167	0.9199642763	0.9644843261	0.9567139556	0.9603067845
0.969480959	0.9580163657	0.9479879679	0.9314573644	0.9386138822	0.9513794
0.88770054	0.9540053683	0.9605119811	0.9516554383	0.9457214279	0.9572348938
0.9630885266	0.9605243295	0.9415945516	0.9537940368	0.9438543022	0.9511755146
0.915508106	0.9479671677	0.9443522455	0.9593205728	0.9615360413	0.9582915334
0.9703928334	0.9628295466	0.9589269813	0.9589283091	0.9585098023	0.9489244979
0.9624580636	0.9250410301	0.9735247675	0.9349760729	0.9355417232	0.9584786107
0.9548046297	0.929480439	0.9468070957	0.9556044483	0.9471215175	0.944150705
0.9652467352	0.9600647336	0.9580185552	0.9595793838	0.9281491789	0.9588114683
0.9598674501	0.960394559	0.9461549914	0.9557123403	0.9575433332	0.9656385149
0.8998483231	0.9599939815	0.9654974878	0.9474284048	0.9479077873	0.9702345274
0.9534414928	0.9407200487	0.9240271069	0.9222681082	0.9509921978	0.9544497968
0.970954779	0.9731628039	0.9549870758	0.946139412	0.9647811483	0.9541803232
0.9705822869	0.9740627119	0.95460061	0.9560411749	0.9418436242	0.9598634498
0.936773517	0.9557645249	0.9680747932	0.9483207655	0.9449643816	0.949411562
0.952463189	0.9620083478	0.9641253115	0.9558207981	0.9498218176	0.959078171
0.9467266848	0.9689071462	0.9413062061	0.944352973	0.9582292748	0.942781374
0.9792283789	0.9541737083	0.9630730057	0.959354563	0.9625695004	0.9528369345
0.9528785359	0.9423369006	0.9580237742	0.9564746888	0.9449863007	0.9406448626
0.974751413	0.9678033593	0.950505465	0.9343288344	0.9563780154	0.9522431845
0.9573265744	0.9620556512	0.9593728015	0.9613267605	0.9462500738	0.9580065411
0.9708306562	0.9471173022	0.9591656013	0.9649070389	0.9463153553	0.9485893862
0.9747625099	0.966080742	0.9533708425	0.9506889	0.9454186779	0.9536628947
0.9366298873	0.9520702322	0.9709094661	0.9509467945	0.9346477458	0.96393843
0.9600652165	0.9583605775	0.9533792538	0.9581289957	0.9496888137	0.9525592548
0.9134462494	0.960033314	0.9594748262	0.9735120305	0.9522114692	0.945695669
0.9305983244	0.958083396	0.95397596	0.9489991583	0.9578887734	0.9504416697
0.9589936354	0.9514959707	0.9621302944	0.9356355268	0.9638539777	0.954085212
0.9394915395	0.958893748	0.9528979199	0.9567121401	0.95756445	0.9499649183
0.9718876482	0.9693595032	0.933586521	0.9525279765	0.960808338	0.9612585364
0.9706584364	0.9373759776	0.9654545216	0.9504980695	0.9602876551	0.9603986606
0.9367845675	0.9478424512	0.965318873	0.9648301712	0.9538622575	0.9577042478
0.9738013161	0.9661983188	0.9529316988	0.9408360341	0.9530268291	0.9451571796
0.9499843088	0.8976654591	0.9590250786	0.9634824876	0.9349766418	0.9601070078
0.9434088331	0.9526050245	0.9558354414	0.9505829089	0.9557588776	0.9489703976
0.9695272632	0.944998274	0.9532693661	0.9547290889	0.9596098811	0.9480694586
0.9475576442	0.9372026529	0.9579026274	0.972582123	0.9576555281	0.9551606625
0.9655389318	0.9688962832	0.9472421552	0.9492449905	0.956482446	0.9539750553
0.9578252579	0.9522553316	0.9732242503	0.9578187955	0.961351002	0.9528074353
0.9117551551	0.9553190925	0.9063236523	0.9562038829	0.9565821082	0.9491775535
0.9677612835	0.9618419419	0.9531168842	0.9542970905	0.9598531428	0.9518006947
0.9313181579	0.9384168556	0.9604857235	0.9530104659	0.9597169686	0.9461677229
0.9791765144	0.9615589151	0.9639613138	0.9469470932	0.9437027528	0.9551464815
0.9425486888	0.916995964	0.9563133024	0.9465849311	0.9521110832	0.9515664526
0.9211106431	0.9470147842	0.9442222829	0.9491995772	0.9469442633	0.9523693423
0.9210042845	0.9513513064	0.9474642542	0.9550230148	0.9501919788	0.9546796375
0.9759588284	0.9613785694	0.9393877069	0.9433380979	0.9587113607	0.9526130417
0.9531382314	0.9696886716	0.9646580921	0.9642428343	0.9611996645	0.9539441363
0.9851230939	0.9464279728	0.9570103645	0.9544393443	0.9565373051	0.95968289
0.9718663757	0.9498778357	0.9598184923	0.9490227583	0.9476348899	0.9578328673
0.8971275694	0.9659669131	0.9530975476	0.9565878947	0.9584855954	0.9444414642
0.9639974901	0.9432491217	0.9561243343	0.943947846	0.943043741	0.951398286
0.9846015107	0.9666846069	0.9619183477	0.9759650744	0.945931772	0.9436252111
0.9442094418	0.9640053188	0.9481063074	0.9258862751	0.9478784607	0.9612848457
0.9627843683	0.920908589	0.9531293843	0.938048128	0.9511854412	0.9560499226
0.96989576	0.9305438743	0.9489580396	0.9582137557	0.9379366083	0.9532007436
0.9774470988	0.9680785984	0.9491291729	0.9670281201	0.9614195705	0.943294681
0.9714958624	0.9565386723	0.9441355185	0.953782769	0.9515797331	0.9515546
0.9475836852	0.9630886034	0.9620184562	0.9586618506	0.961635368	0.9568370452
0.9760266816	0.9525455938	0.9394421718	0.959455984	0.9487434883	0.9406947017
0.9733879425	0.9581663295	0.9638279049	0.9546015814	0.9649978814	0.9547835785
0.9521443141	0.9559755793	0.957810507	0.9490659231	0.9634506855	0.9459564895
0.9349135204	0.967356986	0.9468680533	0.9469974308	0.9651794951	0.9611297859
0.9665964002	0.9607599928	0.9590383443	0.9445859654	0.9506400591	0.9453778254
0.9644999935	0.959315768	0.9487702818	0.9550827916	0.9579138949	0.9511291371
0.9284737652	0.9737661865	0.9363066949	0.9352382826	0.9412268648	0.9604209708
0.9770722787	0.9373014731	0.9581244352	0.9589457588	0.9439204015	0.9483720088
0.9688692586	0.9550447679	0.9533327499	0.9676805009	0.9613089298	0.9527588968
0.9154067177	0.943551507	0.957950538	0.9471311947	0.9491411843	0.9549041053
0.9719672571	0.9517386139	0.9509321232	0.9582038874	0.9482561538	0.9523499216
0.9611501077	0.9529471697	0.9508812413	0.9581079465	0.9465795611	0.9546113563
0.9687526956	0.9679540726	0.9261207815	0.947649	0.9631043871	0.9501568795
0.9673794492	0.9622970211	0.9524035897	0.9454425143	0.9446273272	0.945713567
0.9580895807	0.9563676682	0.940257407	0.9593776726	0.9467285479	0.9522492102
0.9747908904	0.9568463204	0.9478339553	0.9624659619	0.9559008685	0.9450999222
0.9746857173	0.9692672391	0.9465776306	0.9429090381	0.9547602917	0.9591273849
0.9650200824	0.9455421617	0.9369917535	0.9532150335	0.9539256146	0.9477479918
0.9492448662	0.9561318773	0.9567134477	0.9676283003	0.9542346102	0.9516606586
0.9571991735	0.9652163813	0.9672181434	0.9621259414	0.9518098424	0.9454605124
0.9694071015	0.9497972581	0.9618686597	0.9552414706	0.9651279436	0.9507066554
0.9436630915	0.9543390183	0.9444730989	0.9594459352	0.9513286514	0.9489529081
0.9407429659	0.9444885316	0.9595524026	0.959291786	0.9491149064	0.9478187788
0.9174610706	0.9513886169	0.9600293995	0.9569077906	0.9551692002	0.9503873141
0.9471013233	0.9598814817	0.9495310656	0.9596388154	0.9446482212	0.9512183883
0.9718814719	0.9564933034	0.965057012	0.952127987	0.9621044331	0.9449249301
0.9594828152	0.9409878358	0.9524989928	0.9422611636	0.9594112849	0.9636911067
0.9802151427	0.9602432925	0.9434603088	0.9446009906	0.9697364618	0.9602320949
0.9608035128	0.9490577488	0.9566710065	0.9590823699	0.9373919089	0.9536808373
0.9688849404	0.9651752108	0.9463277576	0.950633555	0.9612019408	0.9568595222
0.959171679	0.9574775385	0.9454957369	0.9390068537	0.9518220364	0.9421639979
0.9248356152	0.9550515346	0.9677889828	0.9537620987	0.9565417631	0.9454224071
0.9366809306	0.9309273889	0.9489902739	0.9478320443	0.9597844728	0.9421869346
0.9846818849	0.9626470907	0.9514261801	0.9555321193	0.9448920881	0.9472117229
0.9249369913	0.9561014145	0.9710049445	0.9473060429	0.9563622691	0.9557479247
0.964759925	0.9647912876	0.9673984757	0.967179593	0.9566485422	0.9494470955
0.9777660244	0.9618617247	0.950775552	0.952397933	0.947408089	0.9556832568
0.9325578119	0.9535740186	0.9207104708	0.9532529516	0.9474845562	0.9541572885
0.9704545728	0.9492245273	0.9478274219	0.9409264729	0.9653940188	0.9557963539
0.9552051825	0.9617225035	0.9547044519	0.9493662335	0.9407930375	0.9476247564
0.9823700502	0.9677809193	0.9551302588	0.9503186571	0.9484073444	0.9598746756
0.9704227912	0.9506697313	0.9692579277	0.9629959588	0.9560871093	0.9511286816
0.9684595577	0.9407361885	0.9388057496	0.9599421951	0.9526871238	0.951691864
0.9687433811	0.939358277	0.9706844728	0.9542010584	0.9526903216	0.9537320879
0.9885234785	0.9436186581	0.9415792487	0.9468348492	0.9383004011	0.9592317013
0.9685473224	0.9647406461	0.9213657722	0.9346268945	0.9722234771	0.9536559858
0.9714384873	0.9595341552	0.9480903296	0.9587896212	0.9589016815	0.9586884814
0.9714258011	0.9706820209	0.9611927113	0.9511605382	0.9500844692	0.954945101
0.9794887026	0.9725836558	0.9494815752	0.9569901903	0.9534384909	0.957469914
0.9700174926	0.9657401383	0.953104512	0.9510970243	0.9580565389	0.9490488461
0.9708900177	0.9445649589	0.9538921335	0.9585499461	0.9526958987	0.9555872237
0.9752249544	0.9354602743	0.9600436886	0.9612918949	0.9640851833	0.9582434267
0.9561340284	0.9690957544	0.9599021332	0.956167698	0.9529270065	0.9495751874
0.9270047634	0.9668470348	0.9643012415	0.9526279958	0.9459934587	0.9567896011
0.9653989963	0.9573146295	0.9400239752	0.957454417	0.9552852572	0.9535091861
0.9780982123	0.9657656565	0.9613257916	0.9565734788	0.9607642046	0.953512722
0.9047620773	0.9737271887	0.9494227292	0.9580396545	0.9500519073	0.9553883322
0.9549031143	0.9668118512	0.9285990132	0.9491308402	0.9493908811	0.9552986186
0.9696283092	0.9546804096	0.9554707322	0.9477979496	0.9531714333	0.9545261458
0.9511317538	0.9693217761	0.9572072604	0.9500036032	0.9510911533	0.9520740633
0.9741783443	0.9558623093	0.963440434	0.9459576914	0.9510579055	0.950461797
0.9424254417	0.9399051377	0.9686833183	0.9576293327	0.9550721449	0.9500407942
0.9706368933	0.956657896	0.9392470402	0.9480655877	0.9469520093	0.9510525031
0.9873808985	0.9532445745	0.9572537053	0.9632356659	0.9436839066	0.9543580922
0.9606690984	0.9567350782	0.9514269212	0.9398044149	0.9558128323	0.9573099882
0.935536869	0.931132142	0.9622438833	0.9535226121	0.9555923541	0.9506163757
0.9220012738	0.9465739836	0.968024109	0.9667175952	0.960822322	0.9497110608
0.9448255022	0.947752019	0.9586588931	0.9469035036	0.9517977487	0.9478253899
0.9612156378	0.9280433307	0.9477254501	0.9508777986	0.9527966762	0.963190945
0.9628625681	0.9737419832	0.9533437498	0.950950455	0.9447165762	0.9505986143
0.9822026623	0.9569596558	0.9515522745	0.9411661072	0.9579054461	0.9441871719
0.9489330297	0.9690475777	0.9528905867	0.95469398	0.9447483122	0.9451946278
0.94882331	0.9680537627	0.9707964011	0.9497221607	0.9548716356	0.9538009518
0.9499392881	0.9569890526	0.9457845834	0.9371230365	0.9652841138	0.947855598
0.9548755192	0.9504328289	0.9378336185	0.9513228062	0.9596610766	0.9583403432
0.9651214411	0.9591525853	0.9444459556	0.9597726055	0.9505896916	0.9530284112
0.9787278541	0.9702538859	0.9214297113	0.9542262297	0.957377801	0.9547664341
0.9448718389	0.9576669399	0.9525233847	0.9398234628	0.9552373684	0.9492435347
0.9715640507	0.9273076689	0.9559046038	0.9462172888	0.941518689	0.9564282415
0.9649208467	0.9588628106	0.9625558896	0.944988801	0.9553256914	0.9481155374
0.917109976	0.9649326697	0.9552187041	0.9447057504	0.9532839629	0.9537808517
0.9548498497	0.9318406889	0.9661350742	0.9559703301	0.9579207341	0.9472521985
0.9508119168	0.9515768883	0.9587853783	0.9554572665	0.9572081721	0.960339583
0.9427892199	0.9625531523	0.946928818	0.9556533897	0.9462734538	0.9524526685
0.9309748102	0.9692989304	0.9559360558	0.9579594872	0.9601656382	0.9425811208
0.8952887271	0.9464716196	0.960985689	0.9634319252	0.9429777277	0.9526879683
0.9405836125	0.9550033581	0.9427054732	0.9418404743	0.9493446476	0.9551541858
0.9779796702	0.943347585	0.9531586574	0.9559939037	0.9390486595	0.9579784979
0.955446334	0.9720368542	0.9540166062	0.9573549552	0.9500556703	0.9455381571
0.931286859	0.9662077813	0.9720243773	0.9532289316	0.9561523883	0.9508516062
0.9656410202	0.9708382381	0.9517492672	0.9580017794	0.9481559664	0.9543208443
0.9688418763	0.9429033924	0.9622298368	0.9688360718	0.9490148155	0.9531190343
0.9367191055	0.9803351881	0.9634270606	0.9633650601	0.9586258461	0.9359352687
0.9710013025	0.9460695824	0.9593861796	0.9484495176	0.9496313535	0.9600599356
0.9782514655	0.9477422768	0.9495671741	0.9636920733	0.9561612526	0.945333534
0.9401599491	0.9115724536	0.9635813705	0.9744235535	0.9622542358	0.9489680237
0.947530506	0.9709675596	0.9566475634	0.9398029007	0.9437493528	0.9438457617
0.9805843178	0.9540096075	0.9523087397	0.9439596184	0.9563763199	0.9541628032
0.9668906683	0.9392413629	0.9597420841	0.9569951017	0.9423815241	0.9560847862
0.9669689054	0.951461522	0.9621714315	0.9500151378	0.9609248739	0.9472299651
0.9325710292	0.9499337294	0.9441039418	0.9609236546	0.9537233455	0.9541912276
0.9723573536	0.9518061456	0.9436002256	0.9611203899	0.9607118763	0.9485716008
0.9795291942	0.943551197	0.9455453849	0.9441099721	0.9613570654	0.9462921691
0.949236929	0.9432208038	0.9199752604	0.9459057775	0.9504568835	0.9466381286
0.9594512714	0.9725318818	0.9556253497	0.9577359766	0.9457997942	0.9557010612
0.9602362023	0.9255548359	0.9564061629	0.9543887522	0.9567265763	0.949323308
0.9679705485	0.9488615487	0.951282009	0.9556127525	0.9704089119	0.9562301129
0.9624955248	0.9526438099	0.9582922342	0.9477499817	0.9480360035	0.9511599621
0.952112403	0.9575835027	0.9719062715	0.9615405169	0.9516793155	0.9437105001
0.9815605075	0.9526619459	0.9639928827	0.9483333181	0.9532119769	0.9373310952
0.9391178989	0.9559784389	0.9575078794	0.9548743579	0.9558609781	0.9525004976
0.9483851106	0.9444461733	0.9406404319	0.9505168245	0.959831298	0.9550359079
0.9702865929	0.9556058185	0.935308637	0.9554658293	0.9469226737	0.9510820147
0.9470507864	0.9266083447	0.9593056239	0.9744347975	0.9621751733	0.9528850002
0.9724763643	0.9306812362	0.9450668199	0.9460562263	0.9463090685	0.9537046962
0.9608314494	0.9331351093	0.9499982788	0.9605817729	0.9514284551	0.9570205429
0.9553712039	0.9539184281	0.9529412136	0.9626630799	0.9499215765	0.9422421713
0.9572639207	0.970929378	0.9280447791	0.9507786833	0.9570260229	0.9521790764
0.9672867603	0.9539137796	0.9425889647	0.9428575943	0.9474898967	0.9542986233
0.9471676688	0.956437315	0.9611742759	0.9536046263	0.9586840194	0.9615153847
0.9606365856	0.9447267293	0.9514417123	0.9549458701	0.9450743181	0.9567442602
0.9331098522	0.9414632054	0.9586500492	0.9741309067	0.9539247603	0.9443845652
0.9720882224	0.9641951204	0.9468910776	0.9426352999	0.9566407889	0.9558544318
0.9389405089	0.9391939098	0.9532480205	0.9542222635	0.946280462	0.9392146364
0.9307074988	0.9541129735	0.94133075	0.9585162173	0.9484629292	0.9507599561
0.9768806747	0.9574693726	0.9587089003	0.9586840438	0.9561556269	0.9549444169
0.9449001317	0.945539201	0.9511999437	0.9464455088	0.9465617356	0.9480736635
0.9635958235	0.9517850927	0.9670439451	0.9537271739	0.9391346884	0.9509887118
0.9479258216	0.9526527592	0.95129241	0.9583395845	0.9373596504	0.9604638707
0.9603737499	0.9771712083	0.9687902656	0.9445999135	0.9644322745	0.9466928778
0.9743810436	0.955992262	0.9262670909	0.9626593543	0.9471767097	0.9494271183
0.9614084172	0.972954767	0.9548252965	0.9555419051	0.9458682138	0.9468129139
0.9127558183	0.9389548724	0.9460708504	0.9584059358	0.9475478982	0.9460850719
0.9742400542	0.9479010976	0.9524689764	0.9581245457	0.955648854	0.957274106
0.9605515703	0.9549617153	0.9466245218	0.9454623748	0.9608892944	0.9590755121
0.9053837162	0.9372678206	0.942187185	0.9547132869	0.9525549668	0.9382748693
0.9163834827	0.9537760831	0.9500671536	0.9671761092	0.9508833968	0.9577953177
0.915909353	0.9331732648	0.9613243298	0.9752538998	0.9613178064	0.9461956555
0.9222463704	0.9550002034	0.9277320565	0.9527163247	0.9521678021	0.9559664237
0.9613184191	0.959873639	0.9391156091	0.9564618157	0.9605683998	0.9581554985
0.9608651114	0.9628493658	0.9435907106	0.9570074329	0.9636927631	0.960178658
0.9620834561	0.9669592339	0.9577435523	0.9544453208	0.9471335153	0.9559154089
0.9753955993	0.9673696962	0.9441296976	0.948265957	0.9499898989	0.958354961
0.9572480639	0.9531544529	0.9467149775	0.955131608	0.9451808043	0.9598012851
0.9399233248	0.9524505932	0.9627589657	0.9540577518	0.9449010735	0.9541474614
0.9529287076	0.9517642051	0.9685748667	0.9530628095	0.9493804179	0.9482091089
0.9772349714	0.95062658	0.9547707197	0.9495490111	0.9312117462	0.9434467008
0.9216259078	0.9531605179	0.9316463263	0.9543628351	0.9466133484	0.9515695265
0.9558488952	0.965116257	0.940449151	0.9622563787	0.9649451498	0.955936818
0.9712148633	0.9477235732	0.9561756037	0.951233375	0.9449783949	0.945252495
0.953255445	0.9534456634	0.9507666218	0.940071428	0.9450416769	0.9532080936
0.9357257383	0.9400702536	0.9406019519	0.9553260744	0.9515604397	0.9608035815
0.9813080586	0.9658396331	0.9531651358	0.9471891771	0.9580221474	0.9626393561
0.9608218612	0.9583997688	0.967902116	0.9583087459	0.9604325608	0.9447634112
0.9784649508	0.9605462561	0.9506896505	0.9632936998	0.959997479	0.9425013723
0.9743266411	0.9359479451	0.95500627	0.9580997759	0.9526059159	0.9455827288
0.9388005469	0.9746833504	0.9496662206	0.9622098619	0.9486321239	0.9526175444
0.9718481628	0.9401887261	0.9354913101	0.9523966559	0.9492049528	0.9423612737
0.9367664271	0.9509226003	0.9485719956	0.958697646	0.9580686295	0.9544626189
0.9868028626	0.9600986357	0.9279175071	0.9340320067	0.9580705499	0.9547023479
0.948057866	0.965066254	0.9403775377	0.9635381418	0.9517530158	0.9612688226
0.9788534717	0.9625693366	0.9514986659	0.960605395	0.9674353855	0.9529287013
0.9635241543	0.9709554965	0.9566492489	0.9514951547	0.9282232841	0.94833374
0.9704832449	0.9655598733	0.9532556109	0.9598435121	0.9477013089	0.9375541365
0.9756564895	0.9266207109	0.9278717454	0.9493435256	0.9534044126	0.9517482965
0.9690481966	0.9341163537	0.9444121567	0.9610496394	0.9419727927	0.9449613754
0.9671220773	0.9609446955	0.9571929241	0.9567545144	0.9494263046	0.9501066965
0.9460828292	0.9625200904	0.9506852363	0.9535237125	0.9599701138	0.9536609106
0.9527593911	0.9613202104	0.9652089939	0.9501751444	0.947449674	0.9472214544
0.9295472278	0.9425011821	0.9578898725	0.9458897632	0.9508978135	0.9588839351
0.9688009369	0.9519556804	0.9524612271	0.9581340818	0.9349906459	0.9487426553
0.9747092708	0.9566830238	0.940115362	0.9444502977	0.9537009937	0.9418150015
0.8970307186	0.93968256	0.9655125377	0.9592654923	0.9567408643	0.9538917738
0.925748142	0.9579152879	0.9495800197	0.950527532	0.9680262462	0.9584092432
0.951525995	0.9416939513	0.9512500272	0.9491558723	0.9510306148	0.9472047816
0.9664780259	0.9643873197	0.9475857838	0.9446737039	0.9529868265	0.9496784845
0.9687508951	0.8910952882	0.9614117366	0.9487257453	0.9614581852	0.9519380959
0.9724031367	0.9290991024	0.9738931799	0.9634866419	0.956081392	0.9533370122
0.9502819083	0.937916246	0.9564683349	0.9553475238	0.9625788801	0.9472441505
0.9617552615	0.9670378014	0.947968036	0.9428475467	0.9546795425	0.9613607311
0.970204572	0.9463877593	0.952508667	0.9388209964	0.9660275596	0.9510874055
0.9555501851	0.9370806659	0.9527063608	0.9544593389	0.9507534712	0.9487708687
0.9783136446	0.9163871612	0.9529799586	0.9549372687	0.9355110436	0.9472224053
0.9418971501	0.9447689208	0.9486218048	0.9574261524	0.9585217301	0.9599696763
0.9717683438	0.9597848042	0.9580067146	0.945426314	0.950207615	0.9500404887
0.9765039137	0.9276939635	0.9628037033	0.9437576256	0.9551545182	0.9448453129
0.945897619	0.9651833582	0.951053947	0.9547781663	0.9404509227	0.9580570534
0.9667436781	0.9582503325	0.9584026668	0.9571272739	0.9554703954	0.950862956
0.9447864748	0.9567910454	0.9609919406	0.9691475925	0.9484613667	0.9527317778
0.9523204211	0.9623100929	0.9459915934	0.9570334655	0.9701000905	0.9495876825
0.983853206	0.957754841	0.9565160778	0.9394986149	0.9519947234	0.954776143
0.9520122785	0.9673027513	0.9553576186	0.9582124088	0.9595689345	0.9563454143
0.9687059585	0.9696939809	0.9698315272	0.9592468921	0.963830109	0.9517848921
0.9619258947	0.9816980462	0.9678213519	0.9549351526	0.9395186085	0.9461890909
0.9818854808	0.9625915262	0.9660460486	0.9601391016	0.9351219242	0.9564861727
0.943997397	0.9474075834	0.9187952714	0.9500494785	0.9470865296	0.9506255257
0.9502013049	0.9422918492	0.950156008	0.9385990769	0.9339905824	0.9533583232
0.9575173208	0.9522835486	0.9587661593	0.9640696219	0.9532783951	0.9569396949
0.9231418975	0.9655636688	0.9448135563	0.9605265921	0.936071638	0.9570420926
0.9518491425	0.9283143927	0.9450214672	0.9663981936	0.9508947384	0.9421588433
0.9492060181	0.9438644879	0.9636752918	0.9581334531	0.9476982143	0.9550290568
0.9463509958	0.9542755882	0.9624275517	0.9560205581	0.9557742289	0.9547027207
0.9518649317	0.9539296091	0.972927942	0.9671892149	0.9671862773	0.9614696966
0.9493348682	0.9677143671	0.9605968941	0.963863006	0.9612406887	0.9460013887
0.9126942555	0.9513051023	0.9629239876	0.966136087	0.947127867	0.9466134363
0.9585542906	0.9541498894	0.9679849774	0.9427749473	0.9441437806	0.9528937526
0.909603393	0.9516465173	0.9433246624	0.9624481853	0.9560480346	0.9433593519
0.9264380882	0.9475045666	0.9488105296	0.9515707107	0.9375804423	0.9558214493
0.9698597285	0.9675675176	0.9546892994	0.9587015064	0.9469845354	0.9565814755
0.9475820866	0.9452651791	0.9555195296	0.9613415265	0.9579399389	0.9499508132
0.9528445438	0.9351711357	0.9584489392	0.9585778783	0.9460836017	0.9524892993
0.9647925262	0.9585700912	0.956400066	0.9535462655	0.9618731338	0.9582568973
0.9805260758	0.9670233541	0.9527415354	0.9395296256	0.9427638031	0.9614374881
0.9578554176	0.9677537891	0.9669327448	0.955457832	0.9531065099	0.9622066778
0.9439113947	0.9678234473	0.9403329384	0.9433612928	0.9296114685	0.9495629879
0.9689801014	0.9462097782	0.9714246856	0.955060386	0.956300577	0.9600802943
0.9407542653	0.9615920541	0.9558093327	0.9501429442	0.9450012916	0.9526548386
0.9740523903	0.9502335464	0.9294323265	0.937333945	0.9635211682	0.9406410172
0.9560128805	0.9233392021	0.9644069962	0.9542691813	0.9694971246	0.9528517854
0.9444290494	0.9619890819	0.9430057629	0.9635593297	0.9369917961	0.9521426818
0.9452912326	0.9688238662	0.9377576878	0.9549246985	0.9609799819	0.9494001667
0.9505890309	0.9723208159	0.9605104662	0.9692718283	0.9463953919	0.9371178674
0.9696793745	0.9614248462	0.9479360337	0.9351344479	0.9642033964	0.9568426499
0.9429160997	0.9648097375	0.9408703	0.9334814567	0.9638395456	0.9538892241
0.9146472901	0.9324388941	0.9426048546	0.955815024	0.9495348133	0.9627650218
0.941138118	0.9461474758	0.9643032515	0.9405627735	0.959250493	0.9564350222
0.9590959346	0.9335100115	0.9458577757	0.9660623641	0.9502408541	0.9570991972
0.9606588574	0.9576651734	0.9697214583	0.9683297502	0.9572720809	0.9552789453
0.9715891936	0.9529786219	0.9467491022	0.9533134703	0.9505030588	0.947209125
0.9855673467	0.9716813802	0.9353975246	0.9397321455	0.9394215765	0.9560876233
0.9741038317	0.9510096615	0.9416912095	0.9573309239	0.9471584584	0.9583618436
0.9605827238	0.9653050342	0.9413804817	0.9503118169	0.9523840086	0.9555784598
0.9516754168	0.9651311673	0.9544637315	0.9245098885	0.9641394167	0.9561528557
0.9522087852	0.957822943	0.9539821808	0.95826438	0.9574006499	0.9498090908
0.9551646729	0.9532400896	0.9607756009	0.9603004425	0.955018733	0.9510157522
0.956392273	0.9697294485	0.968331232	0.9411844148	0.9491986488	0.9258840639
0.9503234174	0.9413838245	0.9661506973	0.9667529634	0.9627139694	0.9613132036
0.9739342746	0.9482468048	0.956051453	0.9535092335	0.9559883723	0.9614154115
0.9713440419	0.9628346973	0.9616720759	0.9560628442	0.9458811884	0.948672293
0.9701221557	0.9685232301	0.9439467013	0.9571879737	0.9553628896	0.9615754384
0.9739580155	0.9437556493	0.95238038	0.9527044497	0.9572897567	0.9486853119
0.9777241903	0.9423786631	0.9551024074	0.9645330974	0.9579301479	0.9398783249
0.9447712838	0.9503756124	0.9479473871	0.9422222434	0.9559080507	0.9507902001
0.9788850742	0.9684263899	0.9724666826	0.9508811503	0.9574846867	0.9549374146
0.9634956049	0.97198336	0.9586883555	0.9587201533	0.9507619469	0.9442437443
0.968361269	0.9595436571	0.9383964752	0.947793306	0.9612454585	0.9600370331
0.9749345696	0.9423547987	0.9442987192	0.967463622	0.9621639081	0.96179486
0.9752008518	0.9593465227	0.9599509981	0.9611306282	0.955922568	0.9592876623
0.9637720714	0.9443498203	0.9452786026	0.960256325	0.9570739965	0.9351962791
0.9704473188	0.970951127	0.9669911221	0.9577629089	0.959046437	0.9529150211
0.9775311527	0.9647958626	0.955674578	0.9611805885	0.9491683311	0.9535588855
0.9701592858	0.9497313781	0.9556883132	0.9509320771	0.9579917014	0.9494471556
0.9261754723	0.9591982144	0.9396135382	0.9584563061	0.9584964291	0.9531141241
0.9696493614	0.9635223391	0.9504009642	0.9651328152	0.9654666147	0.9610356313
0.9805487735	0.9339789078	0.9449488802	0.9384874603	0.9516652729	0.9551792544
0.8760652028	0.9514331632	0.9537508924	0.9435896397	0.9624457775	0.9390620363
0.976392506	0.9613912857	0.9658434642	0.9594953444	0.9411618741	0.9434105824
0.9578405814	0.9813159009	0.9490686927	0.9523684335	0.944293773	0.9463194868
0.9427745754	0.9449170046	0.9527522541	0.9527752172	0.9597978631	0.9483213294
0.9523756797	0.9543684311	0.957596099	0.9448197414	0.9549531154	0.9479028592
0.9601730512	0.9555759262	0.9535541508	0.9318419502	0.9457520504	0.957903453
0.9584860702	0.9698078969	0.9624997207	0.9660120072	0.9488157627	0.9481521452
0.981934673	0.9486564224	0.95017526	0.9373237643	0.9461774312	0.9553098592
0.9160231433	0.9676166967	0.9663505984	0.9535101199	0.9332693977	0.9543668666
0.9510835065	0.9356289003	0.9619711004	0.9518662969	0.9465693811	0.9589582451
0.9610391909	0.9322660851	0.9397123708	0.9431252977	0.9598800076	0.9540457437
0.968268982	0.9357943696	0.9177376172	0.9418375474	0.9471331765	0.9660537225
0.9555717907	0.9656727128	0.9437354923	0.9540741115	0.9496012086	0.9513604317
0.9802943987	0.9476833768	0.9496618319	0.9476559002	0.9535084204	0.9595166976
0.9761239564	0.9598191584	0.9576882447	0.9353142564	0.9559805242	0.9543808631
0.9644678002	0.9718541412	0.946689813	0.9415164296	0.952641695	0.9490035916
0.9728835811	0.9466132893	0.9421041475	0.9502837609	0.9580134101	0.9598656276
0.9723691918	0.9495208899	0.9462411854	0.9516330517	0.9553568014	0.9461201116
0.9473243146	0.9359399055	0.9551757878	0.9549459364	0.9423573018	0.9580041065
0.9605799257	0.9558587637	0.9484877237	0.9512225598	0.9436888475	0.9514074552
0.9592455105	0.9519835719	0.9498872951	0.9676601397	0.9556137095	0.9631703618
0.9768770233	0.9364043054	0.9622582785	0.9535935064	0.9581303479	0.9639077184
0.9616295117	0.9156525452	0.9548252871	0.9559856362	0.9461161964	0.9625265543
0.9239146598	0.9618312152	0.9589449006	0.9422598418	0.957027425	0.9364586067
0.9297647477	0.9589377766	0.954494592	0.9495066096	0.9373960335	0.939747561
0.9548570498	0.9628917914	0.9609966105	0.9580201472	0.9566517839	0.9598985941
0.9745358386	0.9178765734	0.9706363284	0.9371949259	0.9551738578	0.9588232775
0.9575738441	0.9541862073	0.9629145402	0.9524745948	0.9365353232	0.9638421783
0.9682708841	0.9575120505	0.9580897697	0.9477674961	0.9506862319	0.9571295313
0.9636748971	0.9667907701	0.9205609716	0.9432184436	0.935731442	0.956236407
0.9495368067	0.9503908884	0.9594828343	0.9536789493	0.9484229249	0.9552455027
0.9782226596	0.9480127174	0.967791614	0.946667875	0.9506739677	0.9488832898
0.9492446526	0.9492541449	0.9482418134	0.9502546312	0.9434384576	0.9402635662
0.962441514	0.9596683875	0.94186634	0.9748987792	0.9382827109	0.9443431346
0.9661019489	0.9463594506	0.9477218658	0.9472017124	0.9537337348	0.959320783
0.9704194433	0.9586718066	0.9620248567	0.9459849189	0.9434385037	0.9614706035
0.9687491952	0.9525172219	0.9586951285	0.9448149834	0.9447846056	0.9581799599
0.9680483442	0.954300262	0.9590897044	0.9508798551	0.9439687295	0.9478196993
0.979437082	0.9375881166	0.9479762072	0.936455159	0.958336563	0.9609263037
0.9180813754	0.9659219321	0.9620555529	0.9643251641	0.9501620896	0.9443260392
0.9859409797	0.9507765124	0.9575987743	0.9432729821	0.9537269717	0.9512712102
0.9891700106	0.9554898997	0.9562865637	0.9571990545	0.9495148843	0.9491442156
0.9475446307	0.9525170666	0.9580011531	0.9329713887	0.9493201716	0.9528304296
0.96660415	0.9445306799	0.9586966055	0.9579238022	0.9602451966	0.9513980397
0.9665316956	0.9650668497	0.9493195125	0.961066784	0.9641421417	0.9440664847
0.9615745021	0.9546675517	0.9648198236	0.9467337187	0.9448494359	0.9577332428
0.927060992	0.9539658247	0.9561179524	0.9516903573	0.96015982	0.9556540443
0.9542412601	0.9704080116	0.9483487363	0.9659469818	0.9532581774	0.953350402
0.9414624282	0.9531842462	0.9510503065	0.9530988287	0.955792859	0.9547535684
0.9466289621	0.9426279846	0.9607974624	0.9477679884	0.9542787397	0.9477678923
0.9236439344	0.9541706073	0.9370811878	0.9625292949	0.9420925015	0.9415652206
0.9597613032	0.945472798	0.9372811633	0.9554303241	0.9482178144	0.9604608165
0.9468918747	0.9656597918	0.965498389	0.9654601443	0.9555414554	0.9589006334
0.9792626342	0.942250424	0.9330642622	0.9531965804	0.9416754382	0.9536509738
0.9049115417	0.9491863045	0.9526392112	0.9401175123	0.9326040174	0.9604449988
0.9276487482	0.9601116742	0.950180774	0.9510861905	0.9513425937	0.954660692
0.9469115846	0.9681460898	0.9502743096	0.9589692552	0.9608465749	0.9560669172
0.9489409541	0.9606970341	0.9482872626	0.9462122708	0.9441754588	0.9410792946
0.9713355307	0.9476044718	0.9538727536	0.9545023586	0.9630168166	0.9572034964
0.8719311173	0.9572107723	0.9685386358	0.9577752896	0.9674085163	0.9507558154
0.9394848533	0.9322413396	0.9578599007	0.9579921648	0.9585240707	0.952663561
0.9482322815	0.9266029021	0.9473319191	0.9524741268	0.9548721514	0.9604453788
0.9514840167	0.9694364202	0.9383380644	0.9638454313	0.9537702246	0.9612485996
0.958534824	0.9371013782	0.9563856374	0.9558258826	0.948661234	0.945590581
0.9617603634	0.9710569463	0.9425074975	0.9511955936	0.9399577748	0.9549481157
0.9246663282	0.9750878938	0.9763229023	0.9563945156	0.9569867754	0.9564013674
0.9813954439	0.9610042053	0.958216356	0.9545406117	0.9587661787	0.9473528857
0.9804964691	0.9370385303	0.9345579858	0.9281572417	0.9640706197	0.9534526754
0.9363172811	0.954944407	0.9545345184	0.9488409592	0.9589487091	0.9521623969
0.9634643971	0.9459554208	0.9396661765	0.9425439851	0.9339685662	0.9526802922
0.9775733506	0.9624783665	0.9451551509	0.9312109413	0.9618016641	0.9511960418
0.9746139678	0.9662104028	0.9688258046	0.9417342256	0.965390108	0.9434215437
0.9568567994	0.9569575451	0.9338962565	0.9359164394	0.958756457	0.956895756
0.9524806031	0.9323265555	0.9499759526	0.9454956551	0.9599378412	0.9457453967
0.9484092286	0.9737480791	0.9359227624	0.9471869022	0.9612771502	0.9426649101
0.9720375784	0.9460288829	0.9314009986	0.9632925142	0.9603844624	0.96331364
0.9355583312	0.9385901112	0.9551466726	0.958367756	0.9516323481	0.9572969391
0.9702305661	0.9655917342	0.9287550575	0.9452411587	0.9427590114	0.9551366978
0.9752798328	0.9511347832	0.9590572399	0.9486435672	0.9557569721	0.9576807894
0.9691658563	0.940020117	0.9644387306	0.9409116465	0.9560984218	0.9536545733
0.9483084889	0.9591058369	0.9325599306	0.9403416427	0.9514776385	0.9486262711
0.9552880322	0.9417015836	0.9360824206	0.9297332531	0.9516022531	0.9528981961
0.9211843258	0.9647084966	0.9391181229	0.940264837	0.9570033721	0.9619454174
0.9762873755	0.9607636369	0.9465362823	0.9514089962	0.9315819018	0.939415987
0.9607874707	0.9636048306	0.9580459432	0.9510049731	0.9422554362	0.9588830997
0.9765490412	0.9654763787	0.9551004801	0.935617201	0.932054562	0.9548620823
0.9577460827	0.9474219814	0.9618601507	0.9379298953	0.9582480448	0.9471082392
0.9807392908	0.9275830218	0.9340121713	0.9528373814	0.9515740815	0.9603178711
0.9580825586	0.9685640833	0.9630387234	0.9507055953	0.9670865485	0.9624277658
0.9718173719	0.9491074337	0.9498614246	0.9453986457	0.9299816632	0.9593655113