0.9739281674	0.9711908387	0.9626794623	0.951048397	0.9544413926	0.9613012014
0.9669386271	0.9691036587	0.9632295013	0.9457428653	0.9551601397	0.9511692318
0.9760418382	0.9676989697	0.9523006761	0.9504487634	0.9501488594	0.9502036726
0.9525996951	0.9563969998	0.9535515439	0.9657024315	0.9530162804	0.9592866718
0.9852914017	0.9611676105	0.9506762472	0.9618105806	0.9564870671	0.9516043673
0.9799290614	0.9701791852	0.9653745678	0.9744431445	0.965648052	0.9542674896
0.9810604369	0.9577966881	0.9649222534	0.9722688586	0.9609695037	0.9611207868
0.9657777592	0.9614049203	0.9567329237	0.9591582211	0.9540414285	0.9459583911
0.9771265451	0.9514428166	0.9745633007	0.9606872634	0.9644919227	0.9543803851
0.9600176807	0.9621763671	0.9602117826	0.953414264	0.9613581372	0.9556141188
0.9549479037	0.9590773144	0.9607653023	0.9599621753	0.954397237	0.9578928685
0.9682963948	0.9544530877	0.9621426572	0.9441633831	0.9619905574	0.9515736488
0.9831224561	0.9612481283	0.9729906619	0.9650683892	0.9596389955	0.9502472112
0.9818009704	0.9576560031	0.9632275914	0.9584364892	0.9680423207	0.9662560286
0.9704014258	0.9521741833	0.9611344995	0.9614709213	0.9448830138	0.9636496194
0.9080149906	0.9633838463	0.9643969801	0.9591820288	0.9586559997	0.9588198202
0.9763687656	0.9590618816	0.9560254336	0.9655444754	0.9501769266	0.9449632673
0.9783260375	0.9622064586	0.9603807957	0.9701725075	0.9608672114	0.9575684236
0.9775597722	0.9478623769	0.9409689875	0.9537218745	0.9456104546	0.9529873156
0.9792368482	0.9369119671	0.9602644488	0.9545491916	0.9531169403	0.959663692
0.9815647635	0.9642518738	0.960063896	0.9502848402	0.9520203808	0.9531219942
0.9513133042	0.9637748405	0.9585006289	0.9691983189	0.9584573375	0.954550392
0.9603678764	0.9417371067	0.9591963236	0.956462923	0.9500487919	0.9624306843
0.9708210843	0.9728727183	0.9594053647	0.9546954485	0.9440503667	0.9608790573
0.9831448131	0.9539787386	0.9504813078	0.9709504134	0.9572409969	0.9617792187
0.9563229541	0.9648450872	0.9668610061	0.9643185472	0.964047401	0.9464066501
0.9795874737	0.9754586077	0.9572166591	0.9563410858	0.9568333211	0.9639953614
0.9695059638	0.9611826988	0.9545818204	0.9590926706	0.9514368668	0.9539019376
0.9847591547	0.9618759021	0.965301918	0.9709442813	0.9618249146	0.9544326759
0.9752466883	0.9695683343	0.9720271197	0.9593414312	0.9664023269	0.9513528056
0.9639663093	0.9448769856	0.9631793737	0.9615904066	0.9496933957	0.962422935
0.9678901313	0.9461647108	0.9659078379	0.9603174381	0.9601929249	0.9582299788
0.9737467101	0.963019011	0.9616534205	0.9503820576	0.9568567789	0.9556460005
0.9695478337	0.9542892323	0.9558561795	0.9580983933	0.9543800675	0.9587745293
0.966838365	0.9593645422	0.9552570379	0.9484146481	0.9514366995	0.9573504893
0.9723648582	0.9557103101	0.9614893764	0.9653556258	0.9687458191	0.9564760765
0.9831616165	0.9569407953	0.9586172207	0.951909344	0.9589993719	0.9548433907
0.9520646891	0.9602716879	0.9689036285	0.9563989535	0.9617377701	0.9654437567
0.9760065076	0.9576082327	0.9558374226	0.9531471908	0.952054342	0.9552217143
0.9879353877	0.9760016384	0.9700273308	0.9544887827	0.9692243075	0.9608954086
0.9769174997	0.9559080656	0.9664065447	0.9506948035	0.9658854555	0.9485063129
0.966488797	0.9680564512	0.9619359482	0.9515878671	0.9552273399	0.9566137605
0.9546001226	0.9730825045	0.9583661337	0.9645981718	0.9643999966	0.9554779701
0.9782373795	0.9587719461	0.956121179	0.9650315502	0.9678564183	0.9595757386
0.9581445267	0.9406773842	0.9682354297	0.9588422166	0.9606516818	0.9506211235
0.9582255912	0.9682144276	0.9576209956	0.9440935716	0.9531830565	0.9528432353
0.978743973	0.9725361853	0.948227104	0.9493504148	0.9461155217	0.9561511857
0.9484462555	0.949806457	0.9604531024	0.9658291852	0.9644281226	0.9502024868
0.9768750327	0.9596867726	0.9629929042	0.9587695943	0.9569661145	0.9541411568
0.9774020785	0.9645576993	0.9627738888	0.952661604	0.969662875	0.9633883872
0.9582638532	0.9571912031	0.9648869774	0.9538801919	0.9626822934	0.9548561578
0.9568815605	0.9680422074	0.9701455221	0.9600261599	0.9628006657	0.9535607406
0.9699953241	0.9576960556	0.9542131815	0.9575210693	0.9676128463	0.9564819574
0.9471487678	0.9573223482	0.9651091822	0.9648839979	0.9510509802	0.946923718
0.9733933118	0.9631173776	0.9716493033	0.9557668225	0.94452306	0.9596342792
0.9682320241	0.967946358	0.9572171014	0.9628206914	0.971502878	0.9605619223
0.9843220853	0.9717376439	0.9659789801	0.9565375112	0.9457591653	0.962580051
0.976568116	0.9691882603	0.9559405427	0.962168783	0.9526407604	0.9540085007
0.9603014881	0.9749197965	0.9692687578	0.9447614337	0.9550109269	0.9605894715
0.9693121628	0.9620493011	0.9475902062	0.9429048787	0.9455436272	0.956825604
0.9816245361	0.9708177327	0.9493496783	0.9629708943	0.9729848883	0.9636844136
0.97937983	0.9535001258	0.9661440907	0.9616158467	0.9463654244	0.9474723898
0.9517647368	0.9629729992	0.9549140884	0.9626613872	0.9506809504	0.9556203053
0.9728933432	0.9691401799	0.9676393973	0.9590142103	0.95222687	0.9508685268
0.9505938122	0.9627181551	0.9618137364	0.9559561852	0.9638604544	0.9624199275
0.9549261584	0.9523647188	0.9672729032	0.9565684534	0.9672911093	0.9527122463
0.9644791043	0.9629187237	0.9636813526	0.9531484719	0.9641147439	0.9539508213
0.9381061423	0.959111004	0.9670697013	0.9703452713	0.9684203283	0.9593674416
0.9549114694	0.9545432984	0.9569437632	0.963891318	0.9481510927	0.954022026
0.9855515251	0.9769947301	0.9655083474	0.9388672283	0.9580565948	0.9648665494
0.9776832559	0.9541807752	0.9709836339	0.9528486767	0.951643928	0.9563028522
0.9859486152	0.9487566347	0.9701135684	0.958540672	0.9611852104	0.9577775572
0.9556896364	0.9703586417	0.9780429014	0.9543971791	0.9496246631	0.9557767856
0.9695533185	0.9554527668	0.9670131974	0.9547458281	0.9614425702	0.9567808639
0.9757131624	0.974841246	0.9457876676	0.9497500037	0.9635372551	0.9567165812
0.9522179794	0.9599071909	0.9570081073	0.96038569	0.9457485374	0.9614194676
0.9742098628	0.9673491245	0.9561078066	0.9560388987	0.9476241642	0.943844007
0.9654278175	0.9755362803	0.9558130888	0.9592124231	0.9610582335	0.9526996962
0.9776850034	0.9740808276	0.9618287108	0.9602172124	0.9481142385	0.9565550979
0.9641849213	0.9688506799	0.9695379875	0.9517149141	0.964149871	0.9542391284
0.9588443956	0.9642140717	0.9681609877	0.9572482177	0.94682949	0.9579640533
0.9658449635	0.942553558	0.9557978916	0.9702337523	0.960976237	0.9559166593
0.9786368858	0.9606136271	0.957761463	0.9589274541	0.9428776781	0.9614125063
0.9761304336	0.9785607014	0.9687736156	0.9600393003	0.955654091	0.9505309178
0.9780062041	0.9705269917	0.9530477643	0.9484474786	0.9464755276	0.9564804776
0.9651948698	0.9488535311	0.9586780912	0.9491999279	0.9561620614	0.9593102334
0.9597272027	0.9740236046	0.9588376723	0.9513561088	0.9548020956	0.956201546
0.9416111656	0.9509269729	0.9695862531	0.9601860416	0.9614785006	0.958493356
0.9627813766	0.9549688998	0.9665447829	0.9530227572	0.9480606009	0.9587759501
0.9811691218	0.9629030345	0.9586936027	0.9518160834	0.9490497461	0.9580575996
0.9540081927	0.9494187769	0.9659320319	0.9460267684	0.9610546402	0.9529163796
0.9672137166	0.9705067299	0.953921834	0.937311935	0.9597799837	0.9630786585
0.960904753	0.9697122979	0.9627302336	0.9655073918	0.9513694108	0.9557233655
0.9740671047	0.943495067	0.9529226451	0.9676679865	0.950166269	0.9530921208
0.94527032	0.9534154054	0.9657175168	0.9466165148	0.9673591662	0.9612787116
0.9601011181	0.9582440059	0.9440173902	0.9518698201	0.9560140616	0.9530859852
0.9617040883	0.9592994015	0.9690525953	0.9598979062	0.9672538173	0.956363359
0.9804867719	0.9478432914	0.9622180204	0.9555794266	0.9477650629	0.9547599744
0.9692465643	0.9548890777	0.9572001497	0.9507047846	0.962955508	0.9573879048
0.9738613156	0.9696086899	0.9502841394	0.9555592093	0.9522524383	0.9580098783
0.9849619987	0.9611003167	0.9622281193	0.9410479023	0.9557144452	0.9471737951
0.9611096847	0.9710412133	0.9700275044	0.9497105876	0.9664087805	0.9572815034
0.931864124	0.9567559854	0.9502927344	0.951236169	0.9422357369	0.9493474771
0.9783186681	0.9706704406	0.9546033788	0.9486196952	0.9509197378	0.9485790804
0.9660642208	0.9750888537	0.9558862588	0.9442636032	0.9575774255	0.9620043846
0.9779469121	0.9463281949	0.9523508462	0.9434651049	0.9550776206	0.9558049967
0.9795064484	0.973978897	0.9510567479	0.954505105	0.9330231515	0.9506086456
0.965552677	0.9409288043	0.9659589368	0.9535847939	0.9477874974	0.9465010448
0.984340026	0.9689372775	0.9466572456	0.9493518032	0.951233939	0.9585655524
0.9665494919	0.9731292256	0.9705889971	0.9623338502	0.9596687228	0.9545740956
0.9746605594	0.9643741973	0.9710987239	0.9615469036	0.9548760769	0.9473787347
0.9602400655	0.9333052817	0.972054505	0.9540542676	0.9486291186	0.9579488729
0.9727559391	0.9598985051	0.9440625573	0.963791187	0.9557210194	0.9633710301
0.9737731011	0.97436721	0.9594369158	0.9532330779	0.9583307242	0.9611253146
0.9749787636	0.9766993765	0.9664708406	0.9644507159	0.9476603793	0.9543598347
0.9708700192	0.9726562204	0.9628286817	0.9604557494	0.9613169128	0.9471381003
0.9554905919	0.95661481	0.9538077808	0.9553809637	0.9586544975	0.9612175568
0.9724437401	0.9633569158	0.95409554	0.9632746044	0.9616869483	0.9608813983
0.9666294786	0.9623119477	0.9454224314	0.9467585978	0.9629513373	0.9615819447
0.9414974735	0.9624795268	0.9541653523	0.9656175643	0.9584223854	0.9586330682
0.9623872583	0.962360965	0.9470290337	0.9645117076	0.9591714165	0.946682998
0.9688263014	0.9586946892	0.963097682	0.9569735128	0.9550296168	0.9507957737
0.974977562	0.9642731877	0.9717074805	0.9687362535	0.9640474803	0.9545749755
0.9455965297	0.9518793729	0.9491703986	0.9667103069	0.9404969077	0.9608209699
0.9789720147	0.9768589754	0.9511568156	0.965439174	0.963596972	0.9591162449
0.9780564496	0.9685755004	0.962313647	0.9527898559	0.968206224	0.9577884606
0.973365696	0.9563360079	0.9417431128	0.9601222646	0.9663534174	0.9560337138
0.9707824595	0.966561741	0.9533243447	0.9600767435	0.9443334474	0.9547798144
0.9418300603	0.9795093629	0.9492437565	0.9580373294	0.9573969757	0.9614826849
0.9716789865	0.959298753	0.9449549281	0.9579030944	0.9577404139	0.9591758362
0.9770371239	0.964392772	0.9595032607	0.9579301851	0.9592171341	0.9562834773
0.9690954071	0.9613674936	0.9562174273	0.951266515	0.9610507984	0.9593878134
0.975107396	0.9776873703	0.964252813	0.9564189663	0.9444409078	0.9536478832
0.9803074793	0.9591294241	0.9647527275	0.9603584613	0.9588627236	0.962755599
0.9596193821	0.9696720156	0.9633778943	0.9588430056	0.9574273955	0.9566719725
0.9873694342	0.9595540937	0.9716508473	0.9556739412	0.9612835449	0.958365243
0.9633151313	0.9703275847	0.974442492	0.971415413	0.9617967004	0.95529775
0.967432927	0.9598277877	0.9578302836	0.9345160162	0.9560350634	0.9619562332
0.9684512085	0.9641162858	0.9467534567	0.9400164582	0.9586017208	0.9515457745
0.9684100208	0.9740776967	0.9603507551	0.9621568342	0.9531686924	0.9516095015
0.9874908277	0.9658836813	0.9585942583	0.9508497525	0.9673873466	0.9535003345
0.9536369363	0.9528210801	0.9748193665	0.9641007602	0.9598645145	0.9446331288
0.9634749726	0.9662240935	0.9609508453	0.9654084996	0.9611244862	0.958712755
0.9710709246	0.9813085393	0.9545596048	0.9604712197	0.9525408692	0.9528310276
0.9561664294	0.9583496376	0.9562556434	0.9629059864	0.9471175599	0.9510925376
0.9535229466	0.9366243005	0.9447099644	0.9517559236	0.9657666703	0.951692613
0.9688805971	0.9805802166	0.9430714195	0.9652328681	0.952150942	0.9672130363
0.9470993756	0.9696341823	0.9667773787	0.9576436313	0.9585249603	0.958717434
0.9682495697	0.9598311563	0.9751181029	0.9484121261	0.9659189178	0.9569751538
0.9304418746	0.971777259	0.9779242303	0.9595554936	0.9699443671	0.9564787743
0.9598197698	0.9528534416	0.9540755227	0.964595354	0.9541225983	0.9521633369
0.9703144568	0.9535474552	0.9669651133	0.9563575448	0.9601668808	0.9623302076
0.963434309	0.9814864471	0.9704079519	0.9584409777	0.9686121936	0.955932096
0.9412746942	0.9598545921	0.9689136754	0.9615284808	0.9679906908	0.9692338423
0.9708128587	0.9587702647	0.9568613671	0.9366236771	0.9664968966	0.9594603125
0.9438111557	0.9727720859	0.9678319346	0.9635720833	0.9662993986	0.9528845291
0.961070577	0.9632037057	0.9654870772	0.9550596466	0.9606901388	0.9554905563
0.9596885265	0.9541940152	0.9578120862	0.9525811657	0.9445682038	0.9683803956
0.9828494137	0.9580901657	0.9711022115	0.9648804546	0.9582236083	0.9555641317
0.9688222022	0.9647074568	0.9668260367	0.9571704453	0.9593790423	0.957874349
0.9719021161	0.9426579823	0.9426778778	0.9612861847	0.9662526753	0.9555793212
0.9732960629	0.9414782293	0.9662680778	0.9575852676	0.9615711678	0.9614870444
0.9520396526	0.9508182595	0.9436399817	0.9659026518	0.9685280474	0.9510143589
0.9769803357	0.9586870538	0.9466943378	0.9518957917	0.9598934685	0.9534571017
0.9728116183	0.9610101434	0.960090375	0.9626150637	0.957392816	0.9583105504
0.9475364384	0.9622306499	0.9418644555	0.9687729841	0.9477051827	0.9621277549
0.9710142973	0.9526157031	0.9558923598	0.9600581312	0.9492505778	0.9573959653
0.9657803868	0.9716743931	0.9585604408	0.94284755	0.9635843642	0.9598189561
0.9591509599	0.9481309154	0.9487340682	0.9599805842	0.9482101958	0.9487428683
0.9321644171	0.9661436208	0.9553939832	0.9718750128	0.9617643846	0.9572050562
0.9834905976	0.964183309	0.9514682593	0.9456682904	0.9593538865	0.9618236635
0.9799740308	0.9694729287	0.9648202622	0.960106643	0.9493777817	0.9565110733
0.9702671997	0.9385328679	0.960558774	0.9605857411	0.9529903722	0.9559351487
0.95365046	0.9560242213	0.9545842952	0.9503919495	0.9621845013	0.9541621049
0.9786854105	0.9683617913	0.9648956106	0.9605702984	0.9636641969	0.9604494166
0.9610166009	0.9339990365	0.928287832	0.9567656711	0.9567129335	0.9559577274
0.9515882511	0.9619186309	0.965183413	0.9643536698	0.9450287572	0.9616761498
0.9700214472	0.9557496415	0.9585055408	0.9563961541	0.962557719	0.9627263475
0.9758609535	0.9539902525	0.9532658354	0.9549183564	0.9556565895	0.9428533964
0.9712228849	0.9597315531	0.9460863821	0.9615118921	0.9534903375	0.9566633219
0.9603889999	0.9627801885	0.9561589403	0.9454614733	0.9520060221	0.9574421031
0.9600872502	0.9735380218	0.9558992052	0.9678434449	0.9600293463	0.9515860727
0.9638515298	0.9330405161	0.954255932	0.9530689696	0.9619672435	0.9598710178
0.9638430001	0.9668859073	0.9571536383	0.9648215449	0.9565579324	0.9524056915
0.9376493144	0.9668297452	0.9618879796	0.9626181484	0.955628134	0.9613163267
0.9737946331	0.9516169322	0.9560294433	0.9611180376	0.9614370736	0.9629440085
0.9839953442	0.9658496796	0.9585004029	0.9620464091	0.9633062533	0.9553467191
0.9596414705	0.966874049	0.9387932205	0.9657456992	0.9559957398	0.9556055662
0.9780623451	0.9626102443	0.9592634199	0.9574455613	0.9603446198	0.9557765386
0.964919613	0.9591629591	0.9641661115	0.9613668889	0.9559822432	0.9479755343
0.9565408498	0.9688527392	0.9619142317	0.9557197256	0.9547681412	0.9565329201
0.9779913596	0.9790417163	0.9750999624	0.9399909487	0.9667385454	0.9561306021
0.9790002379	0.9539244129	0.9659551847	0.9576505332	0.9425295204	0.950600694
0.961483698	0.9600767021	0.968101945	0.9725771344	0.9580141199	0.9571999669
0.9634448995	0.9674369873	0.9542487578	0.9559866752	0.9669496609	0.9509290681
0.9633608075	0.9542551938	0.9623253518	0.9445961119	0.9668513067	0.9586978686
0.9643618628	0.9454859278	0.942435333	0.9629358748	0.9567083606	0.9509666201
0.9704041152	0.969216036	0.9656578751	0.957759951	0.9581053677	0.9609478529
0.9828089691	0.9371388951	0.9593088064	0.9576723129	0.9656638148	0.9517538301
0.9735853954	0.9632015216	0.9682105681	0.9675786918	0.9625718619	0.9612574495
0.9879207062	0.9606901918	0.9652247831	0.9564734904	0.955999879	0.9562373625
0.9543890805	0.9672926223	0.9621486048	0.9510859955	0.9382143024	0.9584024029
0.9735192019	0.9579502272	0.9587650003	0.9576634387	0.9609048574	0.9587718348
0.9708461265	0.9659880052	0.9598167807	0.9622969247	0.9640161826	0.9615108775
0.9688484949	0.9532975355	0.9653660655	0.9565794018	0.9600671817	0.9547328607
0.9724248432	0.9761221478	0.9592411281	0.9723254464	0.945139419	0.9641001063
0.9563625597	0.9451190128	0.9591291415	0.964533411	0.9615385896	0.951918936
0.9464253894	0.9638045734	0.9623384045	0.9710225018	0.9512210169	0.9496788203
0.9583550509	0.9569842035	0.9586342732	0.9467218842	0.967173052	0.9565256208
0.9611937724	0.9635570887	0.957289481	0.9558824452	0.9641440612	0.9586149867
0.9479693269	0.9359808325	0.9597418141	0.9459990058	0.9619456234	0.9619781001
0.9571590379	0.9553978471	0.9547868347	0.9530104692	0.9580525797	0.968889436
0.971339694	0.9529608587	0.9673665443	0.9548072161	0.9545312053	0.9547980986
0.9754421992	0.9448159066	0.967075306	0.9601798951	0.9693833052	0.9612951026
0.9482008139	0.9681484215	0.9542302682	0.9406120813	0.9531328621	0.956891222
0.9491372552	0.9789990279	0.9628800238	0.9534130051	0.9669566295	0.9532465678
0.9682519162	0.9727938488	0.961510251	0.9689639967	0.958695125	0.9383649591
0.976317258	0.9595011781	0.9392955937	0.942867291	0.9620062915	0.9539407632
0.9569380651	0.9651997752	0.9626118747	0.9548372281	0.9547658148	0.9483195915
0.9773220448	0.9420207207	0.9395910786	0.9560417442	0.9590636444	0.9563923742
0.9611531179	0.9593612167	0.9470674915	0.935635381	0.9620885379	0.9597202945
0.9782128364	0.9607065728	0.945224951	0.960091114	0.9585183655	0.9581388661
0.9606390574	0.9509137798	0.9641518535	0.9514526969	0.9626727253	0.9582982034
0.926191893	0.9794654109	0.9567898712	0.9561138431	0.9631648617	0.9568709963
0.9755491614	0.9641161941	0.9670015539	0.9515777874	0.955643167	0.9568414629
0.967346008	0.9646003532	0.9483703551	0.9641408648	0.9468774208	0.9556868767
0.959650677	0.955681288	0.9631946637	0.9673576832	0.9707827924	0.9521487714
0.9516468021	0.9597019553	0.9625006605	0.9566142341	0.9623500612	0.9568412164
0.9644071833	0.9717578281	0.9678991392	0.9640623523	0.9573335548	0.9547065587
0.9874304026	0.9407675257	0.9556387727	0.9427353148	0.9509441978	0.9602257415
0.9827932266	0.953504708	0.9662758966	0.9675642086	0.9708332664	0.9611333524
0.9648424802	0.9640159128	0.955011093	0.9708529641	0.9646919243	0.9582710339
0.9568027382	0.9684529818	0.9539025604	0.964356774	0.9513554486	0.9573451968
0.9613215487	0.9443220185	0.9406729625	0.9589929762	0.9613698851	0.9502445755
0.9650390948	0.9562714049	0.9683015471	0.9597230048	0.9545324088	0.955563944
0.9893466079	0.9668889727	0.9502412968	0.9679410278	0.9598701351	0.9583821047
0.9714456377	0.9681547786	0.9506404229	0.9714479445	0.958539209	0.9500361811
0.9607489208	0.9659838097	0.9497018453	0.9660615052	0.9574510668	0.9599816522
0.9782144327	0.9631243493	0.9625844856	0.9647355479	0.9534119372	0.9551621284
0.9534009764	0.96804444	0.9692486672	0.966832417	0.96349567	0.9462662814
0.9888806235	0.9705472158	0.949132824	0.9540497587	0.9440867988	0.9531484735
0.9491146442	0.9758135427	0.9651742092	0.9502713095	0.9541253082	0.952513083
0.9754226064	0.9638170705	0.9719603543	0.9649120566	0.9561749978	0.9523057897
0.9709484709	0.9472120463	0.9606613336	0.9440604254	0.9610486346	0.955488591
0.9706213213	0.9638714599	0.9531251855	0.9546934984	0.9688739719	0.9571742497
0.9691911034	0.9581782915	0.9614654718	0.9524026334	0.9590439937	0.9635167511
0.9562269129	0.963773933	0.9643599911	0.9651938662	0.9768470297	0.9482761835
0.9496155844	0.9500110092	0.9466858147	0.9519245883	0.958938609	0.9558564605
0.9648502988	0.9432353931	0.9679197157	0.9746985914	0.9590730455	0.961663195
0.956498468	0.9619662495	0.9594139755	0.9545615313	0.9674020038	0.9616849843
0.9727600141	0.9705233642	0.9674254477	0.9612618141	0.9496098889	0.9620481812
0.967756094	0.9597209274	0.966746401	0.9564094871	0.9564089548	0.9556795631
0.9697978516	0.9689807567	0.9483721486	0.9718104267	0.953920316	0.9650097908
0.9689442072	0.9760643025	0.9613445717	0.9515136637	0.9523512384	0.9619367413
0.9782300189	0.9475864975	0.9691885805	0.9575784132	0.9424311859	0.9586836651
0.9656331119	0.9554150736	0.9745400979	0.9600525238	0.9552299107	0.9559563013
0.9568877469	0.958068587	0.9498714862	0.9546935258	0.9617002709	0.9460702654
0.948771889	0.9611485071	0.9508575791	0.9515621403	0.9737869123	0.9509651142
0.9696696601	0.9604457851	0.9497105664	0.9615261506	0.9596764443	0.9565059538
0.931485478	0.9822681334	0.9763207183	0.9588726822	0.9692498668	0.9495645612
0.9626203477	0.9791431705	0.9693180104	0.9651540756	0.9486334685	0.9632734592
0.9588250012	0.9610024505	0.9623142367	0.9602165636	0.9614728472	0.9576230509
0.9682616098	0.9430902402	0.9696795553	0.9676534014	0.950969052	0.9583301195
0.9554619739	0.9699631359	0.9645165841	0.964334511	0.9512598228	0.950773859
0.9789780852	0.9662151626	0.9609745833	0.953952363	0.9574254841	0.9598775694
0.967361313	0.9628165729	0.954437699	0.9619343116	0.9574229132	0.9537811625
0.966028382	0.9443459699	0.9634147233	0.9540285497	0.9647909013	0.9557023041
0.9443130724	0.9556360848	0.9575080373	0.9676373978	0.9605452965	0.9608235481
0.9643264822	0.9512907811	0.9556403241	0.9532627785	0.9657996045	0.9544526521
0.9786894503	0.9731909524	0.9464921594	0.9496145152	0.9566591784	0.9618263234
0.9397429197	0.9709647626	0.965372915	0.9604929173	0.9553968453	0.9508176315
0.9420672234	0.967285625	0.9690271843	0.9557395989	0.9620813118	0.9564206677
0.961468231	0.9549146787	0.9598003482	0.9744574866	0.9634467496	0.9603063897
0.962488535	0.9535930952	0.9576088441	0.9493678583	0.960966519	0.9557183647
0.927328294	0.960613572	0.9669939146	0.9623040573	0.95862522	0.9575841544
0.9676637209	0.9714966785	0.9633939622	0.9561236326	0.9679659615	0.958400176
0.9553719058	0.9615568201	0.9600573726	0.9591251383	0.9526734955	0.9542992203
0.9645309982	0.9572622647	0.959776768	0.951342571	0.9529440165	0.950785929
0.9542117543	0.9547724867	0.953978449	0.9574713767	0.9637593257	0.9473606248
0.9618277857	0.966695287	0.9674142669	0.9665565509	0.9540974945	0.950026419
0.9622848667	0.9503794008	0.9627408743	0.9593835681	0.9617251708	0.9606314644
0.9539663934	0.9611386372	0.9571306007	0.9637416148	0.9560975883	0.9564249157
0.9764214006	0.9672632139	0.9586962108	0.9546200467	0.9547408667	0.9576473152
0.9671535083	0.9684178889	0.9619953987	0.9696132838	0.9456495355	0.9604905659
0.9780631612	0.9540707012	0.9559469318	0.9560221428	0.9610241158	0.9515384905
0.980883484	0.9656818219	0.9672742941	0.9499469904	0.9431905419	0.9581571412
0.9797295468	0.9511308636	0.9495440012	0.9645019548	0.9642229871	0.9583053677
0.9755186209	0.9786150688	0.9603692526	0.9649030371	0.9495219175	0.9571869207
0.9378720714	0.9558336788	0.9541851988	0.9615709076	0.9688843952	0.9598931208
0.9734449867	0.9515339138	0.9629086001	0.9462248969	0.9607352631	0.9494925752
0.9572633951	0.9573230146	0.9485203309	0.9553012057	0.9665807155	0.9582271366
0.9740171662	0.9662290306	0.9656096212	0.9676235449	0.9590184911	0.9591037694
0.9580861086	0.9791271124	0.9610625366	0.9673054213	0.9549121195	0.9577763433
0.979629159	0.9709980926	0.9637890622	0.9646967581	0.9590624342	0.9467712393
0.9729766894	0.965886413	0.9625238494	0.9588212804	0.9695441298	0.9521359569
0.9605334149	0.9651905474	0.9608130745	0.9494704177	0.9595371074	0.9480012789
0.9785243582	0.9514373996	0.9661891343	0.9606747368	0.9576075977	0.96250474
0.9867794472	0.9625909581	0.9587699866	0.967552465	0.9601796122	0.9607219591
0.9519790085	0.9724087666	0.9646500688	0.963194725	0.9395733775	0.9553821773
0.9591834619	0.9715369283	0.9652815625	0.9520067403	0.9545617548	0.9561577973
0.9773182969	0.9513335832	0.9694284278	0.9690878784	0.9585536429	0.9614207962
0.9741273756	0.9436188224	0.9594693738	0.9465432219	0.9574487645	0.9590598242
0.974660675	0.9609445185	0.9654926728	0.9640288439	0.9649938796	0.9553356745
0.9739203254	0.9744317444	0.949789982	0.957586089	0.9559034875	0.9557106399
0.9792659255	0.9568265791	0.9500958218	0.961496786	0.945307113	0.9520465751
0.95254478	0.9509942273	0.9640799659	0.9517061917	0.9529963197	0.9561994395
0.9765569083	0.9591168896	0.9482187831	0.94919335	0.9456520579	0.9556377463
0.915282963	0.9715246705	0.9454351771	0.9600985279	0.9555507432	0.9599847925
0.9539676152	0.9394462826	0.9643405844	0.960896516	0.9543364164	0.9561844255
0.9515610702	0.9632222335	0.9617679333	0.9460783099	0.9455426008	0.9562759468
0.9584762771	0.9435026408	0.9597531877	0.9594282599	0.9568981154	0.9474989793
0.9671056018	0.9771639389	0.9483866233	0.9687905814	0.9626612072	0.9559906538
0.9631070573	0.9603478406	0.9620315726	0.9569830732	0.9485523092	0.9572763816
0.9781262713	0.9647794073	0.9591396823	0.9537482007	0.9600380232	0.959046552
0.9625243019	0.970795209	0.9617781063	0.95125637	0.9446640991	0.956131165
0.969087961	0.9717184636	0.9633584512	0.9668156383	0.9624440047	0.9564931883
0.9802155614	0.9627715605	0.976493288	0.9704742284	0.9573518665	0.9556609512
0.9574854144	0.9551024601	0.9641759254	0.936855479	0.960129337	0.9549053529
0.9742039713	0.959166978	0.9622243594	0.9510332265	0.9555356212	0.958891373
0.9725679614	0.971708298	0.950074307	0.9533481245	0.9605569249	0.9639775851
0.971959704	0.9721024215	0.9532310687	0.963445622	0.9620085803	0.9499383123
0.9719363309	0.9651703979	0.9633115259	0.9625824445	0.9652281923	0.95205363
0.9665830978	0.9664231437	0.9440723493	0.961625276	0.9599557114	0.9501541465
0.9799351564	0.959426615	0.9621029208	0.9615976263	0.96422917	0.9529127301
0.9768226171	0.9566554961	0.9700595755	0.9704081206	0.944743263	0.9600869496
0.983176402	0.9687756162	0.9515455377	0.9610378127	0.9664388909	0.9532534461
0.9313867158	0.9636879685	0.946422546	0.9512451435	0.9543177132	0.9552442611
0.9864536852	0.9649194317	0.9521307299	0.94978712	0.9518384089	0.9584440509
0.9882086421	0.9619019925	0.9588290927	0.9629519883	0.9686605326	0.9648362688
0.9800066383	0.9470572283	0.9559668051	0.9481528645	0.9519377336	0.9526116884
0.9382890563	0.9571890306	0.9607291469	0.9533904412	0.963835704	0.9620407999
0.9689026681	0.9583842183	0.9486831555	0.9583367378	0.9668202213	0.964685709
0.9712986329	0.9320644098	0.9663397324	0.9653240853	0.960054474	0.9604193547
0.9792807063	0.9636593435	0.9613088158	0.9731967954	0.9567938944	0.9463379194
0.987000139	0.9653648697	0.9711662194	0.9574587764	0.9430824658	0.9617301388
0.9731595291	0.9481435873	0.9569824178	0.961096161	0.9527687249	0.9458947039
0.9629736344	0.9426488971	0.966602261	0.9609504885	0.9519100933	0.9626512953
0.9789830553	0.9439547098	0.9632721076	0.9625256668	0.9432792669	0.9592757647
0.9700226712	0.9471370485	0.9475491636	0.9566200417	0.9510779843	0.9554728666
0.950075014	0.9544503632	0.9710814887	0.9499612473	0.9561287712	0.9522967257
0.9642005866	0.9716304114	0.9662891374	0.9591566476	0.9486698799	0.9535350746
0.9699851263	0.9653565312	0.9564526624	0.9668099755	0.9455100732	0.9510874908
0.9767379157	0.9686319279	0.9509487847	0.9512488235	0.9620198813	0.9533957886
0.9668432142	0.9649326654	0.958192448	0.947630547	0.9506115222	0.9443317049
0.9462119733	0.9609867983	0.9651096976	0.9617502881	0.9539709539	0.9603309593
0.9917549345	0.9613003939	0.9491636046	0.9599387192	0.9575568062	0.9632581248
0.9767610285	0.9627764887	0.9640339743	0.9583196238	0.9512843548	0.9499613255
0.9692003618	0.958303687	0.9456846704	0.9767493014	0.950475791	0.9548194339
0.9718633472	0.9573578619	0.9479206319	0.9579391924	0.9611215065	0.9521812708
0.9823988008	0.9444003606	0.9522200693	0.9495573322	0.9492355199	0.9561230487
0.970752375	0.9689728719	0.9471044741	0.9719115085	0.9483393521	0.9527792377
0.9751787698	0.9800442543	0.9670581603	0.9560264108	0.9696764711	0.9532994665
0.9631386176	0.9615024308	0.9580651452	0.9666339498	0.9576159059	0.9541837538
0.9664868995	0.9657040024	0.9710710855	0.9531280715	0.9467524107	0.9608917758
0.972613021	0.9623587296	0.9534578885	0.9629971577	0.955352873	0.9567101138
0.9848608816	0.9602233627	0.9755097238	0.9462497281	0.9548313755	0.9701784188
0.9617915402	0.9613022008	0.9458070277	0.9492757719	0.957932673	0.9550953818
0.9551026205	0.9558251936	0.9468933046	0.9679135761	0.9550214579	0.9609775553
0.9694192784	0.9605305505	0.966287625	0.9599595519	0.9486268546	0.9673828249
0.9543907148	0.9650393365	0.9657393941	0.9589916532	0.9546670031	0.9561617498
0.9565425174	0.973338654	0.9701346307	0.9591392421	0.9496537486	0.9559169163
0.9534027913	0.9746000299	0.9342771177	0.9610880486	0.9593307974	0.9548092747
0.9368682946	0.9605493585	0.9602737505	0.9614516759	0.9579494709	0.9584908505
0.9666435373	0.9650150488	0.9557449226	0.9461588166	0.9608988962	0.9597427147
0.9682590899	0.970725376	0.9587601293	0.9639880449	0.9601892653	0.9561919165
0.9600601794	0.9423807377	0.9590147817	0.9635650064	0.9706995419	0.9662987054
0.9833614623	0.9706244988	0.9530677289	0.9647120328	0.9590407649	0.9610707487
0.9608738085	0.9682922225	0.95585767	0.9574058135	0.9496407214	0.9557846047
0.9485619596	0.9544400171	0.9632253177	0.9530604402	0.9641500553	0.9612818652
0.9769532523	0.9490399874	0.950847658	0.9540556799	0.9645344482	0.9588822537
0.9580139851	0.9652729196	0.9530139626	0.9717919104	0.9494237584	0.9532930518
0.961852958	0.9647175564	0.9522581252	0.9470556838	0.9635479972	0.9623158843
0.9789206836	0.9378416502	0.9492594335	0.9624699117	0.9532790182	0.9610570343
0.9751199961	0.9552197453	0.9735093105	0.9565257136	0.9488676783	0.9586039025
0.9787179639	0.9633801918	0.9684161599	0.9572530104	0.9555487741	0.9558948057
0.9740465371	0.9631618695	0.9410232969	0.9505782545	0.9630791965	0.9558990227
0.9721078504	0.9687945137	0.954243911	0.9585777891	0.9616207011	0.9627908952
0.9737869508	0.9679918529	0.9376004482	0.9567029698	0.9670956061	0.9596390211
0.969730367	0.9534941611	0.9453000823	0.961786799	0.9607878504	0.9673121818
0.9696891899	0.9552378649	0.9480105643	0.9524991623	0.9656482866	0.9656464275
0.9429013876	0.970007903	0.9781618088	0.9611982021	0.9638061774	0.9572488592
0.9784159992	0.9574845782	0.9481142288	0.9675778247	0.9617730988	0.9589148098
0.9786876533	0.9658001247	0.9612404753	0.9452378463	0.952122442	0.9650559237
0.9806553613	0.9715409047	0.9674260544	0.9664888623	0.9582255569	0.9557834796
0.9558465269	0.9638279214	0.9567393509	0.9485789794	0.9610287317	0.9657141259
0.9701772149	0.9645558128	0.9683672812	0.9532296661	0.9503009936	0.9593713756
0.9735290349	0.9605580294	0.9543845522	0.9534222846	0.9569534121	0.9544902042
0.9896974161	0.9642485863	0.9720606445	0.9585969475	0.9463138107	0.9574877006
0.9735244456	0.954850861	0.9671386196	0.9591375387	0.9595445859	0.9590688929
0.98330148	0.9656787226	0.942070875	0.9691787681	0.9659441167	0.9547477071
0.9708132421	0.9745079539	0.9546156215	0.9593025846	0.9601675719	0.9587391043
0.9363835596	0.9745824655	0.9416824848	0.9712963818	0.9574856572	0.9489472457
0.9709413254	0.9668737893	0.9554091237	0.9596366648	0.9616033103	0.9438583126
0.9779702983	0.9672193864	0.9393115049	0.9603244121	0.9662311239	0.9548881939
0.9676998112	0.9714858107	0.934155814	0.9524473437	0.9656237312	0.9586206443
0.9641275833	0.956324585	0.9599465476	0.9594368539	0.9685987863	0.9574031331
0.9778484947	0.9678769229	0.9610892189	0.9745471151	0.948424155	0.9576341852
0.9466572065	0.9359844696	0.9725510625	0.9511378558	0.9529126105	0.9655218408
0.9549098436	0.9463432568	0.9540033905	0.9599299626	0.9551476281	0.9630671968
0.971369327	0.9745909958	0.9618793831	0.9713404765	0.953553156	0.9476678041
0.9602825585	0.9604382627	0.9520966266	0.9542816881	0.9591808042	0.9511673829
0.9712588378	0.9641604574	0.9542548499	0.9490991508	0.9551855042	0.9590243263
0.9886110674	0.962734177	0.969825285	0.9585313275	0.9586342983	0.9499656097
0.9669783249	0.9724363218	0.948947212	0.9584777105	0.9574015629	0.955903724
0.9750497378	0.9498719781	0.9664860027	0.9602559195	0.9555978746	0.9636441894
0.9713245829	0.9652555861	0.9626428061	0.9587791184	0.949030326	0.9645767205
0.9695748156	0.964574066	0.9676019287	0.9641252148	0.9685929482	0.9654486886
0.9519027887	0.9763610322	0.9563062809	0.9571032131	0.9531113129	0.9540161107
0.979683958	0.9514900349	0.9651274963	0.9718094845	0.9541557775	0.952139718
0.9625224328	0.9633172152	0.9611155413	0.966447127	0.9622236724	0.9567222906
0.9884145717	0.9378973365	0.9599743136	0.9643963584	0.9566695708	0.9618775399
0.9853114587	0.9710226546	0.9654915019	0.9581166511	0.970208156	0.9613211079
0.9860223582	0.9741647874	0.9757143772	0.9471067322	0.9526975113	0.9501862341
0.9741382168	0.9583155634	0.9734182587	0.9497527305	0.9627427	0.9501205171
0.9749645187	0.9688035468	0.9686098803	0.9554764756	0.9528708855	0.9563821609
0.9807696581	0.9586554553	0.959485277	0.9630072536	0.9586803769	0.9568327926
0.984445854	0.959655927	0.9260841941	0.9378638911	0.949445646	0.9618793872
0.982188157	0.9394977028	0.967065161	0.9490551428	0.9589546688	0.9615941232
0.9707663742	0.9554948272	0.9623632519	0.9580467985	0.9565970578	0.9526949078
0.9702376274	0.9513035907	0.9773447605	0.9542367855	0.9541884413	0.9502298029
0.9626789473	0.9719488834	0.9637344822	0.9648221515	0.9640871458	0.9540353352
0.9790054547	0.9690854155	0.9724919237	0.9518381634	0.9639364512	0.9601713718
0.9662385576	0.967893116	0.9615238138	0.9598422337	0.9716313812	0.9514702224
0.9806775979	0.9511551869	0.9502445368	0.9656507343	0.9630264107	0.9515054995
0.9759416966	0.9638171313	0.9661235576	0.9662234476	0.9640527332	0.9567170103
0.9798306255	0.9463198761	0.9567159792	0.9695542896	0.9532774517	0.9575103979
0.9556888376	0.9412584486	0.9540858383	0.9607837291	0.9598731974	0.9567483045
0.9838863017	0.9744020157	0.9417798556	0.9658724764	0.9600277765	0.9639051822
0.9669238021	0.9374095319	0.9597532668	0.9632135427	0.9593446784	0.954142167
0.9686674839	0.9689256089	0.9394265132	0.9659350158	0.9569703833	0.9539710636
0.9785597	0.9575609738	0.9633726085	0.9606599865	0.9607301691	0.963321746
0.9632346402	0.9533747783	0.9668282405	0.9667369281	0.9499672152	0.953724889
0.9772946073	0.9656382266	0.965674265	0.9416779542	0.9650679955	0.9616308682
0.9788816518	0.9723450389	0.9571560607	0.9597736561	0.9642187625	0.9524929326
0.9766555843	0.9385229233	0.9617992622	0.9632790398	0.94587867	0.957635009
0.9698786771	0.9532826644	0.977598645	0.9641524613	0.953211657	0.9589828956
0.9726176519	0.9759955486	0.9457944275	0.9541309285	0.9499112047	0.9612685145
0.9857417834	0.9691918229	0.9750274125	0.9722003134	0.9584600266	0.9549557397
0.9809241448	0.9626828938	0.960722489	0.9564642925	0.951907742	0.9578559542
0.9692078447	0.9645424106	0.9703398387	0.9577423253	0.9647702972	0.9561920067
0.9750388269	0.9433037846	0.9658702469	0.9628351829	0.9693344404	0.9603033907
0.9799232624	0.964061214	0.9488633562	0.9498751916	0.9598618245	0.9645072483
0.9617709887	0.9651551412	0.9605321685	0.9595594729	0.9571551108	0.9557667803
0.9652530889	0.9688638761	0.9632648021	0.954824232	0.9428711708	0.962699896
0.9851735718	0.9720687385	0.957421362	0.9530724165	0.9672597284	0.9541280243
0.9611430197	0.9608175447	0.9518837835	0.9567767773	0.9455065545	0.955169783
0.9665673927	0.9649241243	0.9540744533	0.966695818	0.9509439371	0.9603284403
0.9708688687	0.9707414919	0.9675827878	0.9634542536	0.951257788	0.9480363077
0.9806168657	0.9685301503	0.9561357627	0.9391702479	0.9617927328	0.9648815169
0.9788983257	0.961285135	0.9398932554	0.9500717837	0.9592918668	0.9476620178
0.967109655	0.9585035042	0.9636965636	0.9692151959	0.9507878859	0.9560102201
0.9620681011	0.9677596344	0.952561387	0.961970165	0.9575522588	0.9568773569
0.9775559851	0.9714469803	0.9720972715	0.9505572661	0.96301746	0.9591472326
0.9618071411	0.9758458447	0.9675787081	0.9574572793	0.9692881303	0.9542015415
0.9782214552	0.9670617855	0.9473154548	0.9714230126	0.9666686006	0.9509841097
0.9731242822	0.9482156009	0.9724540168	0.955256551	0.9636538485	0.9595690696
0.9629628277	0.9564889784	0.9736220606	0.9472194802	0.9475568146	0.9621512198
0.971478635	0.9575407721	0.9747342651	0.9705493202	0.9594157265	0.9627629037
0.9604176451	0.9789434934	0.9609735536	0.957298984	0.9484568813	0.9532574588
0.9877991138	0.9500927799	0.9666241842	0.947860151	0.9464757928	0.9586930565
0.9681259004	0.9327261996	0.9697605038	0.9503236413	0.9688182573	0.9556561646
0.9640678404	0.9692142371	0.958509028	0.9479178506	0.9563720932	0.9542126764
0.9661506638	0.9689153748	0.9610314858	0.9550111574	0.9531043395	0.9600149244
0.9818388568	0.9661699458	0.9597959946	0.9542554726	0.9606646239	0.9561952293
0.9804510403	0.9540800228	0.9513937179	0.9569350303	0.9673290534	0.9506098921
0.9717099531	0.9466128326	0.9517926472	0.9561123615	0.950670586	0.9587895819
0.9741606531	0.9707396682	0.9562904709	0.9445424017	0.9531967426	0.9528037854
0.9450321748	0.944847702	0.965038122	0.94209398	0.9711356904	0.9521182682
0.9630143087	0.9676009031	0.9484975884	0.9599905164	0.9609117238	0.9445955883
0.9796682303	0.9731845717	0.9667331875	0.9568902084	0.9588845168	0.9569025495
0.9847897554	0.9732288421	0.9561045745	0.9573013662	0.954171899	0.9526475921
0.9423297025	0.945737582	0.9580533995	0.9543004789	0.9575065841	0.9510257845
0.9813875224	0.9591482259	0.9604697297	0.9604468134	0.9628252022	0.9469984496
0.9368817782	0.9519662441	0.9727585732	0.9596803395	0.9602624627	0.9634035183
0.96365792	0.9729637775	0.9603669785	0.961025987	0.9668519539	0.9505261744
0.9492368626	0.9635019769	0.9527031186	0.9569139582	0.9568172392	0.9604022246
0.9785628875	0.9516645503	0.9549002727	0.9540393306	0.9527151949	0.9475733188
0.9612088885	0.9719719515	0.9622384479	0.9628701948	0.9555083054	0.960013043
0.9595913671	0.9520925321	0.9612564745	0.9638237155	0.9626896562	0.9570143253
0.9483835609	0.9525099163	0.9658638591	0.9617410264	0.9558763918	0.9585847242
0.9755784151	0.965094206	0.9580876226	0.9545744409	0.9535116801	0.9606599536
0.9531085638	0.9468939918	0.9640061608	0.9608306547	0.9592825153	0.9565092964
0.985351779	0.9565909157	0.9587316538	0.957902618	0.9620306731	0.9609842909
0.9798009832	0.9542008812	0.961974055	0.9619096901	0.9653167112	0.9500180178
0.9690672487	0.9642056284	0.9669452082	0.9571063801	0.9657806368	0.9547889647
0.9768620609	0.9672654297	0.9538593581	0.9484304543	0.9674070691	0.948095067
0.9746414821	0.9532897214	0.9609932524	0.9398774641	0.9518669479	0.9685669644
0.9470082604	0.9696949102	0.9648964682	0.9601455878	0.9543135905	0.9608440876
0.974696614	0.9724800094	0.9529377195	0.970677128	0.9597178274	0.9563667346
0.9596217217	0.9665656349	0.9639079572	0.96443625	0.9577408462	0.9605016109
0.9693835081	0.9682738637	0.9682313705	0.9547355	0.9658658582	0.9493398361
0.9726450635	0.9709548455	0.9615029619	0.9655036873	0.9509948017	0.9545782491
0.9662211017	0.9570789852	0.9452908338	0.9721681807	0.9623913902	0.9634299725
0.9625052309	0.9659963718	0.9625085687	0.9705786839	0.9591443101	0.9528943003
0.9683927716	0.9630495996	0.9736285949	0.9487241889	0.9497796121	0.9641423405
0.9813739618	0.9586279899	0.9556823735	0.9643529045	0.9589541185	0.9498637126
0.9623012199	0.9705581952	0.9581563153	0.952166917	0.9454757888	0.9460494318
0.9594870464	0.9725361914	0.9449924403	0.948611795	0.9615563717	0.9523820757
0.9708711829	0.9685245947	0.9483888021	0.9639768878	0.9582512874	0.9558065301
0.9720087967	0.9595428843	0.9582850554	0.9457116931	0.9662629156	0.9580818176
0.9808465738	0.9625686468	0.9563965286	0.9490754898	0.9564832366	0.9501217975
0.9674716716	0.937080602	0.961665534	0.969376969	0.9616215085	0.9542327857
0.9741859809	0.9439513824	0.9736428242	0.9449450439	0.9511855595	0.9571683696
0.9669285932	0.9649010479	0.9430543957	0.9532694974	0.9638484956	0.9466118445
0.9822607429	0.9551868459	0.9665577025	0.9509278576	0.9648694347	0.9583397239
0.9572643476	0.9711145845	0.9500209966	0.9510040549	0.9431214617	0.9531656394
0.983720642	0.9553036252	0.9633868421	0.9695192624	0.9488633649	0.9530701358
0.9742147509	0.9720164031	0.967781186	0.9515347856	0.9534205195	0.9561523254
0.9636645874	0.9775746476	0.9613608868	0.9528007083	0.9659326518	0.9532522023
0.9752695239	0.9736180923	0.9556846211	0.9483725859	0.9737482	0.959761397
0.9452605072	0.944832309	0.9576076367	0.9569166827	0.9516018616	0.9570531271
0.9761637219	0.9639437197	0.9608817972	0.9676405316	0.9666701295	0.9619272645
0.989998074	0.9771977418	0.950089325	0.9617136634	0.9655187022	0.9526569754
0.9528397897	0.9588419574	0.9591291574	0.9421301237	0.9464967411	0.9557611359
0.962681108	0.9425353057	0.9621281809	0.959121593	0.9623372156	0.9581190663
0.970569424	0.9454432439	0.9509698718	0.9633924758	0.9647646753	0.9526310856
0.9555608546	0.9547727425	0.9657612436	0.9722215108	0.9628790314	0.9603254232
0.9836331163	0.9712690977	0.9431100165	0.9512810403	0.9595691601	0.9573852769
0.9513968779	0.9544836047	0.9600697235	0.9585593654	0.9569550875	0.9514731565
0.9809574934	0.9747963714	0.9687374365	0.9622787664	0.9592490926	0.9573394228
0.957786821	0.9725563564	0.966256842	0.960245984	0.9632946312	0.9558139515
0.9639909597	0.9661814	0.9606006497	0.9644008432	0.9446268503	0.9661725485
0.9849355303	0.9537204607	0.9724421839	0.95165916	0.9492338266	0.9554650213
0.9800506788	0.9572945631	0.9487863885	0.9651140388	0.9544653163	0.9588949913
0.9715404319	0.9547021871	0.9536672269	0.9658589846	0.9632946974	0.954065725
0.9743954628	0.9713271953	0.9585178929	0.9594909495	0.964758403	0.9524529714
0.9633708286	0.9803808473	0.9602986471	0.9630016376	0.9385422287	0.9638443418
0.9652162403	0.9610094659	0.9632647765	0.9659413437	0.9570481679	0.9582053549
0.9700620274	0.9551994536	0.964265012	0.9617218135	0.965409546	0.9504685028
0.9749425144	0.9648381429	0.9545897956	0.9576493126	0.9420182285	0.9586028388
0.9730275239	0.963796575	0.9722701642	0.9525477421	0.9529890051	0.9476164471
0.9630008818	0.9628278905	0.9672376932	0.9570647871	0.9498305943	0.9621967154
0.9790505181	0.9491267546	0.9649435505	0.9638385312	0.9590805862	0.9572531568
0.9596093663	0.9636747181	0.9613535226	0.9666419855	0.9647260461	0.9584431543
0.9465583194	0.9553264372	0.9510657469	0.9471709361	0.9643597337	0.9550814638
0.9497722678	0.9565463311	0.9672050422	0.9687219915	0.9695719477	0.9628103241
0.9691354481	0.9624987258	0.9512813722	0.9628148496	0.9587238356	0.9457262846
0.9662519702	0.9502847245	0.9429059142	0.9493590001	0.9676425351	0.9528637559
0.968515283	0.9763236951	0.9623195318	0.949763462	0.9548986239	0.9575946099
0.9593549555	0.9657978535	0.9505404987	0.9655776011	0.9522784413	0.960203961
0.9667115963	0.9578072699	0.9685532101	0.9570641437	0.9568385047	0.9557987708
0.9466273267	0.9646111054	0.9729920112	0.9631165225	0.9546867476	0.9570884143
0.9772952828	0.974551243	0.9545199795	0.9620526145	0.9669591063	0.9608975588
0.9754929632	0.9643606863	0.9673229474	0.9650141836	0.9448489443	0.951746873
0.9824031799	0.964821691	0.9759633816	0.9585825915	0.9504830384	0.9484427398
0.96161133	0.9417057007	0.9657719788	0.9446278834	0.961969894	0.9487801845
0.9631583663	0.9802971976	0.9659987127	0.9622005197	0.9552397984	0.9548628031
0.9656889964	0.9806300874	0.9749495735	0.9581163764	0.9648162952	0.9617911683
0.98123333	0.9669896301	0.9564521318	0.9553828024	0.9457748917	0.9563542858
0.960041652	0.9775915402	0.9631373453	0.9629728113	0.9611175797	0.9549088663
0.9356413301	0.936059183	0.9471375075	0.9375904657	0.9642775425	0.9516332178
0.9786094971	0.9724108047	0.9511276643	0.9583009977	0.9598590318	0.9498582912
0.9584610382	0.9709140745	0.9610359289	0.9648037653	0.9523311321	0.9633188613
0.9722807307	0.9590233961	0.9718690117	0.9600401504	0.9634169089	0.9558020848
0.9631698826	0.9551637662	0.9674559026	0.9384738446	0.9585617917	0.9542366187
0.9653831641	0.9436421051	0.962877392	0.9616427268	0.9479683338	0.9627618505
0.9606456814	0.9574995048	0.962813613	0.9608480632	0.9478884527	0.9497385475
0.9534568111	0.9635538279	0.9687189802	0.9649842957	0.9653431191	0.9539090438
0.9582055492	0.9656345775	0.9599494081	0.9487113229	0.9580234977	0.9446542096
0.9384789184	0.9665803066	0.9666290248	0.944461377	0.957371225	0.9610186739
0.9148711886	0.9708582566	0.9553515595	0.9584814405	0.9580319011	0.9584548029
0.9701280332	0.9607916317	0.9526053482	0.9688535974	0.9494757021	0.955502344
0.944817777	0.9631690278	0.9584066683	0.9654599452	0.9629236499	0.9537701148
0.9831824285	0.9548124832	0.9628636208	0.9636419703	0.9591275047	0.9578415856
0.9678371211	0.9749541822	0.9634148021	0.9448887927	0.9694092658	0.9541152593
0.9570114833	0.9658589605	0.9665188661	0.9655715319	0.9640973389	0.9644417043
0.9688773712	0.9700028946	0.950608909	0.960054386	0.9654803295	0.9515769479
0.9616873865	0.9603280843	0.9643141028	0.9608984762	0.9559956859	0.9528938779
0.972840416	0.9698374553	0.9551388101	0.9470877788	0.9680754383	0.949255836
0.9664255064	0.9565474641	0.9591777648	0.9477573595	0.9556370595	0.9610381575
0.9338315728	0.9756612463	0.9443537414	0.9587075242	0.9550589585	0.9568066113
0.9765724597	0.97600178	0.9678816908	0.9477965058	0.9504884452	0.9442143297
0.9621908573	0.9669836652	0.9496425413	0.9534042732	0.96391126	0.9587996668
0.9664415872	0.9610700666	0.968086359	0.9624909756	0.9652845654	0.9475815671
0.9572765585	0.973374001	0.9651220195	0.9525720622	0.9530823867	0.9579020359
0.9191422042	0.9837239789	0.9660889562	0.9686152823	0.9548831395	0.9633255327
0.9595578602	0.9191583419	0.9629038031	0.9592862723	0.9595980187	0.9484050036
0.9717800402	0.9812482996	0.9521752477	0.9564638498	0.965757427	0.9381311212
0.9702899788	0.9686245579	0.9580930425	0.9549880004	0.9606225473	0.9531913439
0.9780196134	0.9585195111	0.9731741151	0.9580779671	0.9676752841	0.9545940514
0.9709528594	0.9642390811	0.9577488528	0.9523472993	0.9557588547	0.9564985225
0.9608779858	0.9654867527	0.9588751924	0.9587791273	0.9648851916	0.9611692567
0.9606208729	0.9726840601	0.9632977272	0.9594496352	0.9625502688	0.9582726717
0.9688027688	0.9758064336	0.9674194651	0.9544816194	0.9571499906	0.9561043144
0.9574278794	0.9505301805	0.9575412575	0.96497611	0.9640619727	0.9549388331
0.943307209	0.9556126176	0.9632321397	0.956299553	0.9669080026	0.9600656399
0.9726363189	0.9594738718	0.9705928458	0.9579887307	0.9467764579	0.9497364754
0.9843671599	0.9699922088	0.9478525807	0.9592277814	0.9425813525	0.9651678263
0.9821545796	0.9404304108	0.9723152073	0.966937853	0.949842688	0.9615581656
0.9285806532	0.962923546	0.9483891426	0.9516082005	0.9700494751	0.9579847875
0.9807053534	0.9737983019	0.9598518617	0.9592279053	0.9597760837	0.9591063986
0.9810516768	0.959781385	0.915409074	0.9547759587	0.9618654121	0.9616787114
0.9750402521	0.9468872839	0.9550289663	0.9556990268	0.9638106901	0.9551811348
0.9522817254	0.9327820577	0.9627092708	0.9584479467	0.9488882582	0.966644664
0.9684365047	0.9610643558	0.9657070745	0.9556799441	0.9615438374	0.9581939282
0.9702812282	0.9622223062	0.9581881551	0.9665041865	0.9610796712	0.9545236964
0.9534662254	0.9520311284	0.9262155453	0.9662524028	0.9592345531	0.9634021417
0.9759671876	0.9634392198	0.9509279855	0.9424220095	0.9411349748	0.9550741137
0.8986726954	0.9566209375	0.9656938168	0.9539386268	0.9506115607	0.9608626252
0.9694634309	0.963453018	0.9558880865	0.9593745237	0.9508066578	0.9524853369
0.9320532286	0.956938715	0.9518898633	0.9605211316	0.9682737827	0.9586060639
0.9766193914	0.9659687274	0.9628686672	0.9608534104	0.9610985758	0.9534923337
0.9718417856	0.9407093899	0.9758619305	0.9463311809	0.9426836728	0.9595586553
0.9655933921	0.9395788058	0.9515657759	0.959487438	0.9574615053	0.9503668565
0.9721628023	0.9659272471	0.9648791271	0.9657003015	0.9399729344	0.9598959272
0.9718102856	0.9652426087	0.9496934354	0.9598533378	0.9591308377	0.9668842823
0.941142685	0.9677065379	0.9697973488	0.9538889507	0.9484838173	0.9709265798
0.9666540438	0.9456326405	0.9352336497	0.9377361869	0.9570610631	0.9576373931
0.9752419824	0.9766968544	0.9636115311	0.9536922202	0.9687802917	0.9568333386
0.9744585263	0.977418206	0.9574525908	0.9598648067	0.9516259812	0.9627252445
0.9680553702	0.9600916865	0.9688599635	0.9533130028	0.9558431464	0.9551977235
0.9663071399	0.9693113749	0.965995681	0.9592652581	0.9590091081	0.9615520456
0.9661436546	0.9743115664	0.9452315792	0.9484442455	0.9612845283	0.9506667221
0.9884421164	0.9612032653	0.9716117935	0.9628257894	0.9654908605	0.9560894569
0.9606133205	0.9470136477	0.9594285825	0.9608140593	0.9491922105	0.9467763393
0.9795669117	0.969714775	0.9598891021	0.9462783337	0.9599844236	0.9564007854
0.9629167266	0.9684556878	0.963982071	0.9633405721	0.9528299967	0.9614462338
0.9779150366	0.9530073345	0.9601550581	0.9663921266	0.9507720332	0.9534243098
0.9818919049	0.970791815	0.9605715432	0.9565076551	0.9515858696	0.9591721525
0.9513204368	0.9673144521	0.9734627906	0.9576056095	0.9447292127	0.9666309241
0.9756094645	0.9647515922	0.9595311619	0.9614821448	0.9555260939	0.9576662316
0.9401064033	0.96428112	0.9629453818	0.9742317053	0.9572948935	0.9534811629
0.958910906	0.9694457787	0.9561394583	0.954237601	0.9622698523	0.9530820612
0.973705671	0.9577489146	0.9645369767	0.9401208195	0.9680087875	0.9546432427
0.9574482698	0.9662991506	0.9571586901	0.9631770074	0.9614865565	0.9517171779
0.9754761531	0.9719052616	0.9457322117	0.9617209644	0.9621320871	0.9631365593
0.9741723247	0.9543253802	0.973354136	0.9565926782	0.9649200384	0.9645246811
0.9512624124	0.9543388773	0.966777408	0.9661114194	0.9587470912	0.9596868229
0.9751425562	0.968247729	0.9598662793	0.9451128186	0.9573582814	0.9526709021
0.9624858104	0.910453049	0.9634269132	0.9660918445	0.9448209574	0.9620849349
0.9626851822	0.9617114606	0.9602293346	0.9600849167	0.9570540512	0.9524137443
0.9756654018	0.9531501169	0.9567796034	0.9586898229	0.9616201148	0.9525376638
0.9644773148	0.9524791234	0.9656957786	0.9743728478	0.9643410051	0.9587459689
0.9715368971	0.9728895188	0.9543906151	0.9543985905	0.9587104881	0.9575758321
0.9653025612	0.9590136655	0.9751986501	0.963448798	0.9619716368	0.9558137111
0.9319069274	0.9663870377	0.9396114257	0.9601868195	0.9612819729	0.9517538887
0.9687936669	0.9655217974	0.9552607064	0.9602969226	0.9634596177	0.9535733893
0.9545119353	0.9478903218	0.9650372161	0.9632299525	0.9621568551	0.9502998511
0.9846003518	0.9622527599	0.9678663351	0.9488846519	0.9481407856	0.9591860999
0.9683400768	0.9371119088	0.9622948306	0.9528471696	0.9559830793	0.9561038663
0.9408657832	0.9587601154	0.9498864864	0.9562030474	0.9512414216	0.960041564
0.9435625462	0.9627402487	0.9515621004	0.9585003487	0.957987542	0.9607317521
0.9806100478	0.9679678802	0.9493395553	0.9522797301	0.961892348	0.9595003718
0.96594354	0.9740835618	0.9666003173	0.9659847377	0.9641070501	0.9567691732
0.9864972573	0.9599383106	0.9614259514	0.9600880229	0.9576666953	0.9628923106
0.9743673854	0.9553726557	0.9609843437	0.9528575853	0.9590887257	0.960235434
0.9293021395	0.9687055132	0.9582044318	0.9578217021	0.9608376824	0.9487458756
0.9769678383	0.9541945048	0.9601604717	0.9500676891	0.950441749	0.9564282488
0.9860482469	0.971883738	0.9660547962	0.9780122214	0.9495044034	0.948703711
0.9635357725	0.9671703501	0.9520569629	0.9364006264	0.9525818259	0.9630246465
0.9727269183	0.937006827	0.9556848847	0.9437616531	0.9576983614	0.9571962302
0.9740668157	0.9362474335	0.9604553747	0.9614251405	0.9430211726	0.955840928
0.9798544874	0.9704110126	0.9598398663	0.9681121766	0.9623615952	0.9474826348
0.9756295839	0.9608401135	0.9461813124	0.9597812666	0.9566736708	0.9548593655
0.9580571403	0.9691228524	0.9696612137	0.965031967	0.9641873372	0.960192669
0.9804708121	0.9569277827	0.9459559427	0.9640142762	0.9532501394	0.9460814388
0.9771479692	0.9664026186	0.967811723	0.9566967091	0.9666176051	0.9584956256
0.964185294	0.9650450107	0.9590984989	0.961144119	0.9656983456	0.9521382673
0.9592513365	0.9727929767	0.953811181	0.9530736175	0.9679254913	0.9629124546
0.972015372	0.9702606133	0.9635467395	0.9513560398	0.9556965534	0.9497782969
0.9670030665	0.9645571122	0.9572325208	0.9595331133	0.9614227229	0.9532934123
0.9476067456	0.9745127483	0.9476022139	0.9400364114	0.9468546346	0.9658478886
0.9797199253	0.9493644929	0.9642319775	0.9618416876	0.9496322765	0.9529318095
0.9766264513	0.9557510744	0.961523472	0.9698779677	0.9650336674	0.9555976887
0.9409589427	0.9531066982	0.9614347645	0.9547232334	0.9515410676	0.9577136815
0.9776091292	0.9600649204	0.9572847148	0.9605020156	0.9522869768	0.9529625469
0.9752411295	0.9627915878	0.9538809501	0.9619043414	0.9557613025	0.9581657449
0.9746365989	0.9734437489	0.9298538428	0.9555499007	0.964189256	0.9543827913
0.9719806559	0.9683090709	0.9608322136	0.953028262	0.948133493	0.9477524834
0.9698882507	0.9606450469	0.9534815383	0.9614897534	0.9505143702	0.9540094845
0.9830370005	0.9601515638	0.9526522991	0.9630237271	0.9575743898	0.9519333825
0.9817873811	0.9729485712	0.9579618791	0.9490111528	0.960573541	0.9639104794
0.9678835598	0.947914129	0.9469091862	0.9601459537	0.9547747767	0.9521677847
0.9722887254	0.9605332543	0.9606178982	0.9691360277	0.9591694225	0.9546836083
0.9646453578	0.96653656	0.9674848402	0.9654972467	0.9559960549	0.9498834322
0.9767269084	0.9526532301	0.9670695211	0.9608839874	0.9661180914	0.9522706558
0.9580927639	0.9645146836	0.9502427178	0.9626149484	0.9562049949	0.9512336719
0.949965486	0.95369785	0.9660612248	0.964104087	0.9543570193	0.9492898671
0.9305093671	0.9565879847	0.9614380245	0.9609474185	0.9580605904	0.9571091771
0.9544938366	0.9637144256	0.9555087725	0.9646460523	0.9509815682	0.9578950386
0.9777710436	0.9617661787	0.9670026851	0.9561939992	0.9640940817	0.9523016393
0.9673032776	0.952808266	0.9549019139	0.9482630229	0.9617839122	0.9651552804
0.981262219	0.9690744043	0.9474333921	0.9471643961	0.9709126861	0.9610436592
0.968393604	0.956770956	0.9583398567	0.961694914	0.9409374781	0.958976464
0.9818528397	0.9699515044	0.9564919177	0.9553865249	0.9644016141	0.9619575558
0.9629203481	0.9628070351	0.9519012815	0.9468884016	0.9581708056	0.9446443211
0.9591773045	0.9622849582	0.9722881249	0.9605520292	0.9606966103	0.950326657
0.9526751526	0.9419396946	0.9565991599	0.9556357373	0.9638079911	0.9472779216
0.9874077009	0.9677479845	0.9551756442	0.9590329016	0.9560681385	0.9484086117
0.9446876507	0.9648931439	0.9727810869	0.9555012538	0.9584269519	0.9581153065
0.971310786	0.9655835621	0.9702693938	0.971057837	0.9596427705	0.9522030357
0.9792098231	0.9656772037	0.9545984901	0.9576498732	0.9535381692	0.958068816
0.9427159061	0.9643941336	0.9294721929	0.9562567649	0.9490244495	0.9581794271
0.9742745249	0.959041443	0.9609598347	0.9489279694	0.9679791864	0.9594540565
0.9631460485	0.967724228	0.9609108656	0.9570001289	0.9466372366	0.9535184667
0.9846582072	0.9730016029	0.9647995558	0.9538581923	0.95536043	0.9616860959
0.9798288172	0.9632728332	0.9709868018	0.9641858369	0.9600046774	0.9543464496
0.9778725769	0.9492207469	0.9524875543	0.9613265382	0.958238596	0.9573469354
0.9794766721	0.9542148994	0.9718207638	0.9585772844	0.9572365754	0.9572181539
0.9903310192	0.9603236051	0.9506254749	0.9507261676	0.9457612265	0.960103922
0.9759719789	0.9742143526	0.9326563809	0.940357279	0.9723705514	0.9567456887
0.9733299309	0.9607109079	0.958924865	0.9611401417	0.9598841444	0.9612355489
0.9781209485	0.974663245	0.9652870408	0.9605038161	0.9569732472	0.9592746765
0.9804276011	0.9733885176	0.9555851319	0.9594648821	0.9569925392	0.9598440713
0.9731303898	0.9669144581	0.9585663025	0.9544491364	0.9595427118	0.955098748
0.9764531367	0.954183176	0.9603903927	0.9625488259	0.957241641	0.9590211362
0.978875228	0.946147894	0.9666980392	0.9667507945	0.9658832835	0.9610272334
0.975148319	0.9713702068	0.9648742711	0.9589344445	0.9635385029	0.9521369047
0.9486541951	0.9720432661	0.9661569193	0.9576245479	0.9543608318	0.9632777638
0.9696231974	0.9663692573	0.9467096568	0.9621035438	0.9605844897	0.9545939356
0.9797844922	0.9664388156	0.9623767683	0.9668756691	0.9631429134	0.9569633436
0.9423412364	0.9754489114	0.9612799956	0.9660636544	0.9557962035	0.9584250201
0.9584971229	0.9678880434	0.9485128116	0.950271135	0.9523127612	0.9606163464
0.9744768505	0.9606791092	0.9585720401	0.9566877309	0.958226285	0.9560879384
0.9601658186	0.9783338661	0.9653305601	0.9574226047	0.9547667616	0.9565316313
0.9781080728	0.9610750433	0.9671746714	0.9490311822	0.9595205455	0.9539969841
0.9632570666	0.9437831666	0.9712362088	0.9581358434	0.9606553806	0.9530104196
0.9754875139	0.9634991603	0.9465678725	0.9579915193	0.9544109321	0.9561175757
0.9894152431	0.9596349276	0.9610341324	0.9655868248	0.9484412987	0.9610176605
0.9680992138	0.959640714	0.9546020294	0.9433698526	0.9595051734	0.9591632823
0.9590715443	0.9390038784	0.9661719809	0.9558975226	0.960693528	0.9556301067
0.9473989392	0.9521665347	0.970468954	0.9691822862	0.9639321917	0.9573019803
0.9688165469	0.9584134936	0.960319813	0.9539727275	0.9565634865	0.953023059
0.965350722	0.9402827166	0.9483498963	0.9559804269	0.9596692263	0.9636117766
0.9689412202	0.9759289107	0.9587453026	0.9564576192	0.9526502679	0.9530324001
0.9899083817	0.9664181975	0.9545592686	0.9507271847	0.9652838549	0.9475442036
0.9717719708	0.9704268854	0.9573238642	0.9593154229	0.948682066	0.9493706734
0.9593948811	0.9715044931	0.9726171555	0.9541068243	0.9570684421	0.9572727877
0.9584557527	0.9667240106	0.9515212	0.946312819	0.9701478318	0.9515554813
0.9665463791	0.9527313422	0.9485845097	0.9551085263	0.9618587428	0.9608267945
0.9685445879	0.9687983092	0.9551170778	0.9649026459	0.9544446621	0.9572445926
0.9809415562	0.9711334783	0.9346467855	0.9607212443	0.958832237	0.9599595257
0.9570860747	0.9633269183	0.9560221259	0.944265736	0.9596502771	0.9550077031
0.9798311896	0.9332050757	0.9601359772	0.9542975144	0.9523163448	0.9570823441
0.9717342752	0.9716839284	0.9633573316	0.9549989417	0.9611160008	0.9510949328
0.9337091323	0.9722924402	0.9603370656	0.9503770319	0.9584201739	0.956517727
0.9594739715	0.9440596417	0.9732141459	0.9605897925	0.9623701871	0.9510247665
0.9626369413	0.9581091823	0.9602792534	0.9577115651	0.9636516999	0.9623347039
0.9518990628	0.9693667734	0.9541047138	0.9585366611	0.9498191952	0.9567471678
0.9546657357	0.9745363991	0.959490725	0.9632514953	0.9633707655	0.9457310488
0.9299435423	0.9532497285	0.9655709381	0.9667189101	0.9459800945	0.9558172405
0.9666975009	0.9570790093	0.9482589417	0.948516366	0.955342503	0.9585994743
0.9810800923	0.95549614	0.9577684156	0.9627834398	0.9419051524	0.9608886397
0.9696197662	0.9785905862	0.9608952505	0.959927049	0.9564068553	0.9502126758
0.9553167601	0.9716068936	0.9751572297	0.9585808088	0.9591162109	0.9550355239
0.9780336761	0.9730482583	0.9609932636	0.9603917783	0.9554474554	0.9584121645
0.9742971152	0.9522975818	0.9676198191	0.9723021299	0.9555463242	0.9580077815
0.9499695944	0.9810601699	0.9657914861	0.9651896195	0.9621260195	0.9454596398
0.9744863746	0.9539632098	0.9631282502	0.9578083402	0.9598093826	0.9619084431
0.984224147	0.9610559717	0.9542302785	0.9651314277	0.9597509055	0.9485048021
0.954692828	0.9439520031	0.9654941359	0.974880699	0.9646166389	0.951975287
0.9590944532	0.9736473132	0.9611512484	0.9499398422	0.9501154156	0.9484211412
0.9815338877	0.9641813994	0.9575244904	0.9580123899	0.9590168488	0.9588597666
0.9716702616	0.9523251007	0.9646668006	0.967231364	0.9460304735	0.9574150222
0.9728132522	0.9638082502	0.9663464489	0.9532825909	0.9683406908	0.9549237933
0.946817003	0.9600195216	0.9522274332	0.963651331	0.9564922325	0.9588196178
0.9753049346	0.9597675008	0.9481285875	0.9641154912	0.9623653077	0.9493921355
0.9843433037	0.9520065336	0.9547005558	0.9514150901	0.9614273811	0.9516600106
0.9607149343	0.9523540091	0.9333098944	0.9495069927	0.9573575887	0.9528423633
0.9706073221	0.9727775423	0.9583559254	0.9613392035	0.9493342935	0.9578405742
0.9694105574	0.9437798755	0.9609078641	0.9617940993	0.9579048272	0.9525413679
0.9701800018	0.9540777781	0.9549441838	0.9617427249	0.9708645057	0.9569065087
0.9694653218	0.9671158424	0.9655409322	0.9526546799	0.9514672581	0.952428797
0.9685916509	0.9649853168	0.9736321271	0.9626762513	0.9545703418	0.9460765267
0.982819785	0.9560737708	0.9648247535	0.9510653433	0.9574871214	0.9445754565
0.9525338229	0.9676569895	0.9662523382	0.960979638	0.9594325937	0.9570673846
0.9541133844	0.9527645342	0.9504718625	0.9562209894	0.9611903054	0.9590867599
0.9737607607	0.9598161725	0.9479868296	0.96144328	0.9536022733	0.9534732503
0.9610391797	0.9540583281	0.9639503948	0.9766269317	0.9638679744	0.9579314273
0.9751320992	0.9492407507	0.952972846	0.9532015403	0.957095003	0.958205407
0.9746726784	0.9558381159	0.9546875374	0.9642834132	0.9556747249	0.9596948146
0.9685537826	0.9699207876	0.9566449933	0.9684461934	0.9573483319	0.9505590081
0.9675328783	0.9732464665	0.9320763197	0.9566246422	0.9629556472	0.956934813
0.9732003168	0.9612942432	0.9502612125	0.9527966559	0.9570671509	0.9570630784
0.9649786085	0.9612686251	0.9649766186	0.9620386948	0.9618312211	0.9636075187
0.9694664601	0.9487867862	0.9557238503	0.9572459965	0.9501765698	0.9575296558
0.9359551248	0.9471467872	0.9633895601	0.9758330265	0.9555721658	0.9475457685
0.9822081855	0.968510869	0.9550372492	0.956159574	0.9595878565	0.9596251845
0.9465140341	0.9524529007	0.9592231064	0.9579988469	0.9502047626	0.9494869073
0.9530116552	0.9649659795	0.9569135908	0.9597321179	0.9559806479	0.9563749083
0.9838615866	0.9634366803	0.9665006256	0.9608413586	0.960631054	0.9573652022
0.9580649026	0.9489648964	0.9566390783	0.9525544568	0.9483152855	0.9541329256
0.9705862376	0.9572372036	0.9688548946	0.9581457161	0.9546766289	0.9574401412
0.9594910701	0.9589806224	0.9574525391	0.9637330612	0.9459005154	0.9630831355
0.973301366	0.9789164679	0.9711610103	0.9507516254	0.9674413194	0.9512337471
0.9822959453	0.9621986672	0.9357478342	0.9654766618	0.9550351372	0.9539697125
0.9691648495	0.9745917811	0.9616850315	0.9632161963	0.9510042592	0.9500143022
0.9493568664	0.9451805992	0.9578584874	0.9639843649	0.9508115122	0.9521375148
0.976074403	0.9490110788	0.9599495141	0.9606659018	0.9588764799	0.9592756107
0.9725841993	0.9585811156	0.9529810608	0.9490289439	0.9631937695	0.9625501004
0.9318451079	0.9405996766	0.950580791	0.9571291153	0.9589634947	0.9477435363
0.9471552275	0.9590173053	0.9529741385	0.9731090224	0.9526508281	0.9608433103
0.9475502326	0.9461606279	0.965347727	0.9772768388	0.9637982835	0.9533159202
0.9402847455	0.9581200991	0.9412355556	0.9600440413	0.9573682142	0.9590373193
0.9656410993	0.9657722635	0.9492629404	0.9586148079	0.96225035	0.9588040672
0.9699076702	0.9653455505	0.9522892551	0.9626499855	0.9651624729	0.9617369512
0.9652021981	0.9742180199	0.960188645	0.9564522039	0.9528494272	0.9583816072
0.982353809	0.9714289033	0.9483962665	0.9554571064	0.9519371451	0.9595832875
0.9630856401	0.9598385191	0.9543907522	0.957831425	0.9511631647	0.9645325829
0.9556898448	0.9616384602	0.9714665653	0.9612794072	0.9504713287	0.9580333472
0.9612814806	0.9573488249	0.9735184036	0.9551480239	0.9565394866	0.9500329887
0.9834070786	0.9590027814	0.9586262169	0.956833291	0.9365071709	0.9476873594
0.9520900008	0.9618364083	0.9428498934	0.9584683641	0.9495546642	0.9585925867
0.9633833457	0.9678620009	0.953580969	0.9658939488	0.9652676013	0.9577546593
0.9790161878	0.9568225471	0.9597486459	0.9602237951	0.9528742734	0.9506696941
0.9608377133	0.9648836658	0.9549485167	0.9487488636	0.9565138405	0.9567347623
0.9605485166	0.9485961156	0.9463126616	0.9586579931	0.9561300237	0.963025241
0.9835320701	0.9689989304	0.9607063325	0.9592237015	0.9608341648	0.964576677
0.9676572776	0.9637295275	0.9730984427	0.9652127585	0.962811382	0.9492715127
0.9823303611	0.9637785671	0.9552743319	0.968130091	0.9604271399	0.9486034432
0.9799023883	0.945823813	0.9626030864	0.9637580992	0.9588602934	0.9488665939
0.9611408443	0.9797614033	0.9576151121	0.9650183618	0.9525582663	0.9578445402
0.9824193636	0.9480547926	0.9499952336	0.9559524488	0.9526122885	0.9459462669
0.9514192845	0.9599533946	0.9515766664	0.9635901476	0.9661631456	0.9564353426
0.9897856523	0.971651011	0.943152725	0.948463158	0.9632104203	0.9559681285
0.9617263222	0.9689691543	0.9504661947	0.9690551939	0.9551688757	0.9628335844
0.9817781189	0.9650757279	0.9592608957	0.9617761693	0.9710009299	0.958899933
0.9682889166	0.9739857575	0.9575537961	0.9520813593	0.9438674822	0.9495798832
0.9721740772	0.9729160459	0.9615270583	0.96202351	0.9525918887	0.9456031429
0.9801895675	0.9480935951	0.9375304729	0.9562119154	0.9587630104	0.9575880866
0.9752766616	0.9425239904	0.9544267871	0.9623289151	0.9501028942	0.952869792
0.9743709431	0.9660066775	0.9627197346	0.9640572834	0.955379494	0.9519181862
0.9659899672	0.9702958354	0.9629309167	0.9588179493	0.9611139788	0.9569604119
0.9650545046	0.9680737808	0.969587056	0.9525687235	0.9515903672	0.9550818405
0.9533722546	0.9601498259	0.9610356098	0.9536690174	0.9615718502	0.9621444657
0.9794463925	0.9554762425	0.9590637476	0.963894877	0.9391332673	0.953674596
0.9768238578	0.9620206643	0.9496293174	0.9528830943	0.9587558824	0.9471463478
0.9204198679	0.9464471463	0.9684023619	0.9601728879	0.9610404998	0.9607673267
0.9436590561	0.9613598418	0.9575736229	0.9609675396	0.9706015925	0.9621075768
0.9584583594	0.9487396206	0.9533270844	0.9557587323	0.9540771985	0.9514621468
0.9768998948	0.9719838715	0.9563948323	0.9487967908	0.9571486127	0.955305424
0.9747086827	0.9260023699	0.9649613947	0.9546914696	0.9629028356	0.9570784263
0.9841161696	0.9506477402	0.9750893734	0.9639128964	0.9593439444	0.9573470825
0.9690198971	0.9465236954	0.9618691282	0.9573091712	0.9659981515	0.9538179924
0.9692627328	0.969471498	0.955724225	0.9511947919	0.9579902032	0.9641830544
0.9745540423	0.9521008588	0.9644399598	0.9532368359	0.9684712346	0.9542577732
0.9580136284	0.9501954989	0.9607139146	0.9576225866	0.9534151116	0.9586470039
0.9839115338	0.934352215	0.95578047	0.9585995982	0.9435216372	0.9516621902
0.9584670563	0.9620527706	0.9605216177	0.9605658777	0.9641769076	0.9605610561
0.9747230089	0.9658881872	0.9596883083	0.9540304346	0.9553806122	0.9536107889
0.9803585796	0.9418478474	0.9678010013	0.9487668321	0.9576148169	0.9509318844
0.9586343322	0.9752375761	0.9549926418	0.9574389804	0.9471139102	0.9608287945
0.9723527052	0.9648652307	0.9672692494	0.9611508794	0.9583961364	0.9526578311
0.9580382923	0.9691391482	0.9636183288	0.9725108472	0.9532306581	0.9541585448
0.95605941	0.9653604192	0.9502876307	0.9585717945	0.971103518	0.9552767753
0.9860891551	0.9629398442	0.9630502822	0.9450936308	0.9572240815	0.9569271994
0.960985218	0.9693033727	0.9592058499	0.9624524686	0.9669306659	0.9626384673
0.9735344524	0.973174082	0.9709620364	0.9623675723	0.9657741081	0.9575368462
0.9705452023	0.9828788477	0.9709545101	0.9625754185	0.9499946114	0.9566453087
0.9849922759	0.9675310926	0.969314631	0.9620767219	0.9455773503	0.9590832896
0.9533092789	0.9520146855	0.9363649613	0.9615765641	0.9525302841	0.9545933576
0.9656881854	0.9520241462	0.9556710404	0.944156312	0.9465349066	0.9548512026
0.9692807924	0.962846213	0.963168679	0.9668881328	0.9577615069	0.9598907731
0.9375438505	0.9693766722	0.9512322448	0.9643551075	0.94236014	0.9580270405
0.9605978804	0.932809156	0.951601537	0.9699441283	0.9562911996	0.9452417344
0.9594307814	0.9499394448	0.9653088354	0.9621677024	0.9524955597	0.9565673088
0.9570144169	0.9624419249	0.96700577	0.9585736285	0.9630142318	0.9576014139
0.9728508212	0.9604284986	0.9764372727	0.970437465	0.9683981239	0.9634080866
0.9689307177	0.9742341657	0.9649487459	0.9672318096	0.9638994064	0.948739345
0.9370751994	0.9572465966	0.9653519304	0.9681353433	0.9536788962	0.9510856549
0.9644693852	0.9611561438	0.9721459777	0.9478124484	0.9479876451	0.9571532713
0.9404621654	0.9589531143	0.9455596397	0.9657228503	0.9599524634	0.9474718459
0.9477481587	0.9531772287	0.9530187409	0.9598314552	0.9436467007	0.9589472611
0.9759379391	0.9704735124	0.9573091466	0.9618013721	0.9507621634	0.9597153874
0.9678386082	0.9528330014	0.9558109472	0.9638380172	0.9613649111	0.9569974796
0.9659056491	0.9451926722	0.9639653538	0.9626950271	0.9500392757	0.9553066871
0.9698359975	0.9616621416	0.9595139219	0.9585090493	0.9639259353	0.9595458685
0.9842694182	0.9704834787	0.9609256701	0.9485500536	0.9467580794	0.9629887953
0.9650219553	0.969989552	0.9700728687	0.9589142404	0.9558422085	0.9634067115
0.951154339	0.9730433306	0.946809584	0.9505293107	0.9390902039	0.9533550491
0.9728426804	0.9574593067	0.9734683086	0.9608481231	0.9625682118	0.9616805451
0.9620131137	0.9668657365	0.9599258223	0.9571850124	0.9465404922	0.9565107591
0.9794645853	0.9575772256	0.9423492579	0.9481213622	0.9681081264	0.9463406664
0.9657823005	0.9325445299	0.9677181215	0.9623624358	0.9713943487	0.9550219402
0.966157076	0.9678384436	0.9501823819	0.9683736121	0.9439269285	0.9545965869
0.9591285427	0.9742273281	0.9519995148	0.9556605918	0.9642712612	0.9554967993
0.9603979498	0.9764584604	0.9662046122	0.9707924504	0.9540854426	0.940788836
0.9764864054	0.9666419838	0.9559929741	0.9442650531	0.9659463842	0.9589293433
0.963965235	0.9705309911	0.9487314516	0.94097261	0.967645984	0.9580504121
0.9450026184	0.9377469817	0.9485733943	0.9572981832	0.9534441035	0.9639317362
0.9596836065	0.9537735811	0.9679084381	0.9496776944	0.9626349163	0.9569984812
0.9772207245	0.9439648983	0.9528692078	0.9675054808	0.9586239878	0.9610719272
0.9742363483	0.963047881	0.9720225381	0.9706042211	0.9616603071	0.9606407172
0.9796089258	0.9565826536	0.9491887123	0.9564209752	0.9542250198	0.9535012868
0.9903143866	0.9753889994	0.9477653227	0.9429918435	0.9468944185	0.9582240459
0.9790938146	0.9641342849	0.9466965484	0.9627163826	0.9568677941	0.959841495
0.9652530018	0.9705130837	0.9506708003	0.9564458296	0.9548566212	0.9616066853
0.9606600476	0.9725230866	0.9655006282	0.9426479895	0.9659139185	0.9595884344
0.9614813324	0.9622741349	0.9585727412	0.9628560767	0.9593584968	0.9547469187
0.9596935364	0.9619633468	0.9645047246	0.960882556	0.9579895009	0.9520353733
0.9625837672	0.9728196011	0.9702092148	0.9468183908	0.9541036072	0.9415500773
0.9619448272	0.9456805305	0.9706906208	0.9718056389	0.9660735383	0.9672407184
0.9775184581	0.9548454376	0.9592809248	0.9585762767	0.9596415837	0.9647462025
0.9801485296	0.9669580494	0.9655247088	0.9600926932	0.9544862938	0.9574210705
0.9769335891	0.9691835492	0.9529646202	0.9595580061	0.9593744171	0.9674970017
0.9788725921	0.9551580334	0.9570848523	0.9637824736	0.9593416781	0.9510861507
0.9799544816	0.9528703204	0.9596231637	0.9665454518	0.9599503362	0.9497583421
0.9594592135	0.959069401	0.9540996979	0.9482228328	0.9578448854	0.9545346355
0.9828616471	0.9709284877	0.9746580734	0.9535806831	0.9608525013	0.9594850785
0.9798506322	0.972816387	0.9611727193	0.9631008738	0.9547162716	0.951142315
0.9751403272	0.9629669971	0.95064649	0.9571159314	0.9670820198	0.9626893076
0.9800652247	0.9552319041	0.9514019043	0.9704129203	0.966261044	0.9645703803
0.9807721065	0.9612416619	0.9654781107	0.9645850347	0.9600687564	0.9625297651
0.9741710385	0.9542622325	0.9492361771	0.9622048903	0.9610807587	0.9469432753
0.9724293583	0.9754411457	0.9691855533	0.959911484	0.9650572434	0.9556422465
0.9849502513	0.9672362464	0.9603256348	0.9639288981	0.9527002426	0.9597647398
0.9730000364	0.9612869769	0.9622973523	0.9542596548	0.9609533598	0.9536425228
0.9504656782	0.9634819632	0.9505923277	0.9649636207	0.9649259762	0.9542942129
0.9752122951	0.9656065147	0.951670847	0.96772042	0.9679839417	0.9619223305
0.9820427932	0.943438619	0.9501203114	0.9524335295	0.959186546	0.957332329
0.9226714308	0.9649676228	0.9583746947	0.9460799511	0.9701394199	0.9485258631
0.9825070267	0.966749344	0.9691694104	0.962393641	0.9506678334	0.9477278446
0.9668203615	0.9827096197	0.9511448399	0.956106395	0.9473320322	0.9482188958
0.9570237437	0.9513027442	0.9571951351	0.961740155	0.9633751545	0.9505677426
0.9575803673	0.9627788956	0.964676737	0.9563014908	0.9590281735	0.9495672751
0.9711264159	0.965369922	0.959240833	0.9402430119	0.9502131847	0.9629808567
0.9695777888	0.9755326345	0.9646425863	0.9676543586	0.9559422927	0.9557518514
0.9877183334	0.9584087573	0.9529070435	0.9455041819	0.9550682186	0.958919745
0.9478536943	0.9707329902	0.967565184	0.9562361831	0.9430628793	0.956278805
0.9584362154	0.9463233739	0.9665033993	0.9549181773	0.9507033465	0.9624819185
0.970099405	0.9474925564	0.9443756653	0.9496643636	0.9620329307	0.9562458244
0.9732820802	0.9492281495	0.9364335939	0.9477416335	0.9538747446	0.9670089427
0.9639148303	0.9701724059	0.960583017	0.9590670883	0.9554487874	0.9558161761
0.9831451662	0.9551497746	0.9567889471	0.9485285764	0.9567568318	0.9632515566
0.9838953597	0.9656768792	0.9667817136	0.9401443612	0.9609789149	0.9579534799
0.9706507604	0.9730251335	0.9556283472	0.9516551831	0.9544777417	0.9525051673
0.9773121948	0.9572280673	0.9482993577	0.9529697189	0.9614868474	0.9638944663
0.9831729331	0.9577852859	0.950185843	0.9579865434	0.9605023068	0.9487052697
0.9614523435	0.9500166958	0.9576549471	0.9589306687	0.9470597065	0.9607650355
0.9697191756	0.9626136459	0.95751528	0.9556532724	0.9518306462	0.9533984008
0.9648210374	0.9593394818	0.9548348992	0.973582417	0.958178982	0.9649667888
0.9808044236	0.9509879417	0.9634263283	0.9584787313	0.9615520312	0.9660374581
0.97726716	0.9411411889	0.9631218823	0.9566391115	0.9551803154	0.9635085576
0.9419657909	0.96295699	0.9618049107	0.9510506718	0.9602636169	0.9416152207
0.9551918582	0.964189229	0.9597501252	0.9588989914	0.9447100476	0.945559157
0.9671802838	0.9706249053	0.9678227535	0.9608811976	0.9605149612	0.9623722343
0.9773106081	0.9340211046	0.9716966943	0.945568447	0.9591098805	0.9603709526
0.9611492404	0.9622812191	0.9649102149	0.9599648391	0.945085997	0.9640972524
0.9775960853	0.9638442168	0.9650234293	0.9552505939	0.9558661448	0.9619988379
0.9710512527	0.9688680243	0.9277912903	0.9504108827	0.9430548686	0.9615198684
0.9533767769	0.960281293	0.9649861855	0.9579294477	0.9563036079	0.9574539002
0.9824152181	0.9554839052	0.9710460664	0.9493556723	0.953370017	0.953624682
0.9610352743	0.9511302116	0.9584052498	0.9584044999	0.9471322701	0.9499132863
0.9692505713	0.9643773819	0.9518487085	0.9771269099	0.9505833018	0.9488934253
0.97155559	0.9505211949	0.9606685224	0.9534223831	0.9565517274	0.9611722956
0.9751126459	0.9623075916	0.9656819719	0.9505119932	0.9481740612	0.9625598993
0.9781036432	0.957484753	0.9636686551	0.9538825179	0.9485114587	0.9622056754
0.9708915962	0.9611384135	0.9657461145	0.9547768066	0.953275554	0.9533621041
0.9834689925	0.9478711406	0.9547047996	0.9504794404	0.9635024549	0.9625919629
0.9360756395	0.9722045766	0.9654547767	0.966071119	0.9554988493	0.9530265581
0.9894370211	0.9535400348	0.9605976966	0.9504092737	0.9563100976	0.9550540709
0.9925517563	0.9588171381	0.9650931117	0.9602588589	0.9536013993	0.9526039808
0.9563371466	0.9588432895	0.9602820906	0.9498849736	0.9566999294	0.9575972442
0.9709135685	0.9551841455	0.9632173621	0.9597072222	0.9638372627	0.9537692824
0.9702423032	0.9690273611	0.9536741138	0.9651313547	0.9681551316	0.9504071807
0.9652739823	0.9624822566	0.9664490273	0.9591724968	0.9509863654	0.9600267944
0.9453362806	0.9615763757	0.9610240725	0.9556048124	0.964983567	0.9579965824
0.9718557915	0.9739362001	0.9553526834	0.9677963251	0.9579516455	0.9588212993
0.9495276902	0.9612429525	0.9550013832	0.9591565939	0.9574500272	0.9598499824
0.9545550118	0.9462621291	0.9674472918	0.9524840033	0.9558187805	0.9540842742
0.9463619991	0.9614311914	0.9453026785	0.9650948494	0.947213802	0.9501032256
0.9613865819	0.9503597912	0.9478324269	0.9585332543	0.9548541061	0.9630025363
0.9677304742	0.9693443761	0.969298795	0.9680544856	0.9651778005	0.9623860338
0.9814737188	0.9602737331	0.9527706775	0.9586149726	0.9472491683	0.9544146095
0.9369887664	0.9560509924	0.9561742587	0.9503058799	0.9456520237	0.9629852448
0.946925117	0.9672386131	0.9565044966	0.957213423	0.9605600578	0.9577573418
0.9643761669	0.9729709047	0.9569125548	0.9606064073	0.9624754935	0.9583444171
0.9606983838	0.96335206	0.9541946377	0.9553740628	0.9473829456	0.946785592
0.9740968913	0.9593720858	0.9604012803	0.9568090436	0.968942864	0.9606399513
0.9121375791	0.9653621108	0.9697211314	0.9624230487	0.9692465348	0.9525542596
0.9564845149	0.9423987456	0.9657493774	0.9642511174	0.9592088909	0.9564487244
0.9629373584	0.9417638677	0.9544663753	0.959889867	0.9623895019	0.9638454138
0.9631328953	0.9699654161	0.9532963793	0.9648299184	0.9558560225	0.9619018112
0.9652550231	0.9458697472	0.9634115492	0.9595399913	0.9497441344	0.9513603882
0.9782469328	0.9744556335	0.9508116542	0.9546201686	0.9435263943	0.9572924657
0.954238745	0.9787197958	0.9772957792	0.9615930491	0.9618629958	0.9596981395
0.9818045072	0.9674596663	0.9617787904	0.9610347665	0.9644295719	0.9525310252
0.9825183532	0.9528380063	0.9456154878	0.9360113669	0.9675025229	0.9584788596
0.9563542719	0.9602737547	0.9561740762	0.9538885675	0.9622753209	0.9559213906
0.9747615434	0.9603968523	0.9548167168	0.9465678856	0.9438778139	0.955912078
0.9826970387	0.966865753	0.9543092689	0.9429652005	0.9653015793	0.954314867
0.9780174796	0.9684078083	0.9703460209	0.9470483147	0.9669550872	0.9518849752
0.9642886354	0.9622705728	0.94013629	0.9417738793	0.9650854273	0.9607516938
0.9685229681	0.9503510585	0.9566344542	0.9513129603	0.9616357115	0.9496804556
0.9619942828	0.9757206756	0.9437183948	0.9545948083	0.9656320199	0.9510728807
0.9758345858	0.9548437854	0.9471281613	0.9650458578	0.9616439914	0.9639092681
0.9546657484	0.9534104151	0.9593995225	0.9605435649	0.958434176	0.9599091062
0.9734031425	0.9746391553	0.942686488	0.9534663197	0.9462385754	0.957589751
0.9786833876	0.9616523138	0.964597183	0.9543203347	0.9575548108	0.958134009
0.9827918759	0.9437080408	0.9701564263	0.9501887469	0.9609274324	0.9586893843
0.9625629695	0.9648434549	0.9409710508	0.9465591912	0.9556605908	0.9525219925
0.971857127	0.9498897615	0.9491173095	0.9397642552	0.9553576028	0.9557752898
0.9523985481	0.9689538986	0.9502829852	0.9481603463	0.9599036079	0.9639282514
0.9814173533	0.9648082466	0.9531917593	0.955573978	0.9417822838	0.9462361764
0.9680091417	0.9666569249	0.9626309665	0.9547933572	0.9496781662	0.9591202801
0.9803448216	0.9670017488	0.957146139	0.9452457227	0.9407930591	0.9587131829
0.9678807959	0.9611875922	0.9627691087	0.9415336208	0.9601989296	0.9507919514
0.9826422835	0.9446086885	0.9499925776	0.9596825971	0.952051877	0.9649144555
0.9656917819	0.9706737137	0.9663243181	0.9529197506	0.9702018376	0.9637772112
0.9790393367	0.9628428974	0.9540232216	0.9532727889	0.9377345056	0.9601759849