0.964290876	0.9652082317	0.953870988	0.9433676819	0.9449424124	0.9543947633
0.9617406478	0.9609912326	0.9560535303	0.9390962791	0.948033149	0.949113104
0.9583348034	0.9542919244	0.9443413854	0.9431476028	0.94592007	0.9470087155
0.9419305359	0.9398175699	0.9428546916	0.9635471505	0.9498548553	0.9526266612
0.9839040885	0.952398041	0.9389652599	0.9582713337	0.9526672442	0.9494832222
0.9725246473	0.9643461715	0.9630099438	0.9680378902	0.9626793102	0.9467941613
0.9745697878	0.9459857527	0.9598040828	0.9691736532	0.9562576514	0.9575169673
0.9591230129	0.9584562928	0.9473705312	0.9518515323	0.9440789572	0.9420316772
0.9725283295	0.9300976781	0.9732217383	0.9542033366	0.9610775221	0.9424251537
0.9426959156	0.9503715029	0.9579536495	0.9449970587	0.9558853275	0.9494224823
0.9450719019	0.9522271779	0.9506592645	0.9517547156	0.949683412	0.9526122319
0.9587561655	0.9427835046	0.9545807449	0.9367457907	0.9563588153	0.9428327033
0.9795794847	0.9588210586	0.9704676783	0.9628048171	0.9576103433	0.9406561773
0.979246229	0.9457961791	0.9531646561	0.9478124741	0.9615896306	0.9602546556
0.9601964577	0.9471664706	0.9494822903	0.9583694461	0.9394511406	0.9603858016
0.8593704088	0.9622898444	0.9582639297	0.9526113951	0.9542605063	0.9567901948
0.9703674676	0.944545695	0.9465831456	0.9585474985	0.947206481	0.9408171079
0.9726858945	0.9527212617	0.9535283533	0.9687720423	0.9568781526	0.9533452502
0.9678721353	0.9415044702	0.9358612196	0.9482519811	0.9399544486	0.9450207492
0.9707531887	0.9272445657	0.9520545734	0.9493568758	0.9435214848	0.956586811
0.9782760768	0.9487537222	0.9525570303	0.939972339	0.9487282135	0.9510959206
0.8887145041	0.960757765	0.9517582161	0.9656601547	0.9558724936	0.9505013086
0.9427946726	0.9351464202	0.9533701816	0.951773927	0.9434574198	0.9526478282
0.9668451704	0.9649136041	0.9531339569	0.9448373222	0.9344480718	0.9551340857
0.980686451	0.9482382503	0.9451077098	0.9661015274	0.9551378874	0.9592071636
0.9449318213	0.9579544975	0.9596191777	0.9601212957	0.96116313	0.940429118
0.9715761926	0.9516282566	0.9544902644	0.9494785379	0.953476547	0.9616558058
0.9617906666	0.9486216988	0.9427399662	0.9505501786	0.9372188586	0.9496426476
0.9683287406	0.9552526741	0.9604655589	0.9672769403	0.9562937567	0.9486139161
0.9712308357	0.9597444845	0.9700182194	0.9470247904	0.9643565262	0.9448394705
0.949951971	0.9168915493	0.9484529949	0.9555352894	0.9361957684	0.9611402821
0.9506116977	0.9344016752	0.9613792792	0.9498397568	0.9528568601	0.9551109143
0.9530570832	0.956285724	0.958476068	0.9387838535	0.9507197858	0.9502198925
0.9529280664	0.9263897523	0.9446514272	0.951773455	0.9465658318	0.9558060799
0.9436187799	0.9471741432	0.9375700089	0.9346253703	0.9493715764	0.9472374614
0.9695846497	0.9423630139	0.9558517537	0.9639045434	0.9603730354	0.9516375515
0.9644071462	0.9467143294	0.9458320098	0.9414589739	0.9523692495	0.9495877855
0.92565434	0.9431784491	0.9655590447	0.9470557492	0.9520039805	0.9593929858
0.968501045	0.9498062446	0.946933294	0.9459328926	0.9458616046	0.9505597227
0.9794323145	0.9710334308	0.9659162061	0.9494400146	0.9652816449	0.9592369061
0.9653609274	0.950731176	0.9626477778	0.9397434621	0.9626806757	0.9439770167
0.9569449971	0.9593618737	0.9463459051	0.9456239197	0.952048929	0.9492831069
0.9216841295	0.9682728632	0.9533707539	0.96198747	0.9599168886	0.9504350742
0.9744890753	0.9406606903	0.9503643002	0.9604531964	0.9666859484	0.9540380072
0.9446017712	0.9216614789	0.9631402612	0.9531384007	0.9587123309	0.9427307449
0.9485956317	0.9631152554	0.9519454725	0.9363043888	0.9471036444	0.9479949119
0.9424483418	0.9689364973	0.938447447	0.9367150965	0.9432805814	0.9493975379
0.9296618967	0.9398247809	0.9511492451	0.9621426814	0.95625431	0.944842224
0.9645505142	0.9445923745	0.9612034405	0.9551657278	0.9468415316	0.9529854178
0.964590547	0.94691196	0.9579979214	0.9379496278	0.9666559149	0.959776502
0.9514254343	0.9390249648	0.9605761563	0.9474424391	0.953985708	0.9508062016
0.9470159325	0.953646214	0.9674980469	0.9556778157	0.9607507022	0.9479902632
0.9639480827	0.9434434803	0.9425804228	0.9451304186	0.9605467867	0.9540922775
0.9285191567	0.95080991	0.9617061945	0.9616735054	0.945774051	0.9373700891
0.9477850413	0.9599139397	0.968119097	0.9487427399	0.9378987172	0.957142331
0.9536811256	0.962192514	0.9458196881	0.9497143532	0.9638818203	0.9525487948
0.9795046028	0.9668700775	0.9619536852	0.9487268015	0.9416294649	0.9581319208
0.9744714387	0.9511680649	0.9465921948	0.9577486912	0.9451710597	0.9513242667
0.93335614	0.9686112875	0.9661833375	0.9382158496	0.9477988811	0.9590405118
0.967792912	0.9524006828	0.9375413081	0.9365960355	0.9392996054	0.9550202635
0.9675005432	0.9653816316	0.9430756028	0.9529297985	0.970509167	0.9594778333
0.9749697566	0.932760782	0.9633067	0.9565332326	0.9433755051	0.938468336
0.9201177922	0.9479060846	0.9481452545	0.9562126159	0.9437000982	0.9446512974
0.9424089538	0.9618805588	0.9597654163	0.9506243749	0.9441502652	0.9438654155
0.9436217867	0.9529126945	0.9588595505	0.9389852465	0.9617909706	0.9553836615
0.9420586986	0.9363667582	0.9585307697	0.9502334942	0.9642126451	0.9479348939
0.9065190131	0.9589035655	0.9598132535	0.9523978084	0.9626946275	0.9515675317
0.9210343234	0.9449137785	0.9638500077	0.9681527325	0.962637304	0.9517968081
0.9344658639	0.9476126428	0.9492136766	0.948485835	0.9377786447	0.9445004983
0.9845912409	0.971798025	0.9623763612	0.9305858264	0.954201829	0.9569516739
0.9690898296	0.9471862333	0.9685769483	0.9465202891	0.9391520293	0.9511671235
0.9811228892	0.9407940604	0.967725208	0.9551513497	0.9560171638	0.952831907
0.9211433673	0.9612000471	0.9770064811	0.9528542333	0.9429073526	0.9515810716
0.960022656	0.9386795285	0.9641489306	0.9468535794	0.9547504031	0.9563175829
0.9505743216	0.9685759472	0.9384164196	0.9437722924	0.9532982829	0.950174769
0.9322891411	0.9479056952	0.9502537474	0.9554310185	0.9395965065	0.959100098
0.9673732216	0.961707783	0.9451533272	0.9432135197	0.9373571936	0.9383162081
0.9421754304	0.9688525418	0.9494033154	0.9556256724	0.9567814326	0.9453116675
0.968879363	0.9697955497	0.9520880922	0.9485489838	0.9454824901	0.950857114
0.9578187487	0.9637239985	0.9644378052	0.9324401432	0.9612784762	0.9455978712
0.942787893	0.9577486559	0.9636774682	0.9510036558	0.9341092449	0.9564940248
0.9424638432	0.9320682199	0.9470679621	0.9591462073	0.9552870644	0.9471520943
0.9709274648	0.9561280783	0.9422194545	0.9408030761	0.9345989031	0.9573742939
0.9513438704	0.9672920476	0.9633627731	0.9572801526	0.9483125817	0.9492664559
0.9686155407	0.9662765671	0.9501310251	0.9238476147	0.9376511635	0.9499677516
0.9510229866	0.922612299	0.9538335156	0.9446094163	0.9521668247	0.9532824619
0.9420043869	0.9695008904	0.9524784551	0.9430710165	0.9532342379	0.9520051622
0.9072954181	0.9464014097	0.9671455842	0.9480599589	0.9541159168	0.9566087833
0.944342871	0.9425167506	0.9650481896	0.9517387793	0.9452186598	0.9505558522
0.9744287658	0.9480681997	0.9430685202	0.9496885205	0.9441250185	0.9528223367
0.9456159865	0.9383357237	0.9578367126	0.9347012348	0.9554244261	0.9456220044
0.9498033579	0.9664457126	0.9416574635	0.9293553798	0.9474773674	0.9600722406
0.9378272708	0.9598147266	0.9583575255	0.9615653104	0.9462050844	0.9518537867
0.9654449846	0.9353208136	0.9484620668	0.9645260116	0.9453784227	0.9504084834
0.9108740691	0.9448369538	0.9610627745	0.9385182513	0.9596033366	0.9566539081
0.9346959634	0.9464611833	0.9310844302	0.945578844	0.9527631276	0.950129248
0.9330182867	0.9507772027	0.9661963641	0.9570255056	0.9657667595	0.9491745797
0.978142331	0.9366369115	0.9545039972	0.9414588341	0.9410429538	0.9498245943
0.9618114333	0.9393655271	0.9501355263	0.9445076545	0.9593357671	0.9557064448
0.9616569988	0.9635677303	0.9433682179	0.9510430624	0.9495851993	0.9557635766
0.982782162	0.9501841321	0.955458683	0.9313533896	0.9482351853	0.9431382633
0.9511679658	0.9640146224	0.9680971868	0.9446917479	0.9651562603	0.9546428672
0.9148731777	0.9466205256	0.9456898655	0.9454409966	0.9281926483	0.9466083701
0.9595945157	0.9683072267	0.9446691636	0.9372067231	0.9422774132	0.9447291968
0.9629264962	0.9732869456	0.9507992672	0.9373633154	0.9539813439	0.9546030683
0.9733143114	0.9319027808	0.9368450943	0.9345968121	0.9458450251	0.9473871524
0.9748882056	0.9700500493	0.9417404636	0.950235595	0.9255120989	0.9462915339
0.9417882535	0.9369044827	0.9618677142	0.9431412649	0.9399651718	0.9420035663
0.9814550336	0.9593763094	0.9424898832	0.9367981361	0.9465277838	0.9435780394
0.957556901	0.9703485503	0.9653444894	0.9482491951	0.9573912046	0.9505310512
0.9689732541	0.9584418122	0.9676382099	0.9591548797	0.9502609016	0.9391731787
0.9395762781	0.8981425687	0.9670070275	0.9441381482	0.9388129765	0.9555184646
0.9687237294	0.9505123571	0.9367910112	0.9570031944	0.9526572923	0.9606985607
0.965784359	0.9659895969	0.952168407	0.9445827385	0.9546860118	0.9536214441
0.9695185066	0.9673817901	0.9580969347	0.9565650817	0.9356312054	0.9485357223
0.9657066276	0.9689847638	0.9560777029	0.9554866633	0.9568977194	0.9440837079
0.9437205459	0.9533551167	0.9415560213	0.9381723459	0.9564536461	0.9601347065
0.9672650631	0.9589419141	0.9493975375	0.9589204611	0.9504947316	0.9575765762
0.9637183729	0.9537112514	0.9361664376	0.9416657992	0.9549822104	0.9592708708
0.9179960385	0.9563450504	0.9508534687	0.9652090361	0.9527043367	0.9516595342
0.9544777787	0.9485790086	0.9399462069	0.9632670504	0.9561564908	0.9340749169
0.9505857758	0.9488357721	0.9573106081	0.9492003789	0.9506438459	0.9470892008
0.9683720746	0.9626466112	0.9656696355	0.96490322	0.9614709065	0.9495322628
0.9279724645	0.9303819609	0.9367615062	0.9616103623	0.9343804352	0.9554235301
0.9707036593	0.9723174755	0.945282782	0.9565433735	0.9600942747	0.9577427173
0.9724505356	0.9616513216	0.9479494588	0.951309957	0.9531426634	0.9543269135
0.9685722564	0.9456943564	0.9389009563	0.9568622462	0.9596500816	0.9452695594
0.9634874196	0.9547106336	0.9470828012	0.955253671	0.9409983475	0.9517539016
0.922638527	0.9763963227	0.9387977434	0.9531028934	0.9363075686	0.9573676899
0.9635690704	0.955403899	0.9334566734	0.9556268754	0.9548401455	0.9560390922
0.9689013679	0.9562480209	0.9506810869	0.9521982792	0.9458253903	0.9507854866
0.9605417011	0.9487223699	0.9449392143	0.9374822395	0.9516206879	0.9565584998
0.9541776781	0.975673626	0.948940314	0.9480481215	0.9356934632	0.9477042954
0.9704011608	0.9442471153	0.9641196305	0.9569639503	0.9528876933	0.9579982307
0.937825792	0.9550087629	0.953723277	0.9488132413	0.9531668018	0.9528054969
0.9867245568	0.9527934683	0.9682405762	0.9458224923	0.9554938963	0.9564103173
0.9518700664	0.9652549961	0.9731661993	0.9701696817	0.9582345453	0.9526816979
0.9649974519	0.9514369675	0.9463794038	0.9273770278	0.9470255753	0.9554373946
0.9559316616	0.956573559	0.9310510229	0.9344743426	0.9548486277	0.9484046498
0.9614307356	0.9687842815	0.953928211	0.9550200464	0.9484946293	0.9479936091
0.9819938683	0.9573757124	0.9456986962	0.9383246555	0.9651908209	0.9474578951
0.9324899488	0.9477625629	0.9734681085	0.9587583122	0.9545678639	0.9415022509
0.9417945199	0.9635845828	0.954624845	0.9593319339	0.954108766	0.9517218978
0.9554542942	0.976699337	0.9462240401	0.952547523	0.9501280809	0.944735519
0.9098166273	0.949160124	0.9449216876	0.9606170441	0.9442419434	0.9454896193
0.9255885157	0.9096597061	0.9334282588	0.9470870828	0.9581313251	0.9484539413
0.9517994864	0.9796169427	0.931896197	0.9592912012	0.9428003509	0.9597072713
0.9234724044	0.9683069073	0.9626873479	0.9482377749	0.9543914844	0.955328062
0.9491147414	0.9514027961	0.9717765405	0.9409732328	0.9575796482	0.9546596455
0.9077524603	0.9673848564	0.9706036581	0.9584929791	0.9602953238	0.95465188
0.9451410336	0.9419277232	0.9472919082	0.9626272294	0.9457396723	0.9497388633
0.9666964172	0.9496202503	0.9591716945	0.9530217344	0.9565152721	0.9574815354
0.9572833703	0.9663156869	0.9680686774	0.9517616798	0.9612505411	0.9523166929
0.929187229	0.9480164266	0.964050471	0.9564788565	0.9576009677	0.9681078174
0.9607865883	0.9575273934	0.948166819	0.9243139112	0.9643326789	0.9568238664
0.9202558984	0.9690824688	0.9639998848	0.9576736366	0.9596436592	0.950454422
0.9327137476	0.9600853892	0.960636419	0.9427098642	0.9552765001	0.9510775847
0.9463648707	0.9486847329	0.9545314265	0.9457427301	0.9373613896	0.9665545359
0.981683823	0.9411300441	0.9662402099	0.9619913843	0.9537079322	0.9523505474
0.9592831606	0.9584565591	0.9652732329	0.9495099085	0.9546784164	0.9501627918
0.9606099373	0.9295272137	0.9202108471	0.9516947639	0.9534967626	0.953717454
0.965955546	0.9372181295	0.964776715	0.9478643696	0.9591225716	0.9547508245
0.9328884178	0.9285264345	0.9322447561	0.9615309648	0.9650735072	0.9455329424
0.9653750725	0.942555481	0.9451181015	0.9429318377	0.9559865454	0.9503171595
0.971687317	0.9563281086	0.9558463518	0.9561813127	0.9545924488	0.9538515406
0.9410780117	0.9591133871	0.9253394697	0.9655787846	0.9377405956	0.9557624355
0.9680180348	0.9389082135	0.948005506	0.9575358609	0.9348302039	0.951034065
0.9539923948	0.9643993741	0.9548058389	0.9383742326	0.9572571352	0.9550380646
0.9525690424	0.9446839154	0.9267615156	0.9384382882	0.9402753432	0.9439591095
0.9142934254	0.9610215069	0.9479873143	0.9703579898	0.9573691724	0.9487423177
0.9772717976	0.9602305713	0.9436643904	0.9349069525	0.9576179466	0.9597848372
0.9632476331	0.9670751619	0.960795249	0.9508797099	0.9377901284	0.9515630107
0.9249057445	0.9174616074	0.9457628991	0.959608972	0.9492840986	0.9482498194
0.9101128121	0.9467506865	0.9543731856	0.9353667567	0.9481820986	0.9502748141
0.9696044305	0.9646281353	0.9607670766	0.9509059305	0.9540388628	0.9546858081
0.9232071617	0.9131581137	0.9245281822	0.9510434753	0.9546015754	0.9542423924
0.9369909228	0.9383499158	0.9572309788	0.9587243084	0.9354338652	0.9602363809
0.9619408718	0.9452217104	0.9554561513	0.939590412	0.9616878652	0.9598048449
0.9688744296	0.9386700554	0.9466921794	0.9515338767	0.9467223545	0.9395754766
0.9646981661	0.9491370159	0.9376208165	0.955250318	0.949926364	0.9530050274
0.9353154046	0.9435230518	0.9523744451	0.94019009	0.9435307723	0.9508183295
0.9307923701	0.9696897614	0.932498128	0.9577741778	0.9582604815	0.9468014258
0.9562921423	0.9245805996	0.9437728408	0.9420444993	0.9563811878	0.9566652238
0.9505260767	0.9519618368	0.9372647783	0.9623613239	0.9516237364	0.9502664869
0.9133717603	0.9603331883	0.9481232813	0.9594316058	0.9473912674	0.959356719
0.9655118355	0.9424767969	0.9498320918	0.9545710491	0.955248662	0.9601247313
0.9780434812	0.9630848549	0.9543050187	0.9558216083	0.9570908118	0.94882565
0.9359376766	0.9590834166	0.9204278447	0.9611627377	0.94858151	0.9519019605
0.9766651243	0.9594157991	0.947857162	0.9546674951	0.9559848376	0.9524279508
0.9572295903	0.952332011	0.9598083939	0.9580064615	0.9545723523	0.9336561692
0.9409491422	0.9604307667	0.9587594692	0.9515965495	0.9450829516	0.9537352646
0.9709403695	0.9747705595	0.9712508393	0.9311361679	0.9612446999	0.9499746219
0.9755404818	0.9428826709	0.9579140798	0.9527970519	0.9389653078	0.9434179379
0.9449000764	0.9521996924	0.9632480664	0.9703025136	0.9533659885	0.9514450162
0.9401559914	0.963970846	0.9499197003	0.9531255287	0.9647795364	0.9449041614
0.9459495644	0.9484661631	0.9549989375	0.9395712348	0.9637440813	0.9528605045
0.9605272759	0.9240845217	0.9335964375	0.9565786589	0.9484917146	0.9471247858
0.935640493	0.9607368003	0.9484426518	0.9495372233	0.9534208339	0.9578718689
0.9517155755	0.9274588341	0.9503417036	0.9479748106	0.9638106024	0.9460134551
0.9685875786	0.9573059535	0.9657153068	0.9603501606	0.9591076113	0.9547858791
0.9867367594	0.9388021317	0.9629494849	0.9442488127	0.9521161834	0.9512251126
0.9221002587	0.9623469222	0.9569076527	0.9490209884	0.92657377	0.95123229
0.9706101125	0.9545500614	0.9518309447	0.9538627181	0.9569806869	0.9552951604
0.948586262	0.9589966585	0.9533062504	0.9581325006	0.9604287772	0.9559517959
0.9616095001	0.938358633	0.9614832143	0.9496035391	0.9552107724	0.9520084283
0.9624548198	0.9703778858	0.9554630871	0.9718256996	0.9401334138	0.9620685608
0.9432303766	0.8995191041	0.9335130101	0.9633244872	0.9493508394	0.9492272073
0.9322196379	0.9583756734	0.956766926	0.9654595718	0.9361115802	0.9456380118
0.9506016528	0.9539837915	0.951175397	0.9392021282	0.9587430697	0.9497483723
0.9359752384	0.9555194878	0.9491795143	0.9431482245	0.9563385355	0.9501425031
0.9263137996	0.9259071108	0.9516689611	0.9425184899	0.9578216078	0.9533518563
0.934616511	0.9492101124	0.9498540505	0.9453877846	0.945132066	0.9665125527
0.9562451207	0.9351641581	0.9618304115	0.9407835363	0.9490064183	0.9515705091
0.9639561509	0.9309452713	0.9621879012	0.9560700688	0.9678610263	0.9549694043
0.9307567805	0.9667406761	0.9480189836	0.927762398	0.9480043159	0.9536952044
0.927911544	0.9706433068	0.955087204	0.9478788365	0.9655253457	0.9444578111
0.9496626445	0.963933541	0.9514447228	0.964392108	0.9551268647	0.9368192584
0.9656580868	0.936187143	0.9308960132	0.9388751476	0.9508216857	0.9491933364
0.9180753086	0.954069269	0.9502455373	0.9473877862	0.9478880676	0.9462861577
0.9757571938	0.9319563525	0.9247113814	0.9479771895	0.9579040263	0.9477932206
0.9409872829	0.9570506972	0.9437175449	0.9252253372	0.949686565	0.9447789314
0.9682954304	0.9565649062	0.9311462173	0.9544293645	0.9551223901	0.9559534186
0.9418533161	0.9392262009	0.9617389524	0.9419521074	0.9570129096	0.9538455612
0.8910151199	0.9739044179	0.9484995599	0.9491554295	0.9573789574	0.9558095539
0.9640196987	0.9506633973	0.9596772621	0.947684735	0.9504092086	0.9529710213
0.9591056184	0.9562410627	0.9275103557	0.9610726412	0.9368539688	0.9520758555
0.9287617291	0.9483431582	0.9588640025	0.965940886	0.9684233779	0.9489615149
0.9189482351	0.9553928072	0.9520079026	0.9496744587	0.9551138568	0.9490211194
0.9424117343	0.9695908697	0.9639209348	0.9571354032	0.9493441468	0.9512987902
0.9797074925	0.9236454952	0.9494400058	0.9353506166	0.9465733273	0.9577344572
0.978745689	0.946724728	0.965067044	0.9474694074	0.9640436724	0.9586412736
0.9492760152	0.9544597429	0.9478145856	0.9642351924	0.961012175	0.9492636741
0.9320872312	0.961637796	0.9361852154	0.9620691847	0.9412996862	0.9564454457
0.9368390548	0.9278922993	0.9282812346	0.9516449269	0.9578509555	0.9468184803
0.9531566541	0.9445456957	0.9659397295	0.9519938161	0.9529132714	0.9511324757
0.985581523	0.9611269737	0.9395375072	0.9628756958	0.9516484285	0.95569638
0.9695866312	0.9631105424	0.9407974122	0.9693071489	0.9493584857	0.9376573403
0.9451032362	0.962536747	0.9477311617	0.9642862978	0.954547626	0.955369171
0.9712860691	0.9504061444	0.9580282924	0.9547355975	0.9452482093	0.9510033277
0.9508562136	0.9575173406	0.9634295611	0.9640673199	0.959745194	0.943019827
0.9801112327	0.9641777803	0.9398428595	0.9512386506	0.9377569609	0.9505317721
0.9310016623	0.971754843	0.9593864675	0.9340099394	0.9480578787	0.9423401446
0.9692035385	0.9569790674	0.9693225101	0.9631841999	0.9527440988	0.9498834041
0.961960032	0.9270867503	0.9568288652	0.9345201281	0.9588392138	0.9522609916
0.9620700525	0.9576661178	0.9470901428	0.9481690769	0.9661168766	0.9519922606
0.9500139674	0.9469738332	0.9598982115	0.9472578822	0.9574575654	0.9594599779
0.9455223381	0.9507018642	0.9529015959	0.9608976712	0.9717667676	0.9418205988
0.9158228438	0.9392379796	0.9395984131	0.9456207081	0.9429873997	0.9470602438
0.9587147828	0.9248461399	0.9638365907	0.9726510632	0.9570008406	0.9557624302
0.9454655558	0.9477136794	0.9468249107	0.9479410152	0.9587183461	0.9544480527
0.9692163842	0.9638444617	0.9658151345	0.9554672925	0.9373073707	0.9562503252
0.9543283419	0.9573456456	0.9606209967	0.9520154944	0.95504701	0.9470327125
0.9347992629	0.9662459172	0.9336564002	0.9690561564	0.9499692074	0.9600196753
0.9598250877	0.9688461239	0.959819719	0.9429372435	0.9476641065	0.9544060538
0.9683328365	0.9437107701	0.9668508095	0.9485982873	0.9384580722	0.9514281339
0.9548829599	0.9353364176	0.9673631377	0.9569134826	0.9493343425	0.9487861668
0.9402880613	0.9518758631	0.9419659823	0.9465747906	0.9576619182	0.9325589875
0.8898600849	0.9448582601	0.946121989	0.9482109022	0.9717500675	0.9450895926
0.9567147135	0.9481614601	0.9287416527	0.9499170323	0.9555376302	0.954081658
0.9088584603	0.9808006355	0.9702651703	0.9507100393	0.9664927919	0.9408408447
0.9496354515	0.9750170158	0.9662959853	0.9549499332	0.941447713	0.9612591893
0.9342390623	0.9513835994	0.95551647	0.9571276983	0.9595316009	0.9537301616
0.9514886594	0.9387002616	0.9643594049	0.9645576084	0.9425508215	0.9524539733
0.9218615333	0.9621984023	0.956116053	0.9555404164	0.947266289	0.9464010698
0.9695541671	0.9572206192	0.9590811711	0.9493222568	0.9563034296	0.9568888266
0.9658096464	0.9384414705	0.9491090716	0.9584276027	0.9539578073	0.9516049999
0.9507128055	0.939336926	0.9527024243	0.9468058119	0.9603078721	0.9511710123
0.9224829267	0.9390289079	0.9535075428	0.9593572161	0.9550323722	0.9586098582
0.9577828444	0.935361266	0.9483542586	0.9473887208	0.9533241926	0.9516593117
0.9753509037	0.9688625701	0.9421190305	0.9394793083	0.9529371916	0.9576217411
0.9053287193	0.9636670307	0.9620704851	0.9423737714	0.9454704883	0.9461023703
0.9357035407	0.9543859697	0.9632417909	0.9518681839	0.9569656644	0.9516099089
0.9420286536	0.94052203	0.941064313	0.9739587334	0.9601365124	0.9569536525
0.9461261919	0.9365551399	0.9538421744	0.9379948901	0.9526399534	0.9469380763
0.9018506588	0.9550044929	0.9617272336	0.9572362405	0.9533147525	0.9549776843
0.9603521284	0.9645395505	0.9623470441	0.9492148362	0.9668142068	0.9538956354
0.9479185668	0.9537717578	0.9532619922	0.9522506301	0.9475665245	0.9488323204
0.9577440552	0.9462532519	0.9501747153	0.9436911068	0.9477863708	0.9430899445
0.9453043119	0.9531796211	0.9435947816	0.9473642181	0.9562465736	0.9406063044
0.9502628552	0.9548616256	0.9626389621	0.9622785838	0.9477205334	0.9436484513
0.9425861692	0.9426590791	0.9491813594	0.9515711227	0.9598444615	0.955677519
0.921809606	0.9388536941	0.9521125341	0.9612458831	0.9436880124	0.9493718777
0.9704409183	0.9644887383	0.9528863125	0.9496993875	0.9490933254	0.9528372469
0.9572817236	0.9436384822	0.9559089878	0.9685912329	0.924559414	0.9552482035
0.9615037816	0.942636929	0.9443036637	0.94955681	0.9582365031	0.9468605587
0.9771663675	0.9615119956	0.9625410662	0.9361761245	0.9388991939	0.9520035573
0.967008809	0.9389878066	0.9357760201	0.9581690947	0.9605021901	0.9535757857
0.9681906672	0.9723129664	0.9495978585	0.9583983041	0.9389672209	0.9545315206
0.9007460799	0.9484768653	0.9415541295	0.9599021063	0.9683721	0.9576337858
0.9638917596	0.9372477997	0.9572313641	0.9376305052	0.9580180015	0.9431067511
0.9268555104	0.9533062022	0.9375481152	0.948050383	0.9626941118	0.9527983521
0.9635631434	0.9536243284	0.9575861382	0.9633817665	0.9521792944	0.9496491033
0.9197027487	0.9770776728	0.9589845802	0.9644048813	0.947378234	0.9507448235
0.9708181655	0.9675286146	0.9563231088	0.9622648509	0.9497858743	0.9450964585
0.9626073866	0.9621610878	0.9542829945	0.956241635	0.9648323859	0.9453825993
0.9472907407	0.958800208	0.9547004376	0.9402892943	0.9567215533	0.9431395426
0.9763206031	0.9405717052	0.961583933	0.9589749939	0.9488258952	0.9619616229
0.9816998307	0.9564005449	0.9570450601	0.9662206146	0.9583995856	0.9562546647
0.9328031093	0.9690323288	0.9503517359	0.9583524053	0.9259537857	0.950104564
0.9575637244	0.9650613973	0.9616819053	0.9453389979	0.9498671145	0.9496736023
0.9714482255	0.9288544757	0.9647517574	0.9685486361	0.9571509829	0.9583204861
0.9718854977	0.9345013913	0.9444541235	0.9330598678	0.9534279507	0.9484080065
0.9670389439	0.9473440112	0.9560886231	0.9604146235	0.9597076038	0.9538353916
0.9644840149	0.9682033741	0.9447693636	0.9537560197	0.9414989239	0.9497175162
0.9702960456	0.9504378134	0.9421066123	0.9561328044	0.9384845669	0.9417215477
0.9229232496	0.941866001	0.9549882943	0.9429827894	0.9410181978	0.9490521665
0.9740116986	0.9386617444	0.9410713668	0.9320324942	0.9417688065	0.9523744807
0.875565102	0.9664388397	0.9292928257	0.9525617387	0.942914197	0.9491851112
0.9346980854	0.8973349262	0.9603546346	0.9584213919	0.94816228	0.9492301456
0.9128800494	0.9535350524	0.9517322353	0.9329157846	0.9378439683	0.9508560086
0.9434123471	0.9294481831	0.9481533501	0.9559467247	0.9431103593	0.9398263533
0.9553637245	0.9668287241	0.9400268528	0.9593056511	0.9536827037	0.9517060725
0.9538856655	0.9490722405	0.955560202	0.9464696283	0.9433603192	0.9538429064
0.9692378994	0.9544377867	0.9489035488	0.9340375513	0.9553475934	0.9533996504
0.9442731006	0.9690007249	0.9447207244	0.9347308304	0.9372212869	0.9512213005
0.9615361224	0.9671284992	0.9562839293	0.9662166757	0.9550206429	0.9533841798
0.9702978391	0.9475339686	0.9736154963	0.9672003227	0.9499645696	0.9536069437
0.9539920299	0.9459231133	0.9527008807	0.9259236236	0.9551420706	0.9474040803
0.9519880226	0.9569456707	0.9566648682	0.9437862449	0.945489186	0.9532364226
0.969242197	0.9649123177	0.9108177684	0.9457274531	0.9574231652	0.9611705283
0.9562826624	0.9659920928	0.9440023671	0.9628942337	0.9549437375	0.9437968398
0.9651756419	0.9534700083	0.948473523	0.9516400817	0.9629130037	0.9479271478
0.9555870402	0.9550330314	0.9374634172	0.9564083662	0.9563344717	0.9466207178
0.9643076966	0.9523517657	0.9583623062	0.9568818455	0.9603949834	0.947825031
0.9694836659	0.9309067384	0.9679492839	0.9666840579	0.9255232491	0.9524701798
0.9797571302	0.9513502378	0.9492760613	0.9506198294	0.9631366306	0.947739593
0.903704183	0.9565035945	0.9300881688	0.94084364	0.9482886319	0.9470969564
0.9805490891	0.9523090163	0.9474919354	0.9365437257	0.939476951	0.9554456418
0.9842965763	0.9607115739	0.95347405	0.9537234456	0.9649080505	0.9633702282
0.9706525978	0.9356304729	0.9467692159	0.9407812315	0.9395024897	0.9490219352
0.8725607836	0.953067756	0.9542989172	0.9439901501	0.9573782017	0.9583371784
0.96594421	0.949314326	0.9388333877	0.9490989413	0.9609986481	0.9616217419
0.96351698	0.9174118141	0.9634165835	0.9587093664	0.9563186216	0.9584266321
0.9739966694	0.9581516692	0.9530506501	0.9679246478	0.9419472684	0.9382259348
0.9812363824	0.9641702717	0.9663525285	0.9484899313	0.9247482613	0.9553754253
0.9652328303	0.9402012003	0.9523200697	0.9557455407	0.9430842156	0.9407835224
0.9336264974	0.9373804046	0.9624565268	0.9535434485	0.9442936158	0.960423831
0.9714405313	0.9351398685	0.949054379	0.9537131804	0.9333252352	0.9555998274
0.9600110863	0.9317107252	0.9320138176	0.9527146397	0.9440022079	0.9508094471
0.9368859671	0.9493486766	0.9649342677	0.9404425578	0.9497557849	0.9414698303
0.9360827848	0.9652200014	0.960504711	0.9551156659	0.9434038822	0.9373980982
0.9484759719	0.9567194709	0.9466640275	0.9605459462	0.9389150774	0.950093484
0.9699751083	0.9646667796	0.946933628	0.9431634502	0.9522132257	0.9496142181
0.9525894963	0.9596234663	0.9551817061	0.9401687752	0.9483546067	0.9340150106
0.9151113437	0.9589012845	0.9619840971	0.9586931028	0.9499154249	0.9580822763
0.989653979	0.9441771715	0.935781757	0.9515846811	0.9517209369	0.9563327765
0.9626485327	0.9576352014	0.9607651824	0.941827905	0.9441623624	0.9401291242
0.9560062668	0.9473105642	0.9361817748	0.9730157137	0.9456150743	0.9511290465
0.9502087632	0.9446889953	0.942051376	0.9562875141	0.9560503016	0.9470495736
0.9794251513	0.9336192455	0.9373738522	0.9336844222	0.9430042861	0.9484866289
0.9616589826	0.9642610279	0.9403243955	0.9656746302	0.9415991727	0.9477542488
0.9623957886	0.978065385	0.9614130611	0.9543296079	0.9682537007	0.9487389374
0.9560951707	0.9520456726	0.9531569384	0.9604115752	0.9499549419	0.9509510385
0.9504304736	0.9618279286	0.9684938613	0.9504334724	0.938649907	0.9558884807
0.9653214136	0.9545081585	0.9467418055	0.9559516852	0.9491737616	0.9494689094
0.9831472907	0.9436532056	0.9732475936	0.9433482543	0.9538380591	0.9640398713
0.9235006069	0.9551144605	0.9420114991	0.9418263669	0.949208668	0.9516077838
0.9180289004	0.9488102653	0.9287919309	0.9612873745	0.9479513786	0.9584603076
0.9591972148	0.9536960044	0.9600986018	0.9544523533	0.9304173734	0.9632434172
0.931660405	0.9473418189	0.9618231383	0.9536644724	0.9505657373	0.9548083191
0.9360370546	0.9651197968	0.9623565803	0.9523559654	0.944322243	0.9517524967
0.9340285981	0.959918052	0.9192510643	0.9559139108	0.9496476473	0.9461491679
0.8940880292	0.9581262298	0.9535558606	0.9547346442	0.9542437909	0.9558848192
0.9629638762	0.9641585841	0.952042806	0.939469132	0.9603762629	0.9527920801
0.9587817846	0.9653476565	0.9513940287	0.9607841047	0.9551066962	0.9533599803
0.9414971209	0.9126634962	0.9539446188	0.96050683	0.9626600982	0.9641211075
0.9822160147	0.966953882	0.9463146854	0.9557660297	0.9527219559	0.9580552441
0.9401820415	0.9637327235	0.9458086489	0.9456881264	0.9410236834	0.9511013814
0.9161492946	0.9512461667	0.9577178912	0.9421819615	0.9628115481	0.957118372
0.9717116208	0.9268953149	0.9286264663	0.9487344106	0.9640371649	0.9543898576
0.9329873576	0.95201181	0.9426682223	0.9705692542	0.9439085928	0.9458773132
0.9389570084	0.9578682402	0.9449708035	0.942119199	0.9592549518	0.9605301863
0.9745426868	0.9171810289	0.9400919131	0.9543836189	0.9371796793	0.9567151762
0.9636797559	0.9461341249	0.969981511	0.9537275517	0.9470294115	0.9479010626
0.9758024725	0.9521456371	0.9635953377	0.9495812732	0.9541360564	0.9450734438
0.9727498796	0.9544494268	0.9243667769	0.9392392904	0.9568787583	0.9529930898
0.9661752868	0.9657552859	0.9478074315	0.9515367565	0.9574529076	0.9590366393
0.9633309805	0.9622599179	0.9312827629	0.9506235269	0.9653545585	0.9526186838
0.9530271871	0.9414023592	0.9373838429	0.9540588721	0.9587823076	0.9649544962
0.958985578	0.9423172223	0.9420068208	0.9492424797	0.9630110578	0.9560400311
0.909715001	0.9653963407	0.9767401797	0.9583403869	0.9623492792	0.9502874683
0.9732204856	0.9399449659	0.9471070695	0.9652799641	0.9563557766	0.9556356214
0.9668943737	0.9621478743	0.9567818291	0.9373973015	0.9474072764	0.9606358446
0.9751202798	0.9569237295	0.9632793569	0.9629494974	0.9484840011	0.9493874988
0.9285117835	0.9569174842	0.9472151929	0.9411363147	0.9600963127	0.964012677
0.9664766943	0.9550586197	0.9561115442	0.9399476608	0.9419805428	0.9546182255
0.965108073	0.949407633	0.9478906485	0.9461410127	0.9486613199	0.9535699363
0.9871228771	0.9438470514	0.9716914559	0.9539211592	0.9409720924	0.9551819099
0.9653233596	0.9494241279	0.9646497866	0.9543130078	0.9485978422	0.9511237116
0.9775811679	0.9616356489	0.9320735242	0.9654828436	0.962755317	0.9500396626
0.9538151096	0.9702041419	0.9446192356	0.9574448165	0.9530017554	0.9516331569
0.9167683054	0.9688112272	0.9350770073	0.9661139056	0.9497966509	0.9341461882
0.9587945412	0.9633937733	0.9450071805	0.9550965371	0.9575675625	0.9360154987
0.9568864796	0.9620063119	0.9341796654	0.9598643508	0.9602186908	0.9496834317
0.9532642792	0.9586908537	0.9136093802	0.9449173436	0.9605880217	0.9525970329
0.9417350869	0.9222576924	0.9567855729	0.9569415406	0.965786107	0.9505177814
0.9693476398	0.956193142	0.9550379781	0.9719655485	0.9467992985	0.9561803968
0.9103649507	0.9293530677	0.961937327	0.9448248683	0.9512867315	0.9629538656
0.9269010056	0.9330556685	0.9472085521	0.9484134535	0.9523963901	0.959368668
0.9512293418	0.9709454352	0.9597152315	0.9671211013	0.9509995077	0.9422638014
0.9541678456	0.9550138584	0.9479725071	0.9498244698	0.9523975754	0.9460046522
0.95068131	0.9499567121	0.9429859932	0.9391953207	0.9470050198	0.9542721549
0.9864096605	0.9569940238	0.9641554614	0.951241009	0.9513962821	0.9468671145
0.9451937509	0.9625174728	0.9356461913	0.952905489	0.9478144647	0.951137407
0.9566849836	0.9233300603	0.9633948994	0.955719304	0.9523786236	0.9565162599
0.9583795486	0.9592668133	0.9502201015	0.9568901872	0.9414163401	0.9584890602
0.964368491	0.9564298822	0.957815368	0.9630006441	0.9642889308	0.9638949577
0.9370854543	0.9745313015	0.9459407349	0.9561638979	0.9479149402	0.9497088574
0.9754989017	0.9474792676	0.9575973971	0.9687358045	0.9501947973	0.9378618052
0.920011364	0.9566098339	0.9536003747	0.961876167	0.9588148511	0.95401012
0.9854183141	0.9341635788	0.9512789747	0.9617160332	0.9546405549	0.95798712
0.9811696992	0.9672371188	0.9547475085	0.9521294067	0.9662734538	0.9578159563
0.9838097904	0.9697019309	0.9716595678	0.9399949131	0.9421885085	0.9397475623
0.9677727496	0.9503031008	0.9677756459	0.942138124	0.960202875	0.943288888
0.9659238906	0.9658226563	0.9598839904	0.9481590264	0.9435374905	0.9527640792
0.9770733304	0.9493732993	0.9579680048	0.9534070536	0.9534471783	0.9524727715
0.9775510572	0.9503547703	0.9157418283	0.9303419873	0.9456067815	0.9604777798
0.9819358413	0.9264540121	0.964947645	0.9446004176	0.9528383492	0.9552122957
0.9594343309	0.9402586982	0.959056433	0.9536222302	0.9454566728	0.9479686274
0.9663648788	0.9421959459	0.9752166164	0.9494562388	0.9494875549	0.9428691364
0.9421539742	0.9633637442	0.9577780725	0.9608773546	0.9616622885	0.9492509974
0.9767791082	0.9641911278	0.9707410722	0.9484119709	0.9508416351	0.9578778733
0.9486403219	0.9585878002	0.9607485811	0.9506333428	0.9705097731	0.9461423585
0.9764981464	0.9443821807	0.9375216936	0.9614807862	0.95583882	0.9452645656
0.9617275536	0.9558292042	0.9597777234	0.9565562571	0.963409111	0.9525984958
0.9728647042	0.9212709839	0.9472616173	0.9678976606	0.94310938	0.9557009598
0.930853759	0.9349621076	0.9449910002	0.9559476915	0.9544936023	0.9521881909
0.9729972892	0.9696457483	0.9372100858	0.957514384	0.9506033717	0.955354953
0.9530672009	0.9263296662	0.9481126104	0.9563685563	0.9534353754	0.9504671416
0.9653358983	0.9637023822	0.9245193387	0.9619208071	0.9515448611	0.9484586127
0.9680340083	0.9432404057	0.9544737004	0.9586923601	0.9545706203	0.9575041161
0.9510485765	0.9489071972	0.9514340503	0.9634665743	0.942490818	0.9448295873
0.9623893506	0.9572562998	0.960547711	0.9315291451	0.960044185	0.9578224812
0.972732376	0.9676558317	0.9525037864	0.9585008413	0.955620153	0.9490384122
0.9733303071	0.9299552384	0.9577553344	0.9549065978	0.9363242114	0.954207311
0.9560021461	0.9471845964	0.9765645996	0.9501725354	0.9515617238	0.9585646025
0.9551336988	0.9716096821	0.9292529592	0.9518435869	0.9402961896	0.9594345425
0.978920704	0.9622843868	0.9690332225	0.9702772774	0.9532220736	0.9483234671
0.9764382435	0.94611051	0.951371998	0.9497641321	0.9422970499	0.9497590994
0.9382596288	0.9570608189	0.9633718519	0.9564201811	0.9549046057	0.9510569311
0.9698332417	0.9281873142	0.9644986619	0.9603675537	0.96737702	0.9586693035
0.977479633	0.9518718716	0.936983692	0.9413915225	0.9563200105	0.9621289805
0.9445900996	0.9580036463	0.9570549027	0.9554572358	0.9499775835	0.951014166
0.9421831798	0.9637800862	0.9599400762	0.9458152159	0.9390441465	0.9586006073
0.9814876432	0.9608651541	0.9533491268	0.9396997753	0.9578367153	0.9477929531
0.9571961332	0.9565749895	0.9474745739	0.9455381789	0.9387295487	0.9468885082
0.9488546691	0.9620175505	0.9462648986	0.961963385	0.9462152241	0.9579583366
0.9576820225	0.9669597298	0.9561822553	0.9514943102	0.9458260911	0.9438905375
0.9786349913	0.9626905074	0.9537667801	0.9316423273	0.9588206077	0.9628927824
0.9702543747	0.9570668199	0.9195023767	0.9408696525	0.9553670517	0.9335154565
0.9501790317	0.9485046233	0.9626940295	0.9587641042	0.9494514457	0.9498180693
0.9470483725	0.9619925576	0.9457943213	0.9537763589	0.9533463896	0.954013044
0.9709293034	0.9667443788	0.9629153266	0.9387079122	0.9561381006	0.9570996437
0.9402751198	0.9717717594	0.9593387531	0.9543817171	0.9678484042	0.9467232762
0.9712568991	0.9633593793	0.9415987765	0.9650205297	0.9638108584	0.9459144901
0.9552597505	0.9292144503	0.9698428914	0.9467509594	0.9514903268	0.9545949087
0.9505562455	0.951269975	0.9717694943	0.9374560984	0.935549486	0.9609725009
0.9632456262	0.945062442	0.9720347278	0.9638853615	0.9514257453	0.9578305089
0.9452843126	0.9761213643	0.9542414666	0.9536419306	0.9393031954	0.9525720327
0.9836057681	0.9375920769	0.9628610418	0.9421931869	0.9431611532	0.9554290114
0.9542324954	0.9191044411	0.9628241719	0.9407314948	0.9595009271	0.9508178925
0.950361223	0.9606485942	0.9537818977	0.9344388162	0.9523698841	0.9514749042
0.9442798205	0.9627285984	0.9566626948	0.9302271988	0.9367550584	0.9554214404
0.9641904591	0.9629182571	0.9572615416	0.9458715002	0.9559419093	0.9508186929
0.9772459916	0.9466475866	0.9448770074	0.9543647041	0.9623507099	0.9441803311
0.960326758	0.9312681246	0.9438553891	0.954605355	0.94006959	0.9512093141
0.9688489678	0.963503746	0.9486230841	0.9336436119	0.9516588948	0.9474678634
0.9297235562	0.9150816233	0.9620348121	0.930594408	0.9680881059	0.9471694833
0.9502246812	0.9622372087	0.9439205891	0.9551723144	0.9537533521	0.9382522669
0.9724771084	0.968919757	0.961971632	0.9537940219	0.9532449934	0.9470548371
0.9811948657	0.9610846834	0.9476471774	0.9524712913	0.9503503193	0.9409791951
0.902171121	0.9190378803	0.9513079926	0.952979743	0.9530361991	0.9435297385
0.9696196023	0.9503353818	0.9466800461	0.955999202	0.9591177976	0.9419772406
0.8946707049	0.9437632068	0.9678971409	0.9527928526	0.9523942569	0.9600982842
0.9553201455	0.9678188003	0.9465313439	0.9513769619	0.9503050845	0.9443123178
0.926198323	0.9528054739	0.9421434322	0.9489455476	0.9534817215	0.9589219258
0.973438382	0.9399786925	0.9469611839	0.9476749747	0.9461387393	0.9417183418
0.932361162	0.9661213798	0.9560631751	0.9574500338	0.9526152834	0.9568356989
0.9298403571	0.9439381194	0.9523061775	0.9556110539	0.9592775517	0.9511937919
0.9361838269	0.9215888058	0.9657248269	0.9593452065	0.9506013871	0.9574906481
0.9688507282	0.9552123351	0.9396280956	0.9397066756	0.9521520454	0.9558956752
0.9381132681	0.9282899006	0.9576383354	0.9546037233	0.9539420399	0.9509549396
0.9799608522	0.9520637138	0.9460702073	0.9462652419	0.9539403383	0.9594616672
0.9765326591	0.9493816917	0.9606612927	0.9572242432	0.9622472823	0.9423637389
0.9652474374	0.9607795756	0.9595835845	0.9528642814	0.9578912225	0.9495181717
0.9671066362	0.9601225092	0.9446050352	0.9451648564	0.964480073	0.9415067477
0.9719109961	0.940027218	0.9593706042	0.9365005302	0.9436675343	0.9633407205
0.9247081791	0.9627414115	0.9609774954	0.9539914484	0.9471590117	0.9553377163
0.9630817858	0.9698320788	0.9491366052	0.9524574812	0.9581445331	0.9499345156
0.939489812	0.9613788644	0.9568262681	0.9590097698	0.955104775	0.9548309058
0.9503031823	0.9645655304	0.9616542311	0.9436152183	0.9603600917	0.9487976043
0.9681674884	0.9659551634	0.9540025583	0.9644801746	0.946603462	0.9505757546
0.9515754822	0.9444583861	0.9381382637	0.9670397001	0.9584294592	0.9610477469
0.9478527868	0.954858807	0.9453148005	0.9693918791	0.9588182308	0.950678067
0.9523068539	0.959263851	0.9651491967	0.9325857374	0.9407494227	0.9587045194
0.9738024483	0.9463401999	0.9515615522	0.9528283773	0.955875094	0.9445555955
0.9436179675	0.9663814057	0.9517804329	0.944734485	0.9327908689	0.9379525453
0.9491319362	0.9656015731	0.9401093523	0.9449414404	0.9563791554	0.9446686949
0.9630150473	0.9608392889	0.9442948996	0.9506994196	0.9521908367	0.947256389
0.9626646939	0.9541445036	0.9548702303	0.9373133037	0.9575539007	0.9531542709
0.9721853432	0.9497792039	0.945756643	0.9459486856	0.9478461765	0.9403253641
0.9299996748	0.9300779851	0.9567448311	0.9676418473	0.9582672425	0.9472739317
0.9679478873	0.9385072535	0.9722913017	0.9360328693	0.9449533909	0.9507148219
0.9611670939	0.9588255423	0.9348889973	0.9423191689	0.9597662471	0.9401860964
0.9803633919	0.946503031	0.9558244433	0.9500639926	0.9593006742	0.9549892147
0.940620456	0.9419874167	0.9448542769	0.9452554833	0.9358323466	0.9482592135
0.9746933783	0.9511259189	0.9575051893	0.968722639	0.9354427355	0.9465147812
0.9580525568	0.9632627987	0.9599819177	0.9363474955	0.9442175104	0.9500080273
0.9442311619	0.9771431069	0.9536834225	0.947260656	0.9618711494	0.9499043259
0.9718264079	0.965743674	0.9518446748	0.9324160613	0.9714644304	0.9551409125
0.911769619	0.9308501423	0.949995615	0.9361039969	0.9411352306	0.9536964332
0.9717413766	0.9612748316	0.9574293986	0.9625175339	0.9607898432	0.9588123082
0.9878667259	0.9694507426	0.9444828494	0.9557181343	0.9616207766	0.9462959565
0.9453518031	0.9466231427	0.9582631946	0.927180033	0.9419739858	0.9512239702
0.9535403382	0.9254638433	0.9570407502	0.9559253778	0.9590550674	0.9457272854
0.9535588812	0.9377908348	0.9415126268	0.9548179623	0.9554145827	0.9453270568
0.9352391485	0.9457581044	0.9621627536	0.9671137135	0.957030647	0.954457625
0.9831447029	0.9693030572	0.9377079587	0.9476469343	0.9512170386	0.953480137
0.9295832038	0.9434146267	0.9530271176	0.9531119476	0.9489192863	0.9447486277
0.9773636279	0.9652096236	0.968179063	0.9557440223	0.9563576487	0.9517554776
0.9241981218	0.9625197708	0.9531908242	0.9534050904	0.9561540061	0.9499334036
0.9543029002	0.9619808232	0.9512184132	0.9566672293	0.9392527524	0.9632503293
0.9827690554	0.9455168346	0.9644168601	0.9456368299	0.9391874482	0.9522977044
0.9731039023	0.950223356	0.9384712196	0.9625076291	0.9496531306	0.9519047685
0.9636088005	0.9473875566	0.9493215432	0.9637649485	0.9563187327	0.946367653
0.9658428447	0.9629035368	0.9525315702	0.9545475312	0.9602691665	0.9444382598
0.9496771614	0.9735159426	0.9493105832	0.9581699103	0.9347704811	0.9617476202
0.9307435003	0.9532531636	0.957038715	0.9595395879	0.9504223803	0.9543010048
0.9623712503	0.9493350207	0.9600992238	0.9538916871	0.9598071107	0.9483385603
0.9638873271	0.9588125843	0.9501304098	0.9475903816	0.9296211538	0.953769073
0.9571671599	0.9593102145	0.9693081261	0.941685568	0.949067961	0.9392071389
0.9278959471	0.9507303494	0.9626142784	0.9492029191	0.944492778	0.9570188195
0.9656918072	0.9393848748	0.9604166008	0.9583346164	0.9521654321	0.9521419327
0.9306004074	0.9578241799	0.9515516599	0.9640257301	0.9590941312	0.9545714351
0.9391976179	0.9419325666	0.9438945175	0.9441547668	0.9579942134	0.9479506945
0.9196028386	0.9483326446	0.9645516834	0.9649432294	0.9680262786	0.9599163287
0.9553836464	0.9587131315	0.943133522	0.9565982267	0.9563208112	0.9392779644
0.9460007511	0.9451662689	0.9271407728	0.9431398478	0.9648788626	0.9440869392
0.9599019241	0.9727468069	0.9571532879	0.9482341323	0.9480608517	0.9527824517
0.9318841239	0.9608791234	0.9388585502	0.9593206832	0.9460193074	0.9582117969
0.9482766687	0.9494728238	0.963457712	0.9383580062	0.9535450016	0.9487797488
0.917968146	0.9614295685	0.9723049242	0.9600403376	0.9515871853	0.9552518377
0.9683287067	0.9726337493	0.9487500411	0.957172848	0.9589201159	0.9574427638
0.9723011578	0.9622995747	0.9646034019	0.9571054729	0.9372615958	0.9491372808
0.9791893672	0.9603558691	0.9725499558	0.9538907205	0.9428340383	0.9391352929
0.9459022239	0.9275196658	0.9594436988	0.930587514	0.9543089131	0.9409166176
0.9422750087	0.9778457699	0.9646492411	0.9611702002	0.9520720818	0.9519099928
0.9490452673	0.9796731617	0.9740588745	0.9524576933	0.9607225117	0.9588842998
0.9737318461	0.9642097923	0.9459795387	0.9456942077	0.9393016652	0.9530838351
0.9420048318	0.9741940934	0.9586749857	0.9582069958	0.9555351159	0.9519007512
0.901437249	0.9258762811	0.9284967661	0.93321249	0.9591704413	0.9439808582
0.9693897521	0.9655589689	0.9458611612	0.9532101476	0.9521540224	0.944285258
0.9333481976	0.9631138745	0.9553437244	0.9605214838	0.9468070422	0.9617916473
0.9696686216	0.9529833934	0.9590981469	0.9573787315	0.9624802461	0.9468631878
0.9480076636	0.9424841896	0.9657515018	0.9305521954	0.9481102389	0.9493015615
0.9647497437	0.9301850537	0.95975166	0.9582293963	0.9415716593	0.9601730451
0.9422279717	0.9522763497	0.9573489801	0.961071971	0.9326554113	0.9436601893
0.9329200031	0.9501700229	0.9606873547	0.9584137262	0.9636048436	0.9487908627
0.9306745773	0.9575757689	0.9452910961	0.9421398453	0.9450470136	0.9420021778
0.9051854156	0.9625782927	0.9604907243	0.9415031752	0.9501574604	0.9570708532
0.8927112271	0.9649488188	0.9389581551	0.9551196525	0.9531493012	0.9546671159
0.9363338235	0.9452140436	0.9438241089	0.9631721924	0.9434785516	0.952973488
0.9205047272	0.9567958826	0.9527752642	0.9461124095	0.9607162526	0.9491066651
0.9802940107	0.9439696737	0.9572237932	0.9551328913	0.9555018728	0.9547640475
0.9637215655	0.9708519716	0.9579616204	0.9389826976	0.9663805181	0.9464211819
0.9508377913	0.9628533323	0.9614673097	0.9599321747	0.9571900483	0.9616805642
0.9432470173	0.9580748345	0.9431072804	0.9534031862	0.963080456	0.9502934408
0.9497603006	0.9500295889	0.9599046456	0.9595728927	0.9488390135	0.9504285646
0.9665905079	0.9680039625	0.9498684055	0.9453252992	0.9660667477	0.9379751093
0.9543698061	0.9464503138	0.9547794067	0.9354954504	0.9508105458	0.9569947739
0.8976301851	0.9718609869	0.9364070222	0.9533962457	0.9491861131	0.9556958226
0.9705612971	0.9740703243	0.9551019693	0.9403337658	0.9339366487	0.9348793815
0.9495848008	0.9643852421	0.9439118758	0.9460638648	0.9614524647	0.9547825846
0.9450412749	0.9477445891	0.967735158	0.9570584701	0.9607693316	0.9386690096
0.9499299476	0.9716850696	0.9619849894	0.9473403388	0.9500898612	0.9535036234
0.863763877	0.9787584605	0.9637130636	0.9663831157	0.9437438414	0.9605659597
0.9495789309	0.8805241726	0.9525401095	0.953741503	0.9532298196	0.9408311611
0.9486563773	0.9759583996	0.938244335	0.9553602457	0.9629062954	0.931758012
0.966150877	0.9627596699	0.9434420052	0.9352679937	0.9569583165	0.9521270996
0.9698765247	0.9466320152	0.9637013384	0.9522681587	0.9607171842	0.9496600053
0.9659176434	0.9557046741	0.9542361203	0.9463764854	0.9477870795	0.9495685695
0.9546708086	0.9559787433	0.9487956875	0.956644816	0.9596279681	0.9568000131
0.9432821631	0.9705751036	0.9586807	0.9549500042	0.9603878142	0.9519990386
0.9545293353	0.9696439186	0.9654188469	0.9494635744	0.9517109665	0.9509254248
0.9250024641	0.9352009954	0.9472873313	0.9631293553	0.9605312764	0.9428666993
0.9187695838	0.9510557426	0.9573678153	0.951741762	0.9625167012	0.9554312533
0.9639629307	0.9494862981	0.9632695992	0.955525526	0.9353931064	0.9422755236
0.9682983207	0.9595906391	0.9422198784	0.9543808226	0.9345084484	0.9601773325
0.9709760238	0.9339213607	0.9695293635	0.9653108882	0.9465056835	0.9532709605
0.8920407655	0.9561448025	0.9429846896	0.9440869388	0.9680052903	0.9514007288
0.976076809	0.9703036991	0.9548074464	0.9568611059	0.9446509921	0.9565693109
0.9755852833	0.9488360085	0.9025500716	0.9525582628	0.954846311	0.9499921932
0.9687502981	0.9344012171	0.9483070342	0.9507761235	0.9604312784	0.9488974577
0.9271056742	0.915936362	0.9588339738	0.9457887503	0.9386970315	0.9629431945
0.962410017	0.950055919	0.9592389092	0.9486295221	0.9561618236	0.9528561327
0.9552302871	0.9553067939	0.9485027987	0.9598250959	0.9453774687	0.9473978281
0.9226080736	0.9414939935	0.9175325524	0.9645425734	0.9523682338	0.9574329197
0.9650290718	0.9528321745	0.9477200469	0.9318776206	0.935899174	0.9527230481
0.8817033691	0.9521765329	0.9603207285	0.9501225481	0.9451084977	0.9538873333
0.9598226304	0.9529148715	0.9394872286	0.9501806157	0.9427951061	0.9494848664
0.9122675865	0.9414646972	0.9460671776	0.9588797635	0.9627948628	0.9559531885
0.9645507523	0.9612861873	0.9579566938	0.9568719708	0.9592952918	0.9513727594
0.9603332043	0.927874963	0.9710913161	0.9351276869	0.935796889	0.9580300662
0.9549009883	0.9218760401	0.942283379	0.9548694785	0.955776977	0.9440857333
0.96691895	0.961634074	0.9580299589	0.9632480833	0.9333941917	0.9578781022
0.9495160653	0.9535271468	0.9435341408	0.9483469563	0.9550054836	0.9646674547
0.9066952854	0.9566450387	0.9627026646	0.9472910903	0.9466083998	0.9690747211
0.9534445016	0.9411557987	0.9196372572	0.9211998012	0.9466702159	0.9518808759
0.9714067187	0.9722824801	0.9572322363	0.947995983	0.9616536259	0.9538947883
0.9727285088	0.9741612808	0.9487065503	0.9545294573	0.9399438512	0.9581234626
0.9367050349	0.956582756	0.9641721779	0.9477392491	0.9458504629	0.9514148517
0.9416987726	0.958243821	0.9616649659	0.9504773243	0.9449868474	0.9580322165
0.9432286985	0.9702411294	0.9363184063	0.9450786341	0.9592557396	0.9366226985
0.9843675476	0.9470755626	0.9615703835	0.958838765	0.96247652	0.9528061266
0.9468143366	0.9392650277	0.9544726381	0.9553390217	0.9419045769	0.9435969012
0.974526115	0.967683333	0.950581061	0.9257404493	0.9560780852	0.9495326413
0.9571791244	0.9586335032	0.9565792327	0.9580235673	0.9463057218	0.953172724
0.9693561776	0.9419406846	0.95387093	0.9626308561	0.9449471433	0.9462996052
0.9719922906	0.9626627451	0.9478202364	0.954635953	0.943972626	0.950234796
0.9235217042	0.9596032419	0.9709347944	0.9506338352	0.9323379495	0.9628653313
0.960340158	0.9557726674	0.9525512983	0.9555022413	0.9497642778	0.9518846371
0.9198436122	0.9603347517	0.9574892474	0.973195908	0.9520772273	0.9478600705
0.9324511242	0.9551445306	0.954029209	0.9503270031	0.9532448129	0.9494334864
0.9562616414	0.9507403754	0.9582818909	0.9335479899	0.9609712448	0.9535776004
0.9414590674	0.9558552405	0.9488576313	0.9580726171	0.9576315356	0.9498289057
0.9722066829	0.9680012319	0.9283296574	0.9390693675	0.9599584661	0.9593430905
0.9692169712	0.9316744562	0.9655133918	0.9475316373	0.9585793599	0.9593037096
0.9380144142	0.932819048	0.9637495804	0.9624388411	0.9514686476	0.9575971076
0.9742069321	0.9667373749	0.9504767622	0.9408107929	0.9498758845	0.9464263848
0.9445700424	0.8919986413	0.9577241305	0.9579024181	0.9309049064	0.9580757905
0.9377368973	0.9527923989	0.9536474431	0.9460852421	0.9562923578	0.94794317
0.9690416948	0.9436775052	0.9470090344	0.9495845139	0.9560546791	0.9461918054
0.9506839702	0.932057925	0.9611970518	0.9720325873	0.9559427691	0.9550516154
0.9617815366	0.9624020072	0.9382564781	0.9472271638	0.9543978011	0.9515559586
0.9551756478	0.9516763647	0.970254211	0.9575533102	0.9614551649	0.9487892302
0.9219840787	0.9416183679	0.9069643033	0.9563307677	0.9505127136	0.9491584924
0.9668240683	0.9622162475	0.9534128029	0.9511261154	0.9613126324	0.9507332175
0.9427037524	0.9381752365	0.9596335747	0.9563573479	0.9583712425	0.9441678704
0.9712005916	0.9564360958	0.9635323561	0.9474143739	0.9434456076	0.9497323806
0.9573922846	0.9060007484	0.957677439	0.943325267	0.9514044771	0.9516764213
0.9232250307	0.9504487721	0.942577827	0.9454591368	0.9473200926	0.9506982719
0.9164499468	0.9523546799	0.9467859838	0.9550553941	0.9492379037	0.9546800195
0.9775256522	0.9604330681	0.9413026824	0.9397214467	0.950713721	0.9514330925
0.953549405	0.9699429919	0.9604048209	0.9632415454	0.9607123846	0.9535800276
0.9850001052	0.9494832035	0.9560996169	0.9541754045	0.9547688137	0.9592850658
0.9671541074	0.9484248144	0.9601072343	0.948899632	0.9490049717	0.9580306355
0.8898799273	0.9638815337	0.9545216809	0.9560483692	0.9581335393	0.9456690895
0.9625170179	0.9304613017	0.9584094856	0.9476863541	0.9424478767	0.9496500002
0.9855255455	0.9676619345	0.9547880136	0.975688455	0.9437491475	0.9362585176
0.9276221435	0.9649121605	0.9392811217	0.9262816328	0.94382098	0.9586566979
0.9622812575	0.9267906509	0.9523678436	0.9376808363	0.9509553831	0.9546568694
0.9683524298	0.9231524897	0.9435448748	0.9581498878	0.9355217211	0.9512903989
0.9696209354	0.964210987	0.9488034226	0.9670920651	0.9616694147	0.9436542706
0.9691614402	0.9553212531	0.9391511149	0.9514757976	0.9497069519	0.9492289029
0.9308738561	0.9577263994	0.9627219263	0.9592384658	0.9577860559	0.9568952895
0.9659575425	0.9518497914	0.937970779	0.9589559464	0.9440834663	0.9404393701
0.9684656682	0.9610643843	0.9631929528	0.9537112792	0.9665647198	0.9521425119
0.9484710174	0.9543716922	0.9560457573	0.9498478291	0.9599349588	0.9429714888
0.927593516	0.967963714	0.9462106992	0.9431948321	0.9620805346	0.9596854472
0.9659151809	0.9644251185	0.9598994135	0.9398348835	0.9526336356	0.9454424587
0.9660238861	0.9552774632	0.9417128246	0.9505048977	0.955042375	0.9487985243
0.9349875474	0.9725874856	0.9381988131	0.9304142855	0.9341955104	0.9603457228
0.9761630304	0.9363946614	0.959610183	0.9589959669	0.9460519967	0.9515574743
0.9720815544	0.951600621	0.9506687576	0.9671637617	0.9618148376	0.9524209201
0.884163774	0.9313608211	0.9566779418	0.9447387174	0.9468072685	0.9535517997
0.9715995929	0.9493696459	0.9505282122	0.9557044025	0.9394067336	0.9521683347
0.9499345648	0.953716412	0.9462418548	0.9596779102	0.9489044135	0.9509950685
0.9620125172	0.9678521826	0.9268370168	0.9482866136	0.9620740928	0.949388525
0.9618397957	0.9621993229	0.9463256587	0.9460511327	0.9429706782	0.9410523944
0.9549104513	0.9562524927	0.9440480779	0.956535602	0.9463436831	0.9532755674
0.9752530121	0.9544188907	0.9450424905	0.9617809579	0.9541177462	0.9445587073
0.9686837605	0.9679892208	0.9505461249	0.9415563062	0.9490703172	0.9556808586
0.9637446064	0.9338819832	0.9365634746	0.952689851	0.9525970406	0.9449049234
0.9537325255	0.9485093791	0.9558607179	0.9674128109	0.95700229	0.9486690202
0.9374060497	0.9628169988	0.9672903861	0.9566086354	0.95302311	0.9446827042
0.9672843675	0.9471961203	0.9614168962	0.9556533075	0.9604113502	0.9493919307
0.9418718866	0.9557161342	0.9344502985	0.9526565817	0.9500341381	0.9487013932
0.9325589767	0.943951521	0.9566257073	0.958459737	0.9495311225	0.9473275539
0.9216891237	0.9483827014	0.9553696274	0.954346934	0.9526662287	0.9445873756
0.9474621052	0.9539308282	0.9499427768	0.9592350052	0.9454942825	0.9513283235
0.9736201102	0.9481124239	0.9592099305	0.946556658	0.9577606588	0.9394540264
0.9592253977	0.9452732921	0.9499075887	0.9428891857	0.9590148169	0.9598040759
0.9592422451	0.9655682338	0.9408072814	0.9435632187	0.9696374059	0.9557555283
0.957417281	0.9469702984	0.9562146813	0.9531267634	0.9358250772	0.9544274311
0.9765435654	0.9607331257	0.941767693	0.9513879228	0.9614552595	0.9557799257
0.9477345442	0.9544487538	0.9438601769	0.9298457992	0.9478990179	0.9428068858
0.9242826302	0.9541373419	0.9660292074	0.9514298892	0.9537812124	0.9410919634
0.9309523881	0.9230326495	0.9469973893	0.944858263	0.9547348176	0.9419523883
0.9840089982	0.9616779226	0.9442451774	0.9504370826	0.9455987758	0.9458695667
0.9204676899	0.9543229809	0.9688254587	0.9460714317	0.9561259268	0.955398885
0.9609115643	0.9646582534	0.9679747941	0.9675723883	0.9556609238	0.9468207297
0.9772485835	0.9584258914	0.9401971258	0.9484041817	0.947759873	0.9545944383
0.9251250814	0.9480120759	0.9164477983	0.9526139115	0.9461360453	0.9528445718
0.9702052477	0.9436957254	0.9488802532	0.9374313107	0.9648314251	0.9523578085
0.9536528181	0.955769955	0.9536080407	0.9470067054	0.9377687344	0.9477814001
0.9807199886	0.9617910173	0.9550616008	0.9484979608	0.9474729523	0.9597520311
0.9774348159	0.9557975764	0.9692025905	0.9630565098	0.9542225011	0.9524071881
0.9649624362	0.9422061145	0.9241226263	0.9559643405	0.9534649621	0.9542150395
0.9670337357	0.9392518975	0.9685043977	0.9538844139	0.9513272089	0.9530199394
0.988630053	0.9397544704	0.9435829496	0.9450906016	0.9344636385	0.9590308206
0.9634409233	0.9630613916	0.9230728461	0.9341383449	0.9717489972	0.9492508731
0.9711435622	0.9536676465	0.9464623983	0.9592759004	0.9586328857	0.9538468284
0.9671833832	0.9628859611	0.9555419868	0.9502646229	0.9503629789	0.9538516969
0.9773168082	0.9694899089	0.9482066432	0.9531113978	0.9490231342	0.9513212629
0.9641309451	0.9637648312	0.9512234498	0.9516338133	0.9575893925	0.9512303934
0.9707792739	0.9444829176	0.9544003826	0.9544274554	0.9523261638	0.9488793662
0.9727214358	0.9278462896	0.9584113063	0.9636560662	0.9591067895	0.9583036202
0.9584921336	0.9654673952	0.9516833146	0.9558947361	0.9506387843	0.9494069494
0.9345204916	0.9655328379	0.9634186974	0.9467562924	0.9468843655	0.9561769806
0.9669709464	0.9522804943	0.9332989266	0.9556891367	0.9555992689	0.9507627118
0.9775058208	0.9639448169	0.9601414347	0.9533285393	0.9607724294	0.9487262327
0.9135612575	0.9671625741	0.9519161358	0.9579384375	0.9492771279	0.9538439522
0.9544323178	0.9662532442	0.9267781458	0.9469141474	0.9487781261	0.9522501154
0.9690496022	0.9484108786	0.9508524487	0.9496120728	0.952465598	0.9532114032
0.9273306907	0.9665443518	0.9559051787	0.9516320614	0.949090992	0.9508437978
0.9719946149	0.9558573919	0.9599168261	0.9391556754	0.9543857605	0.9489823409
0.9304761657	0.9376026622	0.9627521633	0.9553704695	0.9514940459	0.944818027
0.9714096098	0.954841336	0.9300039419	0.9473797719	0.9483288174	0.9517984261
0.9869771421	0.953600828	0.9580571342	0.9608136615	0.9389238458	0.9553999629
0.9591917159	0.9546543643	0.9449794817	0.9416538535	0.9541438753	0.9555429558
0.9331714227	0.9211048019	0.9609622196	0.9499587245	0.9490438034	0.9487633798
0.8890316258	0.9472108266	0.9697895544	0.9646256726	0.9602217133	0.9548447221
0.9412157318	0.9438521167	0.9585742309	0.9431787035	0.9513114385	0.9408135991
0.960201369	0.9174167916	0.9457118884	0.9515002022	0.9559851622	0.962525405
0.9579873637	0.9659158027	0.9512263598	0.9517174408	0.9447030822	0.9509447731
0.9803869826	0.9525963204	0.9470405731	0.9415470552	0.9557257344	0.9443311136
0.9366298293	0.9688384609	0.9554599569	0.9555950226	0.9456650125	0.9407246647
0.9497991937	0.9657338651	0.9705229481	0.9440026526	0.9513636001	0.9488117127
0.9403345081	0.9512642397	0.9453442635	0.9375744138	0.9648937653	0.9449666534
0.9600124545	0.9504231665	0.9379532597	0.9482746053	0.9592808988	0.9548512748
0.9487743463	0.9498805787	0.945389106	0.9548483539	0.9490414043	0.9443762866
0.9747655959	0.968721953	0.9222032633	0.9517045084	0.9586381087	0.9553779356
0.9493868394	0.9567662296	0.9513612534	0.9366273303	0.9508253679	0.9490125103
0.9720297143	0.9215550163	0.9565532427	0.9421604387	0.9403198973	0.9544633398
0.9596932336	0.9632725838	0.9607663997	0.9421476793	0.9533365081	0.9468931347
0.9135893746	0.9652081877	0.9534886869	0.9484264503	0.9494438251	0.953671174
0.953910508	0.9294519313	0.965892558	0.9525524118	0.9551598508	0.9475997378
0.9480813596	0.9502282581	0.9574880361	0.9539525952	0.9569053213	0.9579922334
0.9377909118	0.9560335338	0.9445306549	0.9533730449	0.941998734	0.9514704567
0.922697402	0.9676334438	0.9513419922	0.9557920648	0.9574554654	0.9428198656
0.9052609742	0.9382782211	0.9610758348	0.9603278995	0.9435135912	0.9512093593
0.9254279414	0.9550154464	0.9400723764	0.9441592717	0.9517413289	0.955493436
0.9794779906	0.9470235518	0.9490364099	0.9604380706	0.9344336534	0.953428014
0.951086747	0.9725029761	0.9535119747	0.9541136989	0.9466323842	0.9448803723
0.9244629821	0.9584050081	0.9698949528	0.9498453596	0.9495079251	0.9498391228
0.9642296926	0.970458822	0.9557075008	0.9590904088	0.9438862038	0.9535071769
0.9687486189	0.9415699056	0.962169857	0.9661422709	0.9420266319	0.9512357591
0.9254498428	0.979698196	0.9613438	0.9634022698	0.9596234503	0.938112878
0.9691116834	0.9367795012	0.958272876	0.9483211998	0.952457591	0.9559324417
0.9766332174	0.9468444061	0.9495453916	0.9627524278	0.9545603339	0.9444930119
0.9335690343	0.9139678466	0.9615124201	0.9692297827	0.9579915373	0.9480963898
0.9449867184	0.970731855	0.9542937792	0.9452331336	0.9434124312	0.9426910022
0.9806162778	0.9362426807	0.9506286579	0.9411255187	0.9566265189	0.9541119895
0.9623664421	0.9392878294	0.9606540522	0.9618097883	0.9395866677	0.9524582429
0.957972309	0.9464494827	0.9583095823	0.9491871433	0.958546382	0.9501744716
0.9262121579	0.9552590027	0.9488435672	0.9610794683	0.9553475326	0.9541028487
0.972081264	0.9535574015	0.9448250349	0.9584843298	0.9587344679	0.9420339807
0.9783268789	0.9444958646	0.9456535991	0.9418353279	0.960715888	0.9445005856
0.9405978439	0.9450058778	0.9166937869	0.9431590506	0.9540728293	0.946859375
0.9563517875	0.9723843089	0.9539595813	0.9602042057	0.9417564005	0.9528632189
0.9638362601	0.9226321823	0.9535779456	0.9521432338	0.955042848	0.9514282923
0.9627251141	0.9462795469	0.9521086717	0.9555495147	0.9687644621	0.9539267031
0.9625110725	0.9560519941	0.9536401571	0.9427806426	0.9464016871	0.948049422
0.9603016985	0.9582555799	0.9729109894	0.9590801505	0.9510913667	0.9439351166
0.9804647302	0.9518340435	0.9594551686	0.9444911089	0.9512670562	0.9376486452
0.9244040572	0.9603318093	0.9557061239	0.9523388167	0.9555594393	0.9537674371
0.9463897697	0.9429568248	0.9384364963	0.9482391624	0.9574017743	0.9572704068
0.9641770433	0.9542610586	0.9376588748	0.9544746804	0.9422416674	0.9477352603
0.9471747637	0.9297673417	0.9568779166	0.9725784176	0.9617437225	0.955617424
0.9717972746	0.9194778555	0.9418053962	0.9445328156	0.9457594758	0.950955325
0.9584829313	0.9316232158	0.9422379309	0.961613547	0.9535678296	0.9552567343
0.9542271491	0.953775647	0.9520908882	0.9586066183	0.9435228262	0.9447782748
0.9604516969	0.9699973165	0.9240248682	0.9464176483	0.9568173871	0.9520728478
0.9672169996	0.9547567875	0.9370700395	0.9356777099	0.9467437473	0.9545591218
0.9448781513	0.9476494632	0.9613595372	0.9574389589	0.9548424631	0.9615484807
0.9464640462	0.9430190676	0.9518842222	0.9543634528	0.941350306	0.9552530646
0.9339275023	0.9393669987	0.9582447484	0.9694682259	0.9541270622	0.9442837071
0.9685905687	0.9615988852	0.9417328386	0.9351469455	0.9565870869	0.9545287132
0.936449345	0.9423151122	0.9551587885	0.9510775721	0.9429253545	0.9353029754
0.9062446363	0.9522389577	0.9409492549	0.9583622473	0.9500761174	0.9495951885
0.9787460228	0.9599625015	0.9599318478	0.9578505284	0.9518717838	0.9536683083
0.9435051566	0.9392864467	0.948751062	0.9431518184	0.9463258294	0.9482760082
0.9623270503	0.9469829028	0.9669746224	0.9527514599	0.9409631362	0.9504823919
0.9371921723	0.9540453828	0.9409843666	0.9586680732	0.9352258875	0.9595630013
0.9564649169	0.9775119625	0.9633494365	0.9448240974	0.9633813956	0.9448034426
0.976937074	0.9560758795	0.9273121378	0.9594056996	0.9495681458	0.9477128155
0.9600776526	0.97205832	0.9448088369	0.9539930784	0.9377719642	0.9485806622
0.8922502375	0.9323152575	0.9438890875	0.9590195088	0.9464037514	0.9379381026
0.9736939641	0.9456016014	0.9418260991	0.9584682401	0.9585473516	0.95732305
0.9687428438	0.9545757528	0.9440846766	0.9410047263	0.9609117084	0.9592253599
0.8817396596	0.9372098697	0.9382124551	0.9509637148	0.9524778022	0.9399682052
0.9171056138	0.9502053848	0.9497914425	0.9697892221	0.9502218551	0.955249925
0.9241957769	0.9351453538	0.9610496493	0.9756140941	0.960541097	0.9439837049
0.9253907879	0.9537739463	0.9305542798	0.951042781	0.9488771834	0.9560703796
0.9561770825	0.9565728764	0.9351880841	0.95276983	0.9599534593	0.9571594044
0.9623651658	0.9615966344	0.947029275	0.9567350611	0.959635946	0.9599551011
0.9622354509	0.966810743	0.9569002029	0.9510917442	0.9453986748	0.9547941262
0.9736614538	0.9679270097	0.9450882536	0.9454097888	0.949165664	0.956877365
0.95699263	0.9534826481	0.9473120482	0.9528991962	0.9409414212	0.9580118314
0.9251743218	0.9480753109	0.9641212654	0.9429259256	0.9393825815	0.9531029824
0.942058659	0.9479834355	0.9670697685	0.9529003366	0.9420108082	0.9448332343
0.9723376183	0.9497968247	0.9559661187	0.9507676315	0.9318643579	0.9406244355
0.900908238	0.9547331604	0.9194268927	0.9537488991	0.9443713316	0.9514650602
0.939337608	0.9629288115	0.9455325866	0.9627963886	0.964996924	0.9536205934
0.9720309921	0.9439049456	0.9537058109	0.9459638467	0.945307972	0.9444793335
0.9493437609	0.9505273679	0.9496201342	0.9388543068	0.9492227952	0.9537081015
0.930606239	0.9382173828	0.9415585859	0.9539609324	0.9471772789	0.9614169828
0.9822106665	0.9642744897	0.9488159021	0.9439986767	0.9555795589	0.9620018302
0.9555048349	0.9586407905	0.9678946726	0.9568188965	0.9583823109	0.9462565162
0.9777525716	0.9602852638	0.9459341856	0.9607273663	0.9591697548	0.9425923668
0.9660050203	0.9365441142	0.9504935539	0.9587226094	0.9503901359	0.9456011047
0.9264474697	0.9767691598	0.9531853371	0.9607968072	0.9435155506	0.955120879
0.9792367623	0.9418221862	0.9226633085	0.9533566709	0.9474617423	0.9342558904
0.9379872595	0.9560523508	0.9434824506	0.9525806621	0.9615087723	0.9541578986
0.9885938411	0.9537438664	0.9185771548	0.9417876398	0.9586108698	0.9537594309
0.9470629369	0.9640168104	0.9464311927	0.9663618252	0.9470781171	0.9602965571
0.9782509694	0.9624639183	0.9472982267	0.9590560853	0.9646899935	0.9517364708
0.9625389516	0.9723175113	0.9561803921	0.948528056	0.9189342913	0.9470249251
0.9513111658	0.9659979873	0.9518718981	0.9593234946	0.9473207816	0.9371669269
0.9764285659	0.9342587406	0.9296213928	0.9503751867	0.9541826096	0.9520932514
0.9522417768	0.9312107109	0.9400750761	0.9581480789	0.9415461302	0.9427338752
0.9629678471	0.9611578774	0.9567480306	0.9574373275	0.9496174796	0.947888919
0.9363118091	0.9623656701	0.9477051236	0.9524286918	0.9577551737	0.9542484321
0.9543410878	0.9554826608	0.9618076571	0.94909545	0.9434557406	0.947782032
0.9273851763	0.9434580808	0.9569680386	0.9482653448	0.9507031095	0.9541511378
0.9668886795	0.950434813	0.944060571	0.9585681276	0.9296923183	0.9468102802
0.9726193996	0.9524011127	0.9411137462	0.9399069669	0.9526029072	0.9388364701
0.8632285178	0.9298280199	0.9640033199	0.9594028566	0.9588557928	0.9513273112
0.9059193222	0.9559848015	0.953787238	0.9486348493	0.9674061664	0.958452102
0.9472671193	0.9365505241	0.9499542257	0.9506287138	0.9445255323	0.9464432714
0.9553964026	0.96325997	0.9479666847	0.9424546564	0.9519993331	0.9504023928
0.9613819654	0.8880577404	0.9578877611	0.9470679751	0.9607194514	0.9518885922
0.9756965712	0.9142812596	0.9715678501	0.9618085992	0.9563667155	0.9536123732
0.9487481217	0.9370971403	0.9498265122	0.9519199411	0.9611033019	0.9443031364
0.9626681686	0.9640205088	0.9410924204	0.946812964	0.9557619245	0.9581008363
0.96797382	0.9452193629	0.9510832997	0.9400855574	0.9650325684	0.9509474381
0.9458593932	0.9330787838	0.9475934615	0.9528676924	0.9475126328	0.9487241528
0.9790028395	0.9201961104	0.950763898	0.9491474991	0.9361017447	0.9445635002
0.9468514585	0.9436901695	0.9515839495	0.9564359422	0.9580103503	0.9583306257
0.9715872257	0.9567483936	0.9578413714	0.9431064625	0.9496312523	0.9457471115
0.9781590148	0.9236296889	0.963799854	0.9399731767	0.9517857388	0.941192688
0.9456037367	0.9664241453	0.9491761641	0.9546034166	0.9390057168	0.9575360973
0.967194437	0.9561184359	0.9570345358	0.9568531158	0.9552735462	0.9498773219
0.9500858279	0.9567639936	0.9554940167	0.969014314	0.9490276533	0.9488974346
0.949457218	0.9600519775	0.9446271568	0.9538472719	0.9683875806	0.9434854335
0.9815568026	0.9526879584	0.9542925155	0.9405406139	0.9492014217	0.9545358172
0.925800595	0.9679502879	0.9550226144	0.9522790908	0.9638141214	0.9558006061
0.9614072839	0.9679894365	0.9688358762	0.9591590489	0.9634107576	0.9540015621
0.9662825368	0.9796260321	0.9700646232	0.9514003057	0.9411012335	0.9430891073
0.9792480931	0.9579369879	0.963409632	0.956176737	0.9341565649	0.9539439574
0.939975675	0.946690171	0.9175979395	0.9580170697	0.9462567542	0.9464430329
0.9556183166	0.9394707857	0.9357668405	0.9388661748	0.9331977215	0.9497651083
0.9609118996	0.9501018204	0.9592817952	0.9630770264	0.9474597626	0.9513991561
0.9232371006	0.9654636285	0.9428018896	0.9620422994	0.9345992441	0.9545818896
0.9492424516	0.928962376	0.9425493557	0.9613602419	0.9478751658	0.9406463174
0.9497257537	0.9442325454	0.9615385878	0.9578407171	0.9480784796	0.9533983912
0.9401930067	0.953388439	0.9618909856	0.9563871355	0.9518441888	0.952863848
0.9471466807	0.946908514	0.9727158628	0.9660748537	0.9653522268	0.9577748828
0.9462640185	0.9705559896	0.9595715602	0.9620515451	0.9560871697	0.9437001757
0.8940908118	0.9434111598	0.9615621777	0.9666066046	0.9459072174	0.9466681562
0.956816003	0.9554131878	0.9709789709	0.9421863195	0.9341365843	0.9506875235
0.8947554984	0.952680541	0.9437154024	0.957853795	0.9543743231	0.9404608185
0.9291050123	0.9466592048	0.9493226123	0.9411172412	0.9377895741	0.9551302513
0.9670174899	0.967428109	0.954454202	0.9552557764	0.9447728885	0.9570729962
0.9418494369	0.9418568169	0.9524864387	0.9601275918	0.957568676	0.9494198058
0.9442872515	0.9276065167	0.960907397	0.9568137329	0.9464478504	0.9516850155
0.9632906727	0.9530990357	0.9579262049	0.9538623341	0.9612500297	0.9580335024
0.9793751094	0.9678067003	0.9494217788	0.9388212133	0.9392637507	0.9613061683
0.9539543173	0.9643536379	0.9620993026	0.9521993272	0.9529623821	0.9615858104
0.9412753671	0.9606517952	0.936106783	0.943733152	0.9262224401	0.9449116539
0.968049569	0.9488755202	0.9716705721	0.9524272207	0.957397263	0.9597456495
0.9208787121	0.9531460803	0.9500002451	0.9521557425	0.9447445666	0.9513511154
0.9738937185	0.9502947626	0.9276769201	0.9290964863	0.9633363705	0.9356945264
0.9546249787	0.9111906779	0.9621115199	0.9513643032	0.9658407652	0.9498612006
0.9434004269	0.9622954914	0.9431303806	0.9589107355	0.9328032717	0.9495528207
0.9454561222	0.9677798125	0.9340255423	0.9509380044	0.9624173213	0.9483076998
0.9520238904	0.9706668987	0.9577211742	0.9678168168	0.9430564203	0.9353001131
0.9661340049	0.9585628806	0.9478010782	0.9313791292	0.9619552556	0.9567075024
0.9417099774	0.9648325759	0.9387429356	0.9266349227	0.962530287	0.9558800618
0.9180472861	0.9216688562	0.9406907807	0.9550167396	0.947803758	0.9624050044
0.9385534052	0.9431003712	0.9581785515	0.9229873631	0.9590127172	0.9533424444
0.9421174103	0.9304562893	0.9457751526	0.9665996539	0.9436117739	0.9567517187
0.9678347703	0.9540033693	0.9702999423	0.96642871	0.9543002228	0.9543899714
0.9707205499	0.9508209936	0.9404671514	0.951111305	0.9531350131	0.9469915288
0.9895892667	0.967939086	0.9339956675	0.9396930364	0.9408695657	0.953669458
0.9739904914	0.9402583113	0.9388469376	0.9557022891	0.9434912794	0.9563004398
0.949434573	0.9688249048	0.9433537592	0.9482616151	0.950658109	0.9586472394
0.9452681474	0.9669703185	0.9492505276	0.9218499811	0.964519385	0.9538957927
0.9512701207	0.9538773055	0.9487256326	0.9583302786	0.9573136588	0.9492911298
0.955317117	0.9501757679	0.960721572	0.9595322647	0.9515477809	0.951472726
0.9519536103	0.9694132755	0.9645846806	0.9387567635	0.9462212007	0.9291064065
0.9465107674	0.9403721983	0.963303376	0.9659183758	0.9617856549	0.9602960553
0.9738196231	0.9482516384	0.9495709695	0.95222828	0.949006849	0.960608499
0.963713425	0.9627113464	0.9599066516	0.9490332303	0.9404166615	0.9477301245
0.9687138264	0.9652418054	0.946876754	0.9572770909	0.9504374455	0.9597714005
0.9633737052	0.9371146995	0.951969437	0.9573834882	0.9557548676	0.9450875307
0.9790880655	0.9394571079	0.9510447652	0.962925703	0.9567186198	0.936550402
0.943072572	0.9445359045	0.9422352165	0.9331189036	0.9541033626	0.9494518559
0.9798971467	0.9681185853	0.9719681057	0.9514610184	0.9541419928	0.9524371337
0.9640020961	0.9709480693	0.9574985771	0.9506116516	0.9440265717	0.9433183641
0.9583738523	0.9555941112	0.9396064158	0.9515712238	0.9530668289	0.9596133953
0.96886054	0.9393795447	0.9449859976	0.9669841564	0.9588564031	0.959741596
0.975383625	0.9484352845	0.9610205129	0.9608650797	0.9528411575	0.9584366955
0.9706375942	0.9417870231	0.9446171695	0.9555536837	0.9564789574	0.935260615
0.9692053018	0.972251553	0.9665217304	0.9561886324	0.9591412711	0.9466742799
0.966608052	0.9596469492	0.9568189594	0.9606137268	0.9492658203	0.9573532061
0.9697528751	0.9531311323	0.9523311499	0.9493025151	0.9515339555	0.9500079539
0.8834272474	0.9587596703	0.9322238109	0.9586992744	0.954248065	0.9530410839
0.9656757271	0.9620941108	0.9447160125	0.9669118424	0.9598813086	0.9589087757
0.9789085144	0.9320011985	0.9381677518	0.938616339	0.9444125679	0.9551095864
0.8845052024	0.9539497171	0.9529560807	0.9414307037	0.9624535723	0.9373967228
0.9763122866	0.9586640745	0.9662976626	0.9599413357	0.9383832961	0.9396153711
0.9605470275	0.9809446506	0.9387792327	0.949402353	0.9403081039	0.9439562975
0.9399341872	0.9455071124	0.9488816066	0.9514547417	0.957058282	0.9480138637
0.9429422457	0.9565732589	0.9556856223	0.9388820316	0.9519595363	0.9468844939
0.9572693674	0.9533314821	0.9551303196	0.9255157556	0.9428776436	0.9565583688
0.9511079109	0.9666923085	0.9567814864	0.9647771275	0.9491327103	0.9486372429
0.9815826361	0.9518249317	0.9499511511	0.9302565436	0.9428921738	0.9552731711
0.8654112976	0.9630701174	0.9611398338	0.9551723223	0.9360254221	0.9542619975
0.9514031364	0.9355825256	0.9614264948	0.9491220743	0.9426152014	0.9558540062
0.9535097729	0.9229563096	0.9377941688	0.942691816	0.9545628263	0.946090353
0.9656991311	0.9309630023	0.9166787206	0.9422658852	0.9478194365	0.9639314332
0.9590171123	0.960955876	0.9435708495	0.9523638896	0.9518686883	0.9463129866
0.9771555113	0.939800346	0.9483322436	0.9477443271	0.9554724124	0.9577756117
0.9749511039	0.9552189597	0.9623315723	0.9336715535	0.9512507379	0.9540076731
0.9666545096	0.9718211239	0.941729895	0.9416609867	0.9503749175	0.9481873107
0.9771543874	0.9453021242	0.9400474527	0.9494913472	0.9599200376	0.9595271357
0.9720337789	0.9516119911	0.9474120092	0.9497745332	0.9517443973	0.9456092079
0.9565712459	0.9370027877	0.955422333	0.9514916578	0.9392507463	0.9580504495
0.9568371044	0.9539044682	0.9483966796	0.9517939597	0.9436285917	0.950107225
0.9555234233	0.9455723311	0.9493371847	0.9684923686	0.9576542892	0.9630223973
0.9737857204	0.9314882106	0.9578094549	0.9560289628	0.9575698079	0.9621675423
0.9416511037	0.9199666532	0.9578451577	0.9527372622	0.9412779402	0.9610818769
0.9245618243	0.9576642862	0.9533836495	0.9383391621	0.9505212963	0.9264440082
0.9204808838	0.956286859	0.9535588302	0.9510587923	0.9356847628	0.9390626053
0.9509765481	0.9669771707	0.9594686012	0.9557945212	0.955373263	0.9602212009
0.9717018521	0.9104711367	0.9691279965	0.9375259166	0.9534095163	0.9585608652
0.9403270152	0.9535140448	0.9603080403	0.9519770644	0.9333688343	0.9632847289
0.9688081378	0.9574213553	0.9570887645	0.9466312809	0.9512966811	0.9572953955
0.958575759	0.9627067993	0.910832009	0.9423432723	0.9356602498	0.9533983215
0.9472676648	0.9527789592	0.9566819999	0.9508055543	0.9427944811	0.9546552501
0.9732611571	0.9472855051	0.9616449388	0.9440859318	0.9418421072	0.9487515286
0.948082707	0.9463166756	0.9490191692	0.9497275592	0.9423171906	0.9365065973
0.9674666489	0.9574789973	0.9363329905	0.9747523641	0.9328212059	0.9432271446
0.9630010545	0.9438887067	0.9527438373	0.9484609927	0.9512543844	0.9579383904
0.9594445114	0.9581222463	0.9607783571	0.9427542928	0.9421739926	0.9609382985
0.965740012	0.9501005471	0.9536412184	0.945507094	0.9448647003	0.9584346739
0.9598776056	0.9564629787	0.9569685772	0.9493190829	0.9406640293	0.9479653984
0.981975375	0.9301863701	0.9432555001	0.934294435	0.955280216	0.9614410816
0.9234025767	0.9674882516	0.9604676177	0.9640533731	0.9492920468	0.9435735409
0.9858297609	0.9481979219	0.9527536819	0.9413356844	0.9508649467	0.9486344897
0.98876401	0.955656632	0.957653691	0.9558223554	0.9485607775	0.9456417404
0.9462621159	0.9512930322	0.9576551745	0.9307435003	0.9496881639	0.9483676172
0.9617818745	0.9426687029	0.9562751508	0.9560414348	0.9590911361	0.9476408767
0.9630740888	0.9612696648	0.947871198	0.9540299572	0.9633046876	0.94144715
0.9538383745	0.9526873483	0.9657008966	0.9405992785	0.9404272332	0.9578153855
0.9119763819	0.9527073244	0.9545987241	0.9515110694	0.9605411798	0.9561050588
0.948170892	0.970291804	0.9481231093	0.9643819529	0.9518356345	0.9517222337
0.9205885876	0.9526918218	0.9504194743	0.9497349057	0.9546192536	0.9544211269
0.912995007	0.9416467178	0.9604673417	0.9447891234	0.9533065759	0.9476034072
0.8939800323	0.9540892895	0.9277340811	0.9584583894	0.9424890399	0.9416141547
0.9598370002	0.9407181826	0.940798649	0.9531253815	0.9444683683	0.9587998762
0.9457257457	0.9635864516	0.9597046281	0.9661873869	0.9517414215	0.9574649648
0.9783997038	0.9300628003	0.934728926	0.95303568	0.9411883893	0.950430935
0.9045659968	0.9433012302	0.951523285	0.9395930594	0.9320491015	0.9579898873
0.9283568567	0.9570602268	0.9523482762	0.9470908456	0.9421288732	0.9537152356
0.9210133141	0.9557364731	0.9488211459	0.9530800011	0.9599978454	0.9556202319
0.9408878539	0.955860635	0.9445578446	0.9484333539	0.9367937563	0.9403621644
0.9714980606	0.9536089309	0.9501055719	0.9525970537	0.9590747867	0.956982435
0.8726674608	0.9516604528	0.966140288	0.9574510635	0.9671393864	0.9508147691
0.9358360426	0.9304650254	0.955603811	0.9552014035	0.9539968268	0.9529626299
0.9451314572	0.9260096349	0.9464409021	0.9503689456	0.9550431434	0.9601783806
0.9492472431	0.9688147928	0.9366289479	0.9613656254	0.9512417392	0.9593676625
0.959805916	0.9357333635	0.953090431	0.9574089229	0.9459662725	0.9406190804
0.9596833544	0.9673527855	0.943357326	0.9506810209	0.9370449369	0.9518527666
0.9355343736	0.9761278943	0.9762426883	0.9556730977	0.9536754384	0.9557110172
0.979818411	0.9597867637	0.9521218701	0.9516931833	0.9524170436	0.9398223051
0.9799154055	0.9368629967	0.9342054624	0.9288747445	0.9665458046	0.9546416488
0.9368733304	0.9547063492	0.9542891733	0.9473297568	0.9571036606	0.9503304499
0.9697767137	0.9527145833	0.9432447926	0.9436200502	0.9383942019	0.9521716303
0.9748205539	0.95911788	0.937279395	0.9296068061	0.961082251	0.9445959886
0.9757425705	0.9665434025	0.9683724726	0.9416299161	0.9630262914	0.9429894156
0.9494857544	0.9532166471	0.9245355828	0.9345434625	0.9619568589	0.9592463533
0.9460499696	0.9368528126	0.9489601224	0.9469955314	0.9610283822	0.9444021799
0.9491632628	0.9723333496	0.9318733165	0.9465211827	0.9612718147	0.9425748301
0.9695471815	0.9399497829	0.9352112659	0.962307448	0.958470914	0.9626608788
0.9313683689	0.9404321314	0.9540781845	0.9566983289	0.9459447661	0.9570802122
0.9641804894	0.9624910329	0.9139325305	0.949547253	0.9391392091	0.9540572092
0.9769129158	0.954525506	0.9553941269	0.9364535277	0.9553050087	0.9535753667
0.9728915863	0.934272211	0.9633257319	0.9416220002	0.9549519168	0.9512803875
0.9492282515	0.9591215344	0.9353179305	0.9355574894	0.9523976831	0.9457574335
0.9620379679	0.94195324	0.9338533123	0.9278944454	0.9510633495	0.9531379079
0.9133209264	0.9617439268	0.9403929594	0.9384677306	0.9545762951	0.9627319198
0.9804203833	0.9558508766	0.9458778654	0.9504252999	0.9261190891	0.9342463035
0.9497559527	0.9636140042	0.9583266336	0.9483093557	0.9406681069	0.9586964163
0.971907563	0.9611875529	0.9495220589	0.9348982137	0.9298743425	0.9510927993
0.9552736021	0.9449110857	0.9593417198	0.9318745389	0.9526803425	0.9409306533
0.981732275	0.9209831619	0.9305916271	0.9500656987	0.9484957046	0.9602895626
0.9478676133	0.966604627	0.9622821355	0.9491932137	0.9667551983	0.957776626
0.9723363424	0.9470893245	0.9478729078	0.9456992219	0.9287182807	0.9573457693