0.6294111395	0.6423675139	0.7559441298	0.7631943747	0.7762376367	0.7460905225
0.616207483	0.6714818745	0.7094074754	0.7747036151	0.7402850536	0.7469228648
0.7031083475	0.7185477753	0.7159659539	0.7631733502	0.7736357286	0.788428992
0.702657872	0.6835306691	0.8013326606	0.6820314657	0.7681106805	0.7908805138
0.5615274628	0.7231225634	0.7353395482	0.7124592099	0.7709200748	0.7697026745
0.6282274014	0.6659213171	0.7093494333	0.6864600847	0.7275057792	0.7576572702
0.5801533631	0.7918678758	0.7035838073	0.7166961914	0.7461713974	0.7108148971
0.7022222222	0.7092120558	0.7275498666	0.7230504294	0.7972188233	0.778522548
0.6524360352	0.7246487667	0.6694528483	0.7267332707	0.7104454252	0.7588006381
0.6827350427	0.6914867028	0.7509527387	0.7666080534	0.7890476435	0.7644128449
0.7335062358	0.7604739326	0.7865646446	0.7509472185	0.7172935058	0.7668336229
0.662850411	0.6926704255	0.7545401385	0.8039936661	0.7703907612	0.7528765151
0.5890343813	0.7251852735	0.7043668644	0.7507430299	0.7428102814	0.777751754
0.5654224059	0.755481453	0.7281424242	0.7771339104	0.7400582653	0.7393508661
0.6020651618	0.7355900485	0.7466306595	0.7281899824	0.7572833273	0.738016626
0.8003728384	0.73519648	0.7118025557	0.7389025773	0.7469701501	0.7547684779
0.5456805269	0.7428512974	0.7114971487	0.7638438857	0.8001607072	0.7680358967
0.6033786848	0.7852742765	0.7644078777	0.7492929608	0.7616424162	0.7614655535
0.6743019601	0.7493408285	0.7682031718	0.74321424	0.7524846943	0.7749176286
0.6524163748	0.7435583543	0.741055235	0.7701259042	0.7823023484	0.7742084029
0.6055815417	0.7410833751	0.7646251348	0.791060329	0.7675304704	0.7506122921
0.7970101644	0.7207910916	0.7435653915	0.7366209133	0.7541182101	0.7777793336
0.7203457004	0.7171160051	0.7296502339	0.7395062216	0.8083397147	0.7726624458
0.6244689052	0.6784873365	0.7574814756	0.7642786464	0.7985345705	0.7664056818
0.6020378179	0.7521576342	0.7416924107	0.7232061711	0.7514946418	0.7640682033
0.7113236906	0.6875675718	0.7003627103	0.7239460546	0.7369459431	0.7964014099
0.6217717579	0.7392270157	0.7531554475	0.750176311	0.7552693707	0.7589685816
0.6740226772	0.7480736358	0.7574796391	0.746261853	0.8110407502	0.7620361063
0.6013482	0.6713204253	0.73651495	0.697439121	0.741757192	0.7352896777
0.6146871206	0.7226225494	0.7194328696	0.7355881335	0.7607214846	0.7891617045
0.6117345052	0.8235397007	0.7565070526	0.7813235903	0.7549025469	0.7013281392
0.6756317417	0.7400600953	0.7019155133	0.7523044415	0.7438402942	0.7541995521
0.7198358818	0.6896286499	0.7248489808	0.7878127874	0.7605254787	0.738939576
0.6740640989	0.7648267741	0.7554953146	0.720203689	0.6986842999	0.7725802093
0.7844608432	0.7522719554	0.7752155335	0.7735207266	0.7595021504	0.7656985879
0.6338355931	0.7633509065	0.7447401072	0.7800468431	0.7422206433	0.7845970537
0.5734416133	0.7450647517	0.7676113076	0.7180729228	0.8010119722	0.7708101535
0.6870783172	0.7494986463	0.6983993786	0.7472928767	0.7361402753	0.7561660876
0.6525040483	0.6852799704	0.7512866474	0.7695198302	0.7747844873	0.742696091
0.6456889265	0.6842401928	0.7437937194	0.7123074438	0.7798333713	0.7551637324
0.627911352	0.7434964955	0.7266752171	0.7581241665	0.7185082313	0.7809873594
0.6506029143	0.7444993649	0.6988242482	0.7540726347	0.7645571413	0.7667697678
0.695366558	0.676625396	0.7072315325	0.7107492208	0.747792044	0.7668388695
0.6743133383	0.7308105479	0.7360890051	0.7641039587	0.714665012	0.7659144245
0.726704932	0.7742461298	0.7399159431	0.773409657	0.7097236337	0.758902028
0.6587009537	0.6851694866	0.7248568746	0.7694870453	0.7725299785	0.7543648426
0.6904823866	0.6788827377	0.7782811826	0.7350777228	0.7371834057	0.7483992369
0.6545463672	0.7457117157	0.755180881	0.7167848439	0.7164139491	0.791924534
0.7304757185	0.7122187773	0.6924022321	0.7714881701	0.7662068842	0.7583310745
0.6265818633	0.6856441872	0.7577761518	0.7687116988	0.7034862791	0.7678117204
0.6536305308	0.7282356993	0.6875591473	0.7732770199	0.7461094792	0.7443456016
0.6369270833	0.6885942773	0.6704063011	0.7526641592	0.7402537281	0.795051765
0.5939930556	0.7383310186	0.7464963227	0.7105065892	0.7219173015	0.7499473176
0.7404242481	0.6892541901	0.7161626957	0.7109686463	0.7318346085	0.7992200849
0.6653940007	0.690404631	0.6751166926	0.758170866	0.7892687386	0.7397971747
0.7207936508	0.6740371774	0.7409819611	0.7645518965	0.6874787603	0.7603500231
0.5741337936	0.7252499854	0.7284143328	0.7264064814	0.8088745943	0.7712097703
0.5611223903	0.7023220436	0.7622670133	0.7372797777	0.7556009252	0.7780698273
0.6970663265	0.7292174733	0.730635889	0.7692351294	0.7491741299	0.7275670637
0.691959133	0.7858261108	0.7650381607	0.8208890427	0.7872322729	0.7707314953
0.614336741	0.7109528065	0.7728412982	0.7374639116	0.6814862755	0.7652936211
0.578522391	0.7469878472	0.6805378859	0.7294417702	0.7870662883	0.7745983757
0.7097923359	0.7247572943	0.7669505067	0.7472763979	0.7302679545	0.795481381
0.7286979167	0.6927162718	0.6857110446	0.7853027561	0.7732584103	0.7723556623
0.7732564398	0.7626128994	0.706087236	0.7705272332	0.704631956	0.7422355566
0.7197317372	0.7635091972	0.7338060727	0.7769813732	0.7571921131	0.7704309396
0.7745870364	0.694783203	0.7223276996	0.7750647885	0.6895374785	0.7746234897
0.7681105825	0.7050363319	0.7476964161	0.7403584117	0.7324359861	0.7618839446
0.6737684184	0.7383484341	0.7712227527	0.7764296447	0.7969920343	0.7789233142
0.5477564103	0.6557628557	0.7233489283	0.7598213622	0.7603613877	0.732382682
0.6310322576	0.7300428814	0.6496197466	0.7746309603	0.7538235719	0.7551127637
0.5809661257	0.6910759102	0.6863123539	0.7278217509	0.7179004165	0.7904926777
0.7760028281	0.7021207416	0.6850357193	0.7537823312	0.7810811928	0.8026059093
0.6565040845	0.8034910551	0.6512733065	0.7403860938	0.7230935906	0.7799571059
0.6147593072	0.6762305138	0.763611336	0.7043511201	0.7762823578	0.7534924933
0.747238502	0.7412859049	0.7357064291	0.7484278104	0.7881334439	0.7641579091
0.6906926729	0.7039579247	0.7204233455	0.7130730986	0.7500481042	0.7813875259
0.7212773998	0.6271785556	0.7255094838	0.7433890757	0.7616840943	0.788934056
0.6878156154	0.6960043699	0.7278681829	0.7410809051	0.7569473455	0.7705955734
0.6740623113	0.6570961365	0.6781209246	0.7908678725	0.7272371077	0.7589976823
0.7208332156	0.7831408943	0.7045825729	0.7773299985	0.8042225045	0.7704765179
0.6959887602	0.7273477711	0.7055462254	0.7285184286	0.7744656624	0.7820772443
0.5828718742	0.6918120769	0.7646365478	0.7685293594	0.779505721	0.7616038386
0.6961894133	0.6521147976	0.7199272942	0.745007369	0.7808093124	0.7799668156
0.5369668926	0.6434809164	0.7433695473	0.8258305733	0.7890319685	0.7795755846
0.6162337426	0.8052535784	0.7623841931	0.7528504535	0.7541796145	0.7411897451
0.6904258894	0.6350733917	0.7393155779	0.8065853549	0.7673701369	0.7524100989
0.7598039869	0.7023120828	0.6902818719	0.7507917015	0.7392656914	0.7387029009
0.7134788817	0.7490542916	0.7040481879	0.7848885621	0.727019738	0.7429625997
0.529132955	0.7688032008	0.7017743121	0.7582208455	0.7851100731	0.7621075615
0.6472551277	0.7212568833	0.7521416733	0.7180938732	0.7195014593	0.778432686
0.6904981037	0.7211460841	0.769259825	0.8031438608	0.7766309468	0.7780203797
0.735724133	0.6642699176	0.6918918136	0.721284776	0.7831257978	0.7925288765
0.6461858325	0.7652623654	0.7712727525	0.723414485	0.7527470342	0.7813138248
0.7519929847	0.6809340063	0.7244928856	0.8039988892	0.7222764142	0.7627568266
0.7146429344	0.757234181	0.7289396243	0.7678083165	0.7353373239	0.7895687136
0.6444682642	0.7573490676	0.7291605426	0.7430630706	0.768879506	0.746973506
0.5701360544	0.7390528572	0.7314614434	0.7679819893	0.7544557204	0.7497954792
0.6794515504	0.7853655478	0.7220184306	0.7830404347	0.7469768036	0.7628464835
0.6488920274	0.6613227412	0.7328370225	0.7890120406	0.7801811285	0.7305905881
0.5717237308	0.7489670218	0.7202114476	0.791422751	0.781308432	0.7965396429
0.6498498126	0.6651637644	0.6905556872	0.756459	0.7371193757	0.7509439149
0.7831951853	0.7485674135	0.7626080642	0.7857548772	0.7633699937	0.7890754793
0.5929028046	0.7212240173	0.7732447816	0.7620805033	0.7598275332	0.7640749476
0.6336805556	0.6236126443	0.7192050708	0.7664043852	0.7652157146	0.7548818212
0.6577593957	0.7468170151	0.77748407	0.7761305223	0.741337357	0.7678012735
0.6173084114	0.6584376575	0.7756673154	0.76600461	0.8239500475	0.7743551759
0.5929626946	0.7606837883	0.7191802992	0.7310830702	0.79240051	0.7963722127
0.5582482993	0.7614824657	0.7615124516	0.7792725452	0.7744746204	0.7673548858
0.575373418	0.6778128831	0.6779416911	0.7652283	0.7427089113	0.7850968063
0.7061062221	0.7161147916	0.7026714993	0.7100166976	0.7453982441	0.7948041726
0.7137034042	0.7629057664	0.7138983458	0.7451288907	0.7463697222	0.7480379026
0.6237999638	0.7379892688	0.7756790429	0.7421765125	0.7775100235	0.7494345535
0.6401697137	0.6577630677	0.7707846303	0.7676968125	0.7741316884	0.7669907819
0.586083453	0.6189593017	0.7194038563	0.7549151871	0.7704687377	0.7694423039
0.6906119276	0.6977273895	0.7011043836	0.7038424271	0.7613691335	0.782264569
0.6593868697	0.685094735	0.7473697454	0.7558451239	0.7527966114	0.754890491
0.6774730726	0.7038862054	0.7705985759	0.7453446563	0.7655802066	0.759242456
0.7155254393	0.7517524882	0.7505788227	0.7871697019	0.7834167611	0.7441518384
0.7522940955	0.7130860832	0.716337996	0.6980994192	0.794610982	0.7420492687
0.7056359249	0.7767179315	0.718767404	0.7297387217	0.7697032181	0.8001175336
0.6648210018	0.7263185574	0.7323041894	0.7643436498	0.7637530312	0.7726323064
0.6541267158	0.6861528308	0.6997910054	0.7193014726	0.7474958813	0.7633388488
0.7556636196	0.7704655527	0.7739952266	0.7676349758	0.7871808447	0.7572438201
0.6776326133	0.6465915197	0.7634081842	0.695569702	0.7512331012	0.7339612007
0.6367077581	0.7307811087	0.7212812117	0.7715297883	0.7429252999	0.7655554069
0.720933393	0.7237028268	0.7917902923	0.6884396022	0.7532073932	0.783843246
0.7090313209	0.7036406606	0.7039238994	0.7558063372	0.797220716	0.771293694
0.7086226852	0.6328407287	0.7623247627	0.7715781994	0.7409836466	0.7586944796
0.6565316694	0.6944198127	0.7998097928	0.7326887267	0.7240843076	0.7454031156
0.6432160635	0.688448365	0.7414230871	0.7666149965	0.7420324684	0.7361551716
0.6711470104	0.7055343401	0.7426391485	0.7946874901	0.78413711	0.7518569578
0.7090078188	0.6945586243	0.7594960676	0.7932554962	0.7817112353	0.7675712457
0.5974603175	0.7632204861	0.7299066138	0.7353539879	0.7633040988	0.7640602901
0.7558368899	0.7005167	0.7356448177	0.7358755706	0.6950388646	0.7437805269
0.5107688959	0.7214827412	0.668273049	0.7218268901	0.7481815894	0.7352844289
0.7381153943	0.6430681335	0.7029884464	0.6851914336	0.739520653	0.7685266627
0.6160887163	0.7242341379	0.759237877	0.7647260365	0.7789921202	0.7679398275
0.6417971528	0.6361267204	0.7519300027	0.7992886925	0.7372771007	0.7757339679
0.6345039242	0.7031651889	0.7310250142	0.7476201949	0.7602086413	0.7528648988
0.5599280817	0.7043200437	0.7245519098	0.790257711	0.7403434204	0.7905158885
0.7428564257	0.7698816024	0.6654396837	0.7333450564	0.739965941	0.7511539774
0.7030452806	0.6744065366	0.7614185919	0.7582485278	0.7528883395	0.7680974937
0.622408884	0.6736534443	0.7632715	0.7485501031	0.7310934767	0.7559690408
0.731214038	0.71135821	0.7324093723	0.7263664118	0.7563184119	0.7597176635
0.8194754421	0.7889607533	0.7933780189	0.7842687979	0.6957959596	0.7287471817
0.7086291808	0.5502919501	0.833053805	0.7159314598	0.7743475692	0.7325293782
0.734470753	0.666195807	0.7023323554	0.7531506182	0.7546472595	0.7517636952
0.6373967579	0.7373193525	0.6621452085	0.8117073696	0.7295953809	0.749662047
0.683537415	0.6813413148	0.6374082341	0.7579366437	0.7041826743	0.7273984664
0.6816118815	0.7286037938	0.7655211212	0.7383090669	0.7493004035	0.7729905505
0.6641994131	0.7187106287	0.7412241376	0.7322394794	0.7514574394	0.7502554873
0.7993212542	0.6215444733	0.7276307444	0.7809379271	0.7359247133	0.7616658732
0.7813456363	0.749383531	0.7446768472	0.7304985243	0.6816583423	0.7269098758
0.701814059	0.6349576283	0.7131730335	0.8057308954	0.7312305045	0.7600755544
0.6636781357	0.6896201112	0.7117982048	0.7260474274	0.7391503849	0.7592895517
0.7778114187	0.7176151896	0.6802836509	0.7907331118	0.7353273182	0.7413034936
0.7146523095	0.7414295054	0.7315808195	0.7351065472	0.7614269003	0.7252311466
0.5909914262	0.7872847583	0.684462921	0.7735418523	0.750516392	0.7753028009
0.6006720725	0.7110275648	0.7586865919	0.7457533798	0.7592321661	0.7502820989
0.7354421769	0.7185115516	0.7629228331	0.7472283693	0.7372265411	0.7575217005
0.6797959184	0.7615349172	0.7281792821	0.774752622	0.7124576047	0.7379149564
0.6880332078	0.8274796072	0.7511524853	0.7423538906	0.7019643964	0.7723925055
0.677100588	0.7737585815	0.7327526717	0.7452927331	0.7639784617	0.7837120723
0.6131597222	0.7174688595	0.7241610386	0.6815612664	0.7459761076	0.7654560122
0.5561542247	0.7550768088	0.7883639741	0.7124011777	0.7664584859	0.7411324764
0.6828798186	0.7541530803	0.7207209992	0.6945428274	0.7451094039	0.7580301876
0.6783265574	0.6716404164	0.7412160007	0.7878943849	0.7534649732	0.7333476935
0.6310457947	0.7235965827	0.8033546488	0.7504750111	0.7720597037	0.784449622
0.7445890121	0.6920628474	0.7685289245	0.7161733559	0.7242017033	0.7700446828
0.6056074334	0.661920362	0.7485922963	0.7318348596	0.7635173489	0.7431878635
0.6294104308	0.7169832947	0.7092591412	0.770870485	0.777249472	0.774633481
0.6417129709	0.7948096606	0.7745360558	0.6901050331	0.7783103743	0.7531313484
0.7620515547	0.7511420863	0.6931108871	0.7809560873	0.7620828259	0.7524989104
0.6153352887	0.688746816	0.7097828598	0.7327112626	0.7344958842	0.7628861641
0.7366602389	0.7946413539	0.8135314292	0.7589347746	0.7700751179	0.7740688518
0.6821461282	0.7489698793	0.7545615202	0.7097632607	0.806601476	0.7258217697
0.6347816334	0.7398015491	0.7191010176	0.759183774	0.7471587233	0.7521761955
0.6982890448	0.7490430865	0.7618047505	0.7858177852	0.7511151258	0.7930061581
0.7548732673	0.7320481811	0.7851145428	0.7434752008	0.7595077851	0.7664779554
0.7238558205	0.7350674541	0.7203302936	0.7701754272	0.7538588539	0.7674009684
0.7345502646	0.7131548999	0.7314668925	0.7740594864	0.7200358816	0.7741568295
0.6689253827	0.7650679406	0.7480843121	0.7785884568	0.7523575837	0.7507628949
0.7300758136	0.7331411402	0.77408657	0.7172897652	0.7474163574	0.7883070811
0.7205227777	0.7172034187	0.7755181563	0.7825493243	0.7716140785	0.7531762011
0.6397627111	0.7332025121	0.7426804024	0.7625022856	0.7680789628	0.7665131255
0.5742663929	0.7011683326	0.7299932663	0.7487367255	0.7249115184	0.7775151822
0.6477415146	0.745472225	0.8280832381	0.7352453711	0.7421004408	0.7855064108
0.6306154463	0.7253588105	0.7285827347	0.7404303187	0.7331249527	0.7510466194
0.6597633136	0.7319215978	0.7025564433	0.764614447	0.7714094344	0.7852740151
0.7664632716	0.740072023	0.6851404367	0.7664043003	0.6867104422	0.7802134525
0.5679810037	0.6713873907	0.6755947387	0.7763529656	0.7028226658	0.7890576345
0.5918895611	0.7679471917	0.7389456792	0.7246903491	0.7667648949	0.783816716
0.7715124244	0.7026651588	0.7242272359	0.7182414291	0.7252436089	0.7499538756
0.7325670415	0.667746291	0.7322098085	0.729259745	0.6400965611	0.7806270167
0.7822772491	0.702416995	0.7491099401	0.7913445778	0.7196278307	0.7493929705
0.7081267766	0.7657229896	0.7893829833	0.7276919308	0.7533656086	0.8025009033
0.6811034218	0.765767689	0.7484767567	0.7542020529	0.7649781574	0.7243131109
0.7078128359	0.8235021186	0.7055042145	0.7696862036	0.7426058329	0.7699881083
0.6173171769	0.6929211386	0.7321400247	0.7223810763	0.7373349028	0.7607461418
0.5120782996	0.6917956947	0.7150981346	0.7628132541	0.7353757055	0.7726424477
0.83389629	0.7294178713	0.7217939403	0.7499057131	0.8017322043	0.7527978733
0.6050044173	0.7259155942	0.7680673617	0.7464648295	0.7568096278	0.7590583362
0.7309548611	0.7124272761	0.7484665144	0.7235114815	0.7605396912	0.7578707983
0.6434201389	0.7763610444	0.7135134781	0.7981062038	0.7695777167	0.7639198219
0.7054875283	0.6476126837	0.7478587671	0.7083705579	0.7707789553	0.7446309923
0.7794788124	0.7640726384	0.7197654279	0.7007919976	0.77952739	0.7773092547
0.6802809666	0.7498084963	0.688605023	0.6865184924	0.7703238327	0.7780346715
0.6791765873	0.677098286	0.7403945528	0.7805769506	0.7228042199	0.7672002595
0.6148334429	0.6967831912	0.7399941132	0.7489312657	0.7651234002	0.7613801053
0.6902983818	0.7485910805	0.7797545847	0.7156103832	0.7354110321	0.7533093562
0.7036895543	0.742950377	0.7762769191	0.7937276246	0.7762721757	0.7391638701
0.7578125	0.6879655474	0.6932168187	0.7876382345	0.7560613693	0.7290744176
0.5734780777	0.7482730767	0.7434160327	0.7621306167	0.7467915564	0.7660953784
0.8103715518	0.6974327171	0.7589218724	0.8026523308	0.7598198939	0.7639405967
0.7492871131	0.6803703927	0.7257577725	0.738467252	0.7277578687	0.7813381197
0.6967708333	0.6813636448	0.7271811304	0.7165397933	0.7552114659	0.7616378667
0.6412673611	0.7148863922	0.7914552729	0.7702812831	0.73582051	0.7973086918
0.732272203	0.7123208556	0.7102937982	0.7672359225	0.7476905011	0.7662824587
0.5483751627	0.7499094669	0.7593547072	0.7300192975	0.7733613972	0.7766855138
0.7113360969	0.7433231056	0.7183880423	0.7364373949	0.7608749901	0.7862559643
0.6277083333	0.720082229	0.7117826003	0.7337762425	0.7328886278	0.7722386803
0.6334222435	0.7596526331	0.7023458306	0.7788089799	0.7306026533	0.7780106176
0.8085277684	0.6363255358	0.767283579	0.7784646927	0.746382261	0.7454878021
0.635666605	0.8002602001	0.6495016248	0.7450986342	0.7220120113	0.7741534715
0.7098072488	0.7620300485	0.7770508061	0.7767008315	0.7609135369	0.7688078795
0.7266459116	0.7543164354	0.7151270811	0.7123182296	0.7073871401	0.7832600892
0.7018712755	0.7117652348	0.7665770869	0.8318883623	0.7416681188	0.7837850723
0.7007334184	0.699562399	0.7595801605	0.7142238912	0.7648919991	0.7654992593
0.5117720619	0.7634031774	0.7641248541	0.7535054006	0.7383127428	0.7801158903
0.637933925	0.7866012073	0.7065701759	0.7370106962	0.7159149635	0.7451974127
0.708839682	0.7351361964	0.7766960088	0.7064683347	0.6959141129	0.7662024815
0.7676645401	0.7155660035	0.7624169953	0.6753774607	0.7908771071	0.7316088939
0.7917335133	0.7860007246	0.7659499677	0.772339779	0.7384705406	0.7793812077
0.7287199358	0.7397135417	0.6794897051	0.78006511	0.7637080973	0.7379230662
0.6309025367	0.7111884846	0.7250346108	0.7214253457	0.780037791	0.7428413988
0.6412315089	0.6484413129	0.7080646849	0.6951825773	0.7487222802	0.7762756747
0.7327117234	0.7173329267	0.7249673301	0.7329787604	0.7202412097	0.7604216399
0.7287356599	0.7271757251	0.7404611608	0.7121144683	0.7739328411	0.7730368404
0.6810161076	0.7465955071	0.7115294305	0.6890889496	0.7573613439	0.7588780357
0.4587274752	0.6949157789	0.8072902527	0.7444125163	0.793107433	0.7854077398
0.6990224632	0.6821454453	0.7318050709	0.7962619086	0.7521917033	0.7762336536
0.7038985006	0.6757548195	0.7275279005	0.7404394569	0.7448200448	0.7790302321
0.6591666667	0.7651149412	0.6916607657	0.8033320799	0.7087962431	0.7738569525
0.7173232001	0.7311149507	0.7651733833	0.7837567457	0.7022979043	0.7989518788
0.6783219955	0.6595832592	0.7657518886	0.7675441911	0.7326712858	0.7377712991
0.6378315766	0.7354262478	0.7171483382	0.7242211262	0.6673386567	0.7750827998
0.6960763889	0.7040014545	0.7570266054	0.7810498283	0.7638712619	0.7428364959
0.6674218351	0.7513906878	0.7594669842	0.7325324353	0.7063217051	0.7687056966
0.7127062788	0.7220263621	0.7497970249	0.7671362237	0.7337344894	0.761439118
0.6241308815	0.7033225545	0.7365083948	0.7481971667	0.7725579765	0.7538838026
0.6414558693	0.7378354656	0.7326764374	0.7276300045	0.7579564285	0.7988793633
0.7022222222	0.6896079578	0.7829096055	0.6905191839	0.7484976181	0.7378783533
0.7026909722	0.6753433224	0.6956323016	0.8091170917	0.7382203818	0.7519091946
0.6722264874	0.7645365001	0.7131431634	0.7861276942	0.7855234383	0.7548265358
0.7407746982	0.7458305233	0.6993954089	0.6887197741	0.7797489493	0.7763150087
0.7034602912	0.7120336264	0.7419334004	0.7642644536	0.7159999534	0.8031999318
0.8032685501	0.770159663	0.7419915008	0.784320846	0.7212630087	0.7736916426
0.616120973	0.7460591566	0.7265951984	0.7336450484	0.7555167796	0.7822409109
0.8104272959	0.5954876793	0.6313381431	0.7894511137	0.7177348292	0.7880470074
0.6552405927	0.6629067598	0.7337582563	0.7590717482	0.758156408	0.7420514667
0.6496378181	0.7738434898	0.7694496698	0.7658878315	0.7411868632	0.7682131667
0.6885235576	0.7500823844	0.7146068177	0.7200917968	0.7580558501	0.7822926544
0.8116744824	0.6382704599	0.7186296413	0.7314076151	0.7498543965	0.7781852717
0.6086606556	0.7189888555	0.7377846929	0.7284442062	0.7585297237	0.7672764334
0.5560170754	0.7136314944	0.7725224729	0.7655542484	0.7442204337	0.7602106264
0.725228638	0.7243476387	0.7618949079	0.8154950214	0.7152088544	0.7719266522
0.7478715518	0.7498231302	0.7412144641	0.7693060836	0.7611455326	0.7537009877
0.6892175694	0.7492173796	0.7231648474	0.7473117906	0.7557482912	0.7647351324
0.5822817293	0.6724268353	0.7938968933	0.7632255544	0.7479893153	0.7473882795
0.7258024691	0.7236682731	0.7011245676	0.7180667247	0.7859486559	0.7899528231
0.7157520786	0.7135274871	0.7272228705	0.7654964772	0.7397897172	0.7362632454
0.7041138148	0.7306814393	0.7807092335	0.6488768134	0.7373897032	0.7502134095
0.5977480094	0.7584232369	0.7638277984	0.7711344698	0.7281323113	0.7428920167
0.7245981603	0.6797092208	0.682911673	0.7395506542	0.7744026425	0.7295837415
0.6688091695	0.6757720552	0.6830801467	0.7491470099	0.7280548896	0.7882981997
0.6533082829	0.7075623054	0.7338043976	0.7664817001	0.7872991973	0.7631519637
0.6720747122	0.7609617489	0.6929383827	0.7782895123	0.7736944403	0.8092644335
0.6952962018	0.7735701212	0.7456264102	0.774609733	0.7371741469	0.7992165193
0.5933594026	0.767708131	0.7205074485	0.7540113055	0.7709428181	0.790956148
0.7674964608	0.6830938996	0.7225988369	0.8065032175	0.7215824586	0.7791102452
0.7204750094	0.6624365817	0.7309449081	0.7524223814	0.7716231219	0.7695343733
0.6667563067	0.6873945689	0.7443036921	0.7409183974	0.6891143349	0.7639070896
0.7681597222	0.7531060949	0.7310819792	0.7006059906	0.8025127047	0.7368677082
0.6419501134	0.7023713331	0.7219123369	0.7373772392	0.7670639448	0.771860878
0.6019623071	0.7179326106	0.7022675616	0.7440139338	0.7488245757	0.7462837761
0.5599894818	0.7377106757	0.7657735693	0.764723589	0.7322291532	0.7371858717
0.5465799065	0.6718748544	0.792346887	0.7337317886	0.7782594937	0.7651037488
0.7727668845	0.6702187472	0.7533579191	0.7229058033	0.6854034249	0.7596205287
0.7150860969	0.7255410683	0.7420474901	0.7728562606	0.7405508628	0.7812843505
0.6839794741	0.730515499	0.7909460069	0.7515466622	0.7187444965	0.7714318388
0.7154943425	0.7599320077	0.7124435892	0.7352245719	0.7593776736	0.755392808
0.7584805123	0.6610643424	0.7276919309	0.7433844358	0.7171198127	0.7716272875
0.5830028202	0.6995612302	0.7085229603	0.719430699	0.7059324902	0.7915337592
0.5965346606	0.643474056	0.7439428455	0.7830396308	0.6900546977	0.7643929926
0.6431679838	0.7290810013	0.7721971505	0.7614788851	0.6929100581	0.7956591601
0.7001998069	0.7538079945	0.7374741258	0.7950243938	0.7551296311	0.7330271009
0.4812177433	0.7149415808	0.6978838645	0.6804176449	0.7101244711	0.7381376528
0.7539620658	0.6483761386	0.7259011767	0.7604198204	0.7890220059	0.7536641893
0.6820861678	0.6905945747	0.7424468553	0.7317632445	0.7380190136	0.7764859065
0.6739250493	0.7926320234	0.7263911517	0.7347538534	0.7328830095	0.794408329
0.6164399093	0.7540457918	0.7762869133	0.7768838637	0.7834605075	0.7610616975
0.6147008547	0.7156033658	0.7531530612	0.7554021113	0.7313642095	0.7627388977
0.6409438776	0.710129797	0.7683354351	0.7557720807	0.760058394	0.7775956504
0.6139519118	0.701034049	0.7469949271	0.7710933435	0.7780539042	0.8039593235
0.758574369	0.7480953964	0.7208870944	0.7756524345	0.7534888309	0.7614277705
0.5780091412	0.7695553422	0.7190183621	0.7297216131	0.7598420439	0.7580417087
0.8162035035	0.7244535916	0.7411613415	0.7716154387	0.7488221169	0.7704979708
0.7815053705	0.7993610061	0.7417708366	0.7525782832	0.7310401583	0.7699643743
0.784408701	0.7278125663	0.7100413275	0.738808729	0.7628680652	0.7764629279
0.685028699	0.7142277464	0.7134611489	0.7307658475	0.7555206459	0.7734411907
0.6155767554	0.6645466953	0.7654259848	0.7384203032	0.7361477665	0.7610463231
0.7180325255	0.7270679841	0.7379051592	0.7743082855	0.7872228451	0.7709077892
0.6620118343	0.6876981179	0.7480691291	0.790336091	0.7745934066	0.7690139907
0.7665251199	0.7045604438	0.7990353496	0.8048138314	0.7830136555	0.7590036044
0.7689092892	0.6476303968	0.7563898837	0.7417575266	0.7371890422	0.7675837553
0.6205999007	0.7277125251	0.7256745138	0.6433249835	0.7594852915	0.7474167677
0.7047868426	0.7013941246	0.7593626806	0.7927334556	0.7290867077	0.7534334075
0.7291836735	0.755952977	0.7663292501	0.7646604997	0.7701702934	0.7352046421
0.6891992091	0.7125146672	0.7413246579	0.7655830831	0.7839316524	0.7396412143
0.5995623173	0.7214869132	0.7408666105	0.7118312691	0.7341918087	0.7791693813
0.6583268213	0.6875533234	0.7148698753	0.7116555474	0.7491217625	0.7652829015
0.6867896117	0.7473336318	0.7988889072	0.7804712328	0.7344464261	0.7796879581
0.6538584184	0.7935301905	0.7388872225	0.7326647319	0.7288210383	0.7693606387
0.6796532731	0.7723974124	0.65543973	0.7181095068	0.8150923826	0.7572699474
0.6690281321	0.7488979588	0.7645222567	0.7613031042	0.7299136286	0.784691666
0.7600628487	0.724959905	0.7697894081	0.7370300133	0.7732628486	0.7598754712
0.5796786486	0.7144887519	0.7798117019	0.7712360478	0.7778996284	0.7638054938
0.6003803888	0.6984153264	0.7231842741	0.6989586013	0.7141511495	0.7135186548
0.568137906	0.7420098231	0.7486063574	0.7813593257	0.7902232212	0.7774226717
0.7545562577	0.7021865194	0.742238969	0.7434039355	0.7561685616	0.7383769527
0.5551726882	0.7706293512	0.7823428022	0.7319738013	0.7450053771	0.7386804636
0.6109531677	0.8002006713	0.7180812701	0.7554271407	0.774703163	0.7510523697
0.6149555319	0.7535769198	0.7123805974	0.7075611776	0.7863210292	0.7975038158
0.4946581197	0.6934271107	0.6856218679	0.7540407352	0.8003581409	0.7915477641
0.6190359269	0.7621649383	0.7688296053	0.7481999286	0.7916506587	0.7702564449
0.7131550681	0.7809848467	0.7003392065	0.7227359879	0.7899918675	0.7436344048
0.5769403132	0.7595622108	0.7614710623	0.704606291	0.7923083035	0.7459263683
0.6499945262	0.7007457874	0.7497513876	0.7666815132	0.7536301376	0.7682139113
0.7493612607	0.7563656226	0.7388835779	0.7905829269	0.7298106048	0.7702979642
0.7102834467	0.7175269005	0.7465184471	0.702120664	0.7876917401	0.7891885144
0.7544065469	0.7401015231	0.7729203851	0.7673440761	0.7586215978	0.7921186461
0.5967630385	0.7039853097	0.7467695983	0.8178745777	0.7796380281	0.7780207818
0.7028611234	0.6785290288	0.7698286079	0.8009127769	0.7776190342	0.7746292746
0.7788971804	0.7327638239	0.7345145176	0.7385704551	0.7673713045	0.7654065638
0.5164801621	0.7378002524	0.7985844807	0.743178616	0.7470604301	0.7334055664
0.6040919789	0.6558987186	0.727023676	0.7516098062	0.7757040801	0.7910070959
0.681538683	0.7470521498	0.7800199309	0.6650298583	0.7886299848	0.7782468834
0.6529344387	0.7114254773	0.7837076535	0.7667830257	0.7696700782	0.740536706
0.6307468234	0.7696905832	0.7709731928	0.7736114383	0.8037707893	0.7469959088
0.7120039892	0.6740860513	0.7578489031	0.6809363346	0.7617910412	0.7650684755
0.6480370206	0.6647237726	0.6878614281	0.7256376732	0.7074219367	0.7641275927
0.6628983139	0.7468675124	0.7713972607	0.7191185094	0.7613857711	0.7736590711
0.7561138878	0.6945647362	0.7065570305	0.7671912827	0.7552984036	0.7488126834
0.6806067711	0.7544203686	0.7266509446	0.6880685504	0.7218361619	0.7816658038
0.5601873767	0.6859213147	0.6606691127	0.7919772293	0.7562850962	0.7407523923
0.7752774545	0.7007974261	0.7259301967	0.7762436731	0.7741473	0.7845361064
0.7272916186	0.8109250949	0.7957066879	0.7601908335	0.7583484833	0.778782676
0.6453741497	0.7184097162	0.7454139118	0.7710605901	0.8167188734	0.7426476797
0.7325417226	0.7358073268	0.7481533631	0.7663675566	0.8088349265	0.7564540968
0.7308673469	0.7392590953	0.7124353249	0.7340648852	0.7437853687	0.7879818578
0.7646334089	0.7027058331	0.7861045547	0.7326255408	0.7571721905	0.7895653342
0.7791829465	0.7166013324	0.785729563	0.7455482838	0.7804545619	0.7488534925
0.6695991658	0.7075017349	0.7293817672	0.7686929462	0.7520571369	0.7689349409
0.6400232398	0.6640093196	0.7549229221	0.7230391765	0.7603972271	0.7553008067
0.7177207674	0.7796321421	0.7708508034	0.7809027479	0.6953415637	0.7234431093
0.5305132901	0.7360754677	0.7491182415	0.753278286	0.7392683437	0.7710947435
0.674091199	0.6887544289	0.7630990325	0.7165357559	0.74211786	0.7738000069
0.7757174745	0.7040659369	0.7037884533	0.7714556617	0.7515967206	0.7455896241
0.6379446386	0.7852586912	0.7661824504	0.7671530452	0.7701342225	0.7663228657
0.7805442177	0.698028913	0.7519901768	0.70235996	0.7651354906	0.7480775082
0.7027274439	0.7290853721	0.7683977603	0.7842634211	0.763386347	0.7350223272
0.6267721688	0.7987793418	0.7457166212	0.7498719454	0.791828613	0.7077308798
0.5593951348	0.7710981902	0.6852712428	0.6980203707	0.7708245771	0.7528054923
0.6340727728	0.7398121925	0.6884090536	0.7874948482	0.7528054642	0.7784107106
0.6614740102	0.7103134645	0.7826081744	0.7959273825	0.7603531557	0.7824704911
0.728090848	0.7356364003	0.7587557189	0.740751746	0.7672053535	0.7643685713
0.6555475446	0.6629085948	0.7691369017	0.7494974536	0.7072881185	0.751492813
0.6364053932	0.7716112265	0.8082457802	0.7237726086	0.7730813289	0.7288447841
0.7497405582	0.7541700823	0.7302486139	0.7331249913	0.717471583	0.7506382346
0.7904552135	0.7682431135	0.64859307	0.7216268419	0.7750849548	0.7746547973
0.6422342687	0.7453742232	0.7418726614	0.7108040474	0.7525627789	0.7693908494
0.5723338147	0.7080048118	0.7381764692	0.7809871617	0.7763936365	0.7254600577
0.57328503	0.7599648217	0.7462992086	0.6610490796	0.7938770702	0.768592428
0.7211995386	0.6365496761	0.7073591866	0.7841462762	0.7149389576	0.7648137137
0.6404032092	0.7447825411	0.7278459913	0.8002714676	0.7789777887	0.7552904935
0.6344061267	0.7499760347	0.7803090132	0.7780682885	0.7726972494	0.7687917659
0.5113772827	0.676384648	0.6493181264	0.7080685412	0.7763033994	0.7532997576
0.6554195011	0.7254777849	0.6838717366	0.762644227	0.7320931653	0.7818274276
0.5871247434	0.7369378064	0.7760632744	0.7230090926	0.6762346272	0.7764281074
0.6908398472	0.7085140036	0.7383881196	0.7453702889	0.7129351755	0.7859731751
0.7974562067	0.6960355871	0.7560092278	0.6801184244	0.7395692008	0.7958144887
0.6399006616	0.7123458418	0.7887257389	0.7586101406	0.7559906151	0.8018299355
0.6921315193	0.7238435933	0.7719552193	0.7544851616	0.751881676	0.7495618203
0.7639498069	0.6397580568	0.8029632433	0.7947306689	0.732388182	0.7854875049
0.6534075604	0.7130637789	0.7458103439	0.7282317777	0.7496255317	0.7453286398
0.6800063776	0.6531960442	0.7607181325	0.6953957965	0.8077854758	0.7579411859
0.7097800926	0.6827012638	0.7210455627	0.7480224322	0.7643215845	0.745187948
0.7428397732	0.7382094587	0.7664798469	0.7379534135	0.7610568967	0.7325869111
0.7334860219	0.6705252819	0.7449223433	0.7303451119	0.7389223573	0.7984002791
0.5931210632	0.6908793966	0.7448494536	0.6956562003	0.7959293656	0.7694589597
0.7147640306	0.7383544286	0.7973971301	0.7418981337	0.7744239944	0.732151685
0.6844621259	0.7255989743	0.7149833361	0.7396697752	0.7369958291	0.7901842455
0.7395251662	0.6926639178	0.8011327538	0.7501881543	0.7696690315	0.7718862836
0.6070360782	0.786681252	0.6839273009	0.7360919858	0.73059159	0.7573202433
0.6144449644	0.7407810015	0.7386829959	0.7470784582	0.7520501304	0.7552973598
0.6891989751	0.6920629606	0.6860004677	0.7252721272	0.7436435863	0.752915123
0.7072117439	0.6773634424	0.7204602236	0.7132947232	0.7760908041	0.7501456506
0.6771737449	0.7079895365	0.7310250338	0.7180153687	0.7463629345	0.7907440671
0.7672158545	0.7275456992	0.7165284516	0.6842281833	0.7345829991	0.7241603061
0.5417743764	0.7700089221	0.7669947927	0.681992675	0.7391980597	0.8063415362
0.4887344524	0.7227056846	0.7387063938	0.7586645522	0.7183654077	0.7734328269
0.5545634921	0.7027853146	0.6849474671	0.7374231282	0.7759665938	0.7706705242
0.6795051591	0.7570055197	0.6704406318	0.7547613599	0.758922503	0.7868254524
0.7481505102	0.7710835996	0.7479222012	0.741271935	0.7582753423	0.7709557946
0.5427915434	0.7284132332	0.7453872501	0.7620426746	0.7602620329	0.7603740707
0.5952399737	0.7376279808	0.8042487522	0.7768107212	0.726933901	0.7394532088
0.5121965946	0.7718330251	0.6650563374	0.7705764899	0.7579897128	0.7681383068
0.616888057	0.697865596	0.7624293531	0.7637313832	0.768004978	0.7385073446
0.5954024943	0.745291078	0.6849770587	0.7352515409	0.7232051786	0.7831538472
0.6450566893	0.7231712306	0.7521957934	0.7318235669	0.7171812388	0.7471874519
0.5711814801	0.6755298045	0.7393196006	0.7943155904	0.7275473807	0.7644911002
0.6900173611	0.7225062626	0.7812109943	0.7413637821	0.7211597728	0.7879389828
0.6603628118	0.7557535014	0.7643763684	0.7263056997	0.7559432025	0.7705150389
0.68424428	0.6974262362	0.7495349026	0.7424933713	0.6993787328	0.7731570533
0.5977358776	0.742222202	0.7477587616	0.6953895792	0.7398090789	0.7428264912
0.7930999228	0.746777316	0.7212970411	0.7609641527	0.7319020436	0.7611512826
0.6842559587	0.6931342845	0.7588489421	0.7110427029	0.7344320543	0.7390702726
0.7184983162	0.802886747	0.7340722214	0.7593525579	0.7580694112	0.7740924311
0.67234714	0.6728827395	0.7833198597	0.7487178824	0.7371434279	0.7754831344
0.6885232426	0.732654309	0.7453411594	0.7188109306	0.7194550179	0.7581676234
0.6976351962	0.7697853285	0.7301283777	0.7261849837	0.7524786577	0.7537061411
0.726974133	0.7460921085	0.7179136349	0.7362584665	0.7675392849	0.7685759158
0.5910183526	0.6477541575	0.7290487527	0.7795534179	0.7588483629	0.7802146204
0.633012411	0.7645678397	0.7348689679	0.7634118352	0.799343135	0.7663622949
0.608731098	0.7327446406	0.6655932901	0.7482502569	0.7594327427	0.7192754723
0.7024148483	0.666642928	0.7928210075	0.7554160437	0.7982457832	0.73182845
0.6306377383	0.722943599	0.7053767959	0.666269379	0.7848225148	0.7844254284
0.5597451999	0.7402448595	0.7397004242	0.7272071281	0.7991604213	0.7842669947
0.5794088607	0.7302360917	0.7186819232	0.7383617693	0.7309795684	0.7550120321
0.5919047619	0.7807541765	0.7350931844	0.7438000064	0.691551646	0.7450190528
0.6191836735	0.7374537037	0.8135560975	0.7473918467	0.7242606737	0.7428826594
0.667629906	0.7295729361	0.7117590374	0.7339475284	0.7458389814	0.762280153
0.6174494052	0.6293150779	0.734260909	0.7729233482	0.7883526649	0.7388197577
0.5490635131	0.7392319685	0.7383745496	0.7574837204	0.7376426532	0.7679319403
0.7096886268	0.6195625673	0.7776062477	0.7472031616	0.7556477617	0.7719129402
0.7151522664	0.6818039998	0.760331013	0.7576088228	0.775119965	0.7691694023
0.683488946	0.7211933874	0.7346093069	0.7426642227	0.7839572804	0.8049845613
0.5085479298	0.7140447762	0.7362528602	0.8372780887	0.7616564745	0.7632507351
0.6070068027	0.6875365257	0.8262009323	0.7792114728	0.7630754773	0.7869340306
0.6871589569	0.717596351	0.7187600323	0.7561832447	0.7651416925	0.7679560256
0.7341115674	0.6810349327	0.7560194335	0.7419246827	0.7388159635	0.7581768266
0.6180117932	0.7280696046	0.7028823901	0.7511449829	0.7445159164	0.760128677
0.7056683251	0.6900810542	0.7574108153	0.7053278555	0.7335364811	0.7691042707
0.6267573696	0.7001099074	0.7894744538	0.7443411415	0.7072099049	0.760838315
0.6866893424	0.7898336522	0.7286576677	0.7844528723	0.7426138673	0.7577861431
0.6920697834	0.7170532085	0.6960054591	0.7814819806	0.766317158	0.7360843585
0.6658636802	0.7231572314	0.6522371898	0.7148601345	0.7215894427	0.7604910347
0.6698022959	0.6265304115	0.743656731	0.7715855125	0.7771644073	0.7643826071
0.5314086128	0.8196392966	0.748478072	0.7272829657	0.7964992286	0.729622883
0.7004242481	0.6513852141	0.7328311574	0.7487790291	0.7568202435	0.7619311674
0.7421113453	0.7568718112	0.7292682293	0.7800087818	0.7157700731	0.7505248616
0.7245804989	0.6950713502	0.7653460803	0.7687064939	0.8103707625	0.7650528957
0.6030047364	0.7036270644	0.6953923798	0.7575723199	0.6931753922	0.7551668762
0.5051870748	0.6719433326	0.7434271989	0.7721871123	0.7357944721	0.7763215502
0.5914730111	0.7235940385	0.7847434887	0.7216528986	0.7882228947	0.7673887359
0.6056213073	0.72650294	0.7390366308	0.7771637773	0.7083043664	0.7621745648
0.7462850226	0.7963686339	0.7414890246	0.7712386717	0.6923102921	0.7820011588
0.7014844996	0.6823855478	0.7530346221	0.7354106897	0.7542083577	0.784352921
0.6444270016	0.6410836302	0.6998704915	0.7724497476	0.7718240281	0.779806489
0.556130835	0.6902547381	0.7576586165	0.7572794994	0.7758171039	0.7954799939
0.7898494248	0.810777165	0.7466426682	0.7522685989	0.8095253123	0.768400713
0.6718703772	0.7443882079	0.7655333593	0.7472106138	0.7206194692	0.8072245628
0.7147468771	0.7206312548	0.6987304151	0.7879000709	0.7610323761	0.7415328436
0.6993797227	0.7046711665	0.7525318142	0.7392346919	0.7321250934	0.7845308181
0.6696508567	0.6773814122	0.7483369222	0.772548693	0.7439158898	0.7320610643
0.6320114248	0.7424499124	0.7836326667	0.7167186257	0.7385654157	0.793476243
0.772288562	0.7310093346	0.751237146	0.7729451672	0.7612473176	0.7596277299
0.7005036479	0.7568603446	0.7782728225	0.7083478974	0.7693784195	0.7577470069
0.8039305796	0.7779794657	0.6979762968	0.6835445568	0.7802535197	0.7546022174
0.5523093104	0.699493713	0.7518143977	0.7488887606	0.7662032567	0.7725777826
0.7119444444	0.7073124692	0.6961087707	0.7425632894	0.7500780729	0.7657686826
0.6172108844	0.7244583425	0.7275076182	0.7812487691	0.7407471772	0.7531489622
0.6511549866	0.7376402823	0.7375737699	0.7196946437	0.7309637405	0.7610465334
0.6689215565	0.7234581302	0.7307593685	0.7520271634	0.7182255606	0.7774222843
0.6627663983	0.779590124	0.7944965393	0.7905722772	0.7212019178	0.7721055295
0.628021542	0.7283562776	0.7177892555	0.7956257245	0.8172340086	0.7241132484
0.7078596144	0.7314204172	0.7048166185	0.7220356725	0.7728915392	0.7693177783
0.6824791291	0.6679682152	0.7125634251	0.7278485546	0.7002792208	0.7575904288
0.6877583621	0.7266438138	0.6477066113	0.7460683206	0.742148719	0.7507479882
0.7217048831	0.7459842293	0.7308469946	0.7736701437	0.7404579141	0.7656832517
0.5768880123	0.6669902613	0.7153432478	0.7368620862	0.8037429652	0.7607513934
0.5960866389	0.7729351104	0.7310171643	0.6957837993	0.7350106019	0.7463521231
0.6846931689	0.7487412356	0.739604156	0.7425780184	0.6992570065	0.7645788854
0.7731084483	0.7383294363	0.7096734962	0.8043657426	0.7930894606	0.7623839591
0.6648303345	0.7920783926	0.75551809	0.7493510944	0.7407572849	0.7799563792
0.6750862698	0.6513654849	0.7776382949	0.7664924391	0.7508533449	0.7734665624
0.6913697941	0.6788143682	0.7810877639	0.7278179123	0.708641615	0.7760223058
0.6657847847	0.6891888202	0.7701867612	0.7544207484	0.7202350986	0.8059311436
0.6623086735	0.6848616818	0.7031129662	0.7262376357	0.7360601359	0.7867013891
0.5165548981	0.6957363711	0.7388257271	0.7571508486	0.7650608972	0.7787338922
0.8078035715	0.7710449075	0.7447278702	0.7284843145	0.7357331024	0.7690369223
0.6806349206	0.7751208719	0.6851185876	0.7636453781	0.7449535086	0.780883738
0.6139331831	0.6911785144	0.7506766239	0.7810093741	0.7311661649	0.7944874319
0.5797902494	0.7239894771	0.72508321	0.7802077732	0.7401584323	0.747076695
0.7455948558	0.7418299306	0.7739844461	0.7596456073	0.8068431142	0.7541370743
0.5389597715	0.7088412769	0.7266216059	0.7187892547	0.7684030418	0.7895372847
0.6845337302	0.6279236407	0.6838201601	0.8043433227	0.7792437227	0.7683520066
0.7182971387	0.6923786777	0.7098447811	0.7854421697	0.6823014689	0.8003211251
0.631930792	0.6410537624	0.7640862455	0.7611559806	0.6726838925	0.762316651
0.7875	0.7690672556	0.7249881915	0.7836906647	0.7774585458	0.7678002646
0.6773102938	0.7217311857	0.727498094	0.7294343484	0.7186063044	0.7607424679
0.3801775148	0.7198574572	0.7662413188	0.7185465734	0.7094336986	0.7558411982
0.6912647412	0.7674800485	0.7571989424	0.8054331908	0.7712050116	0.7697359179
0.6077853534	0.7629979401	0.7227454556	0.7416369437	0.6891326965	0.7588629044
0.6595034106	0.7749706276	0.7240551271	0.7011587256	0.7520530974	0.7866470336
0.7308820783	0.7417710461	0.6653148444	0.699503603	0.7441822064	0.7627309746
0.5760305687	0.7246890944	0.7962195249	0.7702608614	0.7663445923	0.7646648626
0.7080361556	0.768786701	0.7157145604	0.7346733291	0.7351335201	0.7781045945
0.5890088757	0.6501252624	0.6858996936	0.7032673142	0.7452978457	0.7992044807
0.7491614293	0.6724369559	0.7452003311	0.7281167494	0.7760442939	0.7810305175
0.741832483	0.7269807491	0.7691846074	0.7498049745	0.7724665812	0.7478502757
0.5848739081	0.7024425114	0.714763579	0.7768058189	0.782634956	0.7764177067
0.6121967833	0.7221614583	0.8107066372	0.7678097955	0.7527752695	0.7619458455
0.6652281662	0.7026397777	0.7687186841	0.7085169847	0.7681758395	0.7865931644
0.708366196	0.685857188	0.7697880709	0.7604336734	0.7531516114	0.771281532
0.7182759354	0.6979570646	0.7432756714	0.7210829407	0.7507052042	0.7575533025
0.6848236635	0.7683319358	0.7837601797	0.7601682212	0.7617307556	0.7567015511
0.6405083738	0.7438515487	0.7466806619	0.7704660786	0.7475040216	0.7849751251
0.5743096258	0.6852089228	0.799291034	0.7563752225	0.8175492422	0.7687937291
0.6994032907	0.6267855371	0.7291690407	0.7446770726	0.7657526544	0.798640855
0.7150415313	0.7318710249	0.771440354	0.7486379748	0.7817499867	0.7486768207
0.6073946112	0.7036849027	0.7304516483	0.7532591835	0.7329990008	0.7668997145
0.7236755094	0.6239275626	0.7626015911	0.7182840609	0.744924533	0.7516314529
0.7250006007	0.6934726624	0.761289699	0.7679818944	0.7560837351	0.7883285281
0.6796875	0.7303289531	0.6775428027	0.7170037957	0.7062532602	0.7335398072
0.729729105	0.7232334356	0.8084926738	0.7242271667	0.7698084841	0.7756965064
0.7851805796	0.7471556785	0.7764001809	0.745631997	0.732200938	0.7774359659
0.6141666667	0.592907114	0.7423612913	0.742551511	0.7708121017	0.7594278156
0.7041680839	0.7205446365	0.8216790211	0.749589277	0.7974625278	0.7370747346
0.7161458333	0.6816619772	0.7266903278	0.7579684233	0.7414419709	0.7684105598
0.7333362769	0.7045561922	0.670468353	0.7701208523	0.7625667861	0.7711011785
0.6326530612	0.6739437095	0.751357697	0.7450931816	0.7352447715	0.7528264358
0.6205604695	0.7535629252	0.7395226222	0.7407970102	0.7854898343	0.7714587736
0.5832447562	0.7292568039	0.6798988731	0.7398143708	0.787660713	0.7830966973
0.7085267636	0.7689315359	0.7361735802	0.7782123622	0.741105982	0.7993854811
0.7509452948	0.6101629009	0.6960503158	0.7087053066	0.7263853944	0.7436089036
0.5981591059	0.6878408405	0.719502789	0.7958347147	0.7480287424	0.7561054301
0.5918777737	0.6811004071	0.7622634774	0.7425908794	0.7913715829	0.7410843343
0.7230175582	0.611927391	0.7433761121	0.7399809008	0.7814978612	0.7632613129
0.6347397647	0.7936220044	0.7590773925	0.7822022776	0.7524898413	0.7649103187
0.5510347314	0.730958601	0.747339711	0.7777454804	0.757004552	0.8045869096
0.703167517	0.7546188506	0.7088583945	0.7379491737	0.7751252823	0.7478209094
0.5927727441	0.7320850622	0.7512590625	0.6938253086	0.7606730879	0.7935912268
0.6325173611	0.7735617369	0.7289251059	0.7824589567	0.7820543646	0.7428656438
0.6326723876	0.7235202213	0.6781350442	0.7608472026	0.7755908843	0.7593613072
0.7143064946	0.7179690632	0.7280015563	0.6971395697	0.7731720943	0.7656042837
0.7851793981	0.7431538445	0.7011800196	0.7436791722	0.6722337748	0.7699505593
0.7853759521	0.6402724443	0.7562909656	0.8019640426	0.7413580472	0.7562295535
0.7794444444	0.7209046039	0.7240344668	0.7830555195	0.7662518871	0.7688295139
0.7982115201	0.6684134294	0.7977904391	0.7784526972	0.7766069233	0.7751558166
0.7188952059	0.685876743	0.7163862511	0.7259645313	0.7762274444	0.7821392392
0.6580288756	0.742863481	0.7543314234	0.7529449167	0.7290894522	0.7395273065
0.5401100282	0.7465591687	0.7722064397	0.7333352261	0.7652483244	0.7571717901
0.6378095855	0.6531083925	0.7176914415	0.7993556281	0.7329546383	0.7567366363
0.7711256378	0.6810909549	0.6772874621	0.7362125676	0.7336445135	0.7173353469
0.7064236111	0.7101784287	0.7044249832	0.7630243646	0.7383726825	0.7764881351
0.7445659722	0.7041480318	0.7554539687	0.7604609632	0.7336086729	0.7690381625
0.644212648	0.7447457954	0.7620668923	0.8009719969	0.7175552283	0.7913077451
0.7067135089	0.7514081307	0.7565788081	0.769571896	0.7532287751	0.7700318548
0.7373674118	0.6781236142	0.7726831162	0.7569855066	0.746807258	0.7690367024
0.625600907	0.6499210279	0.7293516546	0.7576483136	0.7811466369	0.7996268213
0.6685267857	0.6627511426	0.7733149241	0.7565316938	0.732953698	0.7513417247
0.6447203251	0.7543380929	0.7042737764	0.7638115061	0.7472408702	0.7870994442
0.5994367797	0.657922191	0.7219037608	0.7626377556	0.7793717453	0.7459061467
0.8006696676	0.6575950478	0.7404817779	0.6303411664	0.7447301561	0.7569731167
0.7076630973	0.7994532491	0.7239300677	0.7562924348	0.761290511	0.7658088949
0.7377483162	0.657488601	0.759135206	0.7455722184	0.7578315913	0.7923314657
0.6842195275	0.6851369788	0.7522525189	0.7664745174	0.749684706	0.7557304453
0.7021762409	0.7698551272	0.7087309441	0.737503685	0.7545149766	0.7377933504
0.6372710287	0.6883873998	0.7324320421	0.7541097604	0.7597127569	0.7345430363
0.648728732	0.7347978304	0.7731364503	0.7620297366	0.7321229968	0.7472306973
0.7795982915	0.69835156	0.712351997	0.7751800555	0.7191236823	0.7680940842
0.7163378748	0.666254463	0.7050668834	0.7612661987	0.7375106972	0.7581969171
0.7574688437	0.7106601374	0.7703532717	0.747489257	0.6987624626	0.7910137039
0.7492222597	0.7739500331	0.7329073869	0.7095047203	0.7319468108	0.7447346861
0.6906645011	0.7079220396	0.7295122213	0.7514084413	0.7496904013	0.7958379683
0.60205565	0.6860482656	0.71271216	0.7423339955	0.7804247458	0.7341611537
0.6750447423	0.7299706795	0.658862655	0.695821122	0.7924061492	0.7482806519
0.8038310185	0.6330066064	0.7097068342	0.7318145842	0.693088389	0.7490534392
0.5815428893	0.6751355252	0.7238572755	0.7182204694	0.7716898099	0.7644423592
0.6168477245	0.7613534587	0.8287571752	0.7723068001	0.721598937	0.760684853
0.6076305868	0.6165328094	0.7368061502	0.740018182	0.7769764344	0.7426651448
0.7120804989	0.7897434887	0.7519015013	0.773987789	0.7815988988	0.745020627
0.5522526623	0.7419959744	0.7158180147	0.778262078	0.7600126205	0.7818291443
0.6735646737	0.7204576483	0.7592635927	0.7283041941	0.7479305883	0.746069189
0.8016002133	0.7704754028	0.7972699091	0.7204120177	0.7556592348	0.7351209865
0.6737722356	0.7081473214	0.7900720269	0.8108194047	0.7895112208	0.7704478717
0.6963121068	0.6913297509	0.7421451272	0.7439659911	0.7939716191	0.7552165405
0.6805279195	0.7396766227	0.7431838561	0.7722393459	0.7783771005	0.7580035848
0.8138946759	0.7602847822	0.7382419076	0.7355689358	0.7232330826	0.7645496587
0.6034225603	0.7538308884	0.7298102934	0.754102779	0.7642681889	0.775429586
0.6475634212	0.757083883	0.7325517653	0.7963448005	0.77686672	0.7574058728
0.6637787469	0.7492384141	0.7531477689	0.7090568023	0.7494772863	0.7509566441
0.6313640286	0.7475909506	0.7121420292	0.7621774547	0.8076725591	0.7401984616
0.7182211813	0.7624396561	0.7519605803	0.7555787787	0.7203149189	0.7402000116
0.7757510854	0.7244325274	0.7895899992	0.742613944	0.7560041481	0.7267284173
0.7858177438	0.7293181597	0.7580532687	0.7830095493	0.7481412381	0.766767584
0.6003006695	0.5893487823	0.7472766272	0.7240504498	0.7346456172	0.7681775963
0.716042183	0.6384619898	0.7253450155	0.7120575969	0.7508788784	0.7476392478
0.7019504493	0.7149086895	0.7132983941	0.7686298523	0.7740326164	0.7714369336
0.6617617623	0.716993339	0.6908527121	0.7266423893	0.7624564609	0.7478855427
0.7139341227	0.7012933409	0.7818450481	0.791365852	0.7259234017	0.7877230048
0.4708105292	0.7656057465	0.6989015668	0.6989789589	0.6830680327	0.7658087521
0.7096625336	0.7792370422	0.7650083585	0.746190654	0.7882172687	0.8048610015
0.5856973795	0.6427480511	0.724606194	0.7793699584	0.767736349	0.7698029813
0.6358786959	0.69155863	0.7193920425	0.7895158284	0.7643338662	0.7498244172
0.58921762	0.7639527876	0.7541693676	0.7408598449	0.7849731283	0.7658051046
0.6822355476	0.7157920564	0.7426131865	0.725923923	0.7893295674	0.732185883
0.76703125	0.7094955629	0.6647600659	0.7797701135	0.8067962383	0.7398984251
0.6105654175	0.6905399262	0.7182552175	0.7172433312	0.7937410953	0.7558078747
0.7253298611	0.7363673126	0.7518851709	0.665878124	0.6895718355	0.7988925404
0.6697916667	0.704523734	0.7548362523	0.7217057936	0.7592767363	0.7674546625
0.6282808417	0.7145678648	0.7209322737	0.7895311763	0.7487667167	0.7462854919
0.7161048785	0.6980124642	0.7774207629	0.7578300188	0.7020467207	0.7904464254
0.6595438017	0.6862650155	0.7246794557	0.7264908033	0.7228442202	0.7397748386
0.663805987	0.742409331	0.680797251	0.7879244658	0.733355063	0.7257807128
0.7060857372	0.795231641	0.711374082	0.6663929257	0.7763169898	0.7647695755
0.5340609686	0.7303020282	0.7287582887	0.7302730896	0.7738967291	0.7952631016
0.7491867705	0.7539459882	0.7269680984	0.7075714113	0.7967167909	0.7616923861
0.7000170068	0.6914578896	0.7308113152	0.7422522097	0.7308919963	0.7549395631
0.700521542	0.748959042	0.7575950111	0.7172302052	0.7278817201	0.7596890134
0.7159850633	0.7229813188	0.7503360448	0.6819705778	0.7562564398	0.7727135926
0.6442236935	0.6866412365	0.7894438237	0.779833807	0.7281975709	0.7697155222
0.6282230261	0.7356807826	0.6591198687	0.76353537	0.7315155307	0.7672765989
0.7646043167	0.706489426	0.7851635418	0.7518902072	0.7603788904	0.7552137038
0.6908458557	0.6753804832	0.7061505307	0.7490497775	0.6926357187	0.7435952366
0.6303212396	0.7284055087	0.7302544012	0.7609849282	0.7797042888	0.7859192981
0.6781632653	0.7576717145	0.7018633775	0.7511870173	0.7556322476	0.740089782
0.6324282179	0.7576867357	0.7361526855	0.7495408997	0.7327700046	0.7584333348
0.6953609085	0.7517798646	0.7236931121	0.7692704847	0.8103187917	0.7493544727
0.7850251559	0.6392709787	0.7484393358	0.7547121744	0.7401114282	0.7516793809
0.6007812685	0.7019103459	0.7451526437	0.7831953795	0.7508314072	0.7610174035
0.6600529101	0.69841099	0.7131474209	0.7185553362	0.724076476	0.7698377227
0.4788888889	0.7296464353	0.7388976061	0.7514123493	0.7675293632	0.7460240493
0.6016192067	0.7305791882	0.7486384689	0.7486194288	0.749885391	0.7381304059
0.7226077098	0.6695733559	0.7786574544	0.7462357607	0.7508591525	0.7593995573
0.5924036281	0.7421162478	0.7376973527	0.7374762139	0.7613111029	0.7435198616
0.5262112808	0.6891053629	0.7442934849	0.698202322	0.7670882122	0.7767535306
0.7007369615	0.7369403296	0.7578595133	0.7584362172	0.7716035921	0.755317503
0.5982231057	0.7629207444	0.7441408776	0.7418020917	0.7769318628	0.7696021573
0.6713225	0.7741531469	0.6869493656	0.7325191221	0.7864226011	0.7588671067
0.6959183673	0.7417241241	0.7786473333	0.6836116295	0.7603774625	0.7629015704
0.643478388	0.7156839458	0.7759380258	0.7671672383	0.776254098	0.7696083853
0.767940051	0.6840246739	0.695631452	0.7176937347	0.737766631	0.7485150216
0.6053276912	0.7400235248	0.7719513543	0.7363325154	0.7675963348	0.7955641757
0.5875	0.6467718311	0.7592227059	0.7677983031	0.7050844528	0.7465784117
0.6397950409	0.7374145133	0.7326898406	0.7263856317	0.7068902853	0.7534223789
0.7206216013	0.7488587935	0.7659901659	0.745404297	0.7129887439	0.7409217526
0.7679012346	0.6804790012	0.748423808	0.8019830151	0.7550100438	0.7746782405
0.6706079787	0.7524706359	0.7476411223	0.7069975415	0.7618538193	0.7788623535
0.6979886576	0.6616741071	0.77832796	0.7894525462	0.7454346703	0.7334284731
0.5970089495	0.7905534297	0.7556886459	0.7362462184	0.7620931322	0.7644182524
0.6319831207	0.7203913359	0.7168820879	0.6925005683	0.7374333876	0.789693781
0.7739719156	0.7535743794	0.7240289288	0.7821557344	0.757367683	0.7837338889
0.6401658386	0.6416833548	0.7515248938	0.7194442199	0.8071263444	0.7654599482
0.6070168808	0.7204728121	0.7653122868	0.7742019191	0.7556997782	0.7591059808
0.7237105444	0.6360112895	0.7574002675	0.7489958892	0.7002584615	0.7600772424
0.7139909886	0.706108162	0.7328945643	0.7478497628	0.7516791097	0.7782579055
0.71569161	0.7265743043	0.7790886801	0.7408867259	0.7889196401	0.7444998324
0.6037606838	0.7384071826	0.7628749101	0.7180233007	0.749983093	0.7690472995
0.5690022676	0.7097911146	0.7090728204	0.796025521	0.7401805998	0.746788369
0.6108198759	0.780264883	0.7564988163	0.7343163234	0.7197202917	0.7856545086
0.664048682	0.7387042262	0.726097157	0.6740185501	0.7052537651	0.7882980435
0.7253900935	0.727327629	0.7431919905	0.7459746796	0.7706723369	0.7803629903
0.6232459114	0.6706232962	0.7323724408	0.730090209	0.7106642875	0.7378120352
0.6884667165	0.7299679678	0.7504147885	0.7514982307	0.7304934301	0.7837498137
0.6799479167	0.7610409651	0.7369711989	0.7236120999	0.7532937846	0.7954369446
0.7383471907	0.737599341	0.7741327625	0.7496353338	0.7705134583	0.7539563426
0.6699861082	0.7419935263	0.7777751031	0.7037890785	0.7588373797	0.7454151821
0.6457330703	0.7612875869	0.7420943764	0.8156417223	0.7545007405	0.7867782952
0.6677636731	0.7516646059	0.7708566371	0.6862558432	0.7409794981	0.7457026358
0.6082208425	0.7164420351	0.8010288835	0.7475774753	0.6785755388	0.7717828411
0.6683584892	0.7780369095	0.7160540286	0.7572865584	0.765705512	0.7806268214
0.5121753247	0.7267886233	0.8173113712	0.7957172438	0.7432358421	0.7540081963
0.62890625	0.7516042495	0.7460848465	0.7615600434	0.757740505	0.77467276
0.7508683559	0.7201983073	0.7017127133	0.7547872181	0.730984035	0.7689626187
0.6468645217	0.7953946332	0.7353438117	0.7462701777	0.7047890723	0.7969949522
0.4225809087	0.7292167965	0.7756334438	0.7216132904	0.7582955052	0.7997392444
0.7319642636	0.7068912344	0.7549996211	0.7698173237	0.7531835436	0.7555152761
0.6328202948	0.6207397939	0.7284768087	0.6970930383	0.7596777204	0.7600152493
0.5420007612	0.7001798115	0.7781615463	0.778021217	0.7558393061	0.7464297608
0.7208499858	0.7619938277	0.78157853	0.7244930186	0.7582819308	0.7521615216
0.5484481408	0.70315532	0.7337131202	0.7264036234	0.748186242	0.7445764227
0.6304179337	0.7358008552	0.7154694106	0.7615270552	0.7770271868	0.7708439173
0.5783419877	0.7370098475	0.7932652881	0.7551309054	0.713792173	0.7503057138
0.5567866535	0.6734033553	0.7232497624	0.7422232432	0.7309575828	0.7581743695
0.61410404	0.7443978025	0.7144020191	0.763271874	0.7567283006	0.7547010685
0.6246512369	0.7091295615	0.75597951	0.7800542834	0.756290708	0.7713211204
0.4827132644	0.7091577349	0.7642377738	0.8054388807	0.735596035	0.7582658378
0.7448546477	0.7135776792	0.7893608765	0.7713362343	0.6828634702	0.7555017201
0.5704615611	0.7152514768	0.7521040368	0.7300202263	0.7753740762	0.7659718147
0.6117028271	0.6403892219	0.7258072716	0.7784995601	0.7704671608	0.7327523119
0.633730924	0.6476353306	0.7588003608	0.7705965294	0.7421004876	0.755357458
0.6018471606	0.7046233657	0.76692755	0.7593406932	0.7158930606	0.7398205321
0.6580689228	0.7399152235	0.737880206	0.7147303302	0.7566378628	0.7714794582
0.6784580499	0.7571807855	0.7272323622	0.7349611545	0.7404766031	0.7343605889
0.7270521542	0.6963869742	0.7853516205	0.7489668374	0.8074048016	0.8036580379
0.7234029707	0.6727196472	0.7311744808	0.7319644909	0.7497994893	0.7566582169
0.6750420354	0.6853765551	0.7921455633	0.749292884	0.7804062973	0.7519297991
0.6373536706	0.6413949581	0.7509510724	0.71487689	0.7071106009	0.7665090006
0.7522395833	0.6992671376	0.7221043035	0.7464915287	0.7649934448	0.7873675776
0.6879776275	0.6878404134	0.8206396462	0.7559366344	0.7650076086	0.7523841932
0.6733531746	0.6919834466	0.7163301263	0.7382873558	0.7072507791	0.7814549427
0.7704513889	0.7509503415	0.7183089382	0.731514176	0.8039817915	0.7629391808
0.5512728267	0.6985380329	0.72256117	0.7761683781	0.758910574	0.7566752116
0.7473373236	0.7888231643	0.6817186272	0.7510188366	0.761016437	0.7681221989
0.6383131378	0.7336955119	0.7837902734	0.7335493568	0.74898806	0.7350986039
0.5150246548	0.7237981158	0.743729661	0.7528464041	0.7871765463	0.7587546653
0.6444672208	0.7309365298	0.716831288	0.7611800335	0.7343556464	0.737160581
0.7387038222	0.7536786069	0.7383955347	0.7425040577	0.7537934073	0.7846627373
0.7818537809	0.7070030792	0.7381786975	0.6939100411	0.7400342365	0.7760510157
0.6665961409	0.7299570705	0.7097385628	0.733334106	0.7759760604	0.7710402143
0.6107111892	0.7982715202	0.7833302492	0.7518180408	0.73497561	0.749133782
0.6721107599	0.6640719467	0.6989253892	0.7557609918	0.7693093004	0.7474200272
0.4999260355	0.6729061746	0.7385924345	0.7720904505	0.7472867484	0.799981491
0.615265377	0.6381656856	0.7198683679	0.7304138973	0.7601424301	0.7854867699
0.7473273134	0.7241722535	0.6686665033	0.7421147681	0.7465008479	0.7818383801
0.6609337357	0.7227236217	0.742754591	0.7750005977	0.7283747936	0.7788917285
0.6615104954	0.7018808615	0.7397441225	0.7725036628	0.7672924892	0.7727316009
0.7407805414	0.7266488541	0.7718425612	0.7800263228	0.7165491184	0.7684017256
0.6029672091	0.7343301813	0.8067571874	0.753785926	0.7238497814	0.7414043288
0.7504679387	0.7262813361	0.7298904716	0.7438693601	0.7528839911	0.7980077419
0.6567619316	0.7780416094	0.7267542989	0.7994427636	0.7478255953	0.7416388245
0.722244898	0.7141811933	0.768509511	0.7592367555	0.7810538437	0.7794831158
0.7533029719	0.6729079848	0.7440760031	0.7747840352	0.7679299784	0.729962259
0.6353746244	0.7958158148	0.7338291509	0.7405919609	0.7589891682	0.7659036337
0.609981098	0.7620739965	0.7264973616	0.7077726089	0.7490879011	0.7553784574
0.7545890543	0.7030542949	0.7597251132	0.7716783934	0.793216936	0.7366386814
0.6995861457	0.6874163472	0.7248838421	0.738789659	0.7336093956	0.7885289062
0.8081019853	0.7733763456	0.7064153207	0.7615100535	0.7747890004	0.7436889985
0.7361477777	0.6880647778	0.7455500318	0.8038869873	0.7438700141	0.7473670448
0.6106334447	0.7436588445	0.701801574	0.7314711885	0.7884028838	0.7631912057
0.7014508929	0.7220775909	0.7085483912	0.7579379908	0.7718764853	0.7536580324
0.7441961534	0.6819784105	0.7037176289	0.7764563311	0.7740535472	0.7678748234
0.6419501134	0.7551796406	0.6205562752	0.7641493122	0.7768314583	0.7786891857
0.564294998	0.7472843605	0.7449662349	0.7171857062	0.7744642746	0.7612784358
0.7536640539	0.5679329208	0.7657784915	0.7712451682	0.725647415	0.8014432715
0.7134920635	0.7244079364	0.7287798534	0.7661057226	0.7410716798	0.7591323434
0.6742831487	0.7434420634	0.7415745408	0.7375677217	0.7432183277	0.7742926995
0.7054832766	0.7675488615	0.7708256612	0.7003640734	0.7126647316	0.7432233473
0.6629904719	0.6245071252	0.7745673019	0.7308098685	0.7422648761	0.808761258
0.4970183062	0.7986185453	0.7255775587	0.7216506014	0.719539849	0.7794109131
0.5894444444	0.7576573647	0.7137338897	0.7218062314	0.7923154783	0.7598895383
0.7052132706	0.779718756	0.7481688099	0.761624382	0.7366577545	0.7567317733
0.7788943464	0.7203509204	0.7419112285	0.7407583499	0.7413066204	0.7615324894
0.6188647372	0.7326823524	0.7571571203	0.6899133539	0.7345301326	0.7502076765
0.5703147768	0.751846757	0.7748293286	0.7553792091	0.7204829716	0.7623017461
0.7449858119	0.7398988487	0.7985198628	0.7720157547	0.7581384954	0.7580927636
0.6321747449	0.6677668527	0.7454199294	0.7477725651	0.7742668595	0.7490747125
0.6454787797	0.7309255913	0.6938742612	0.7168359473	0.7217953454	0.7358258024
0.6711165399	0.7498273826	0.7913691368	0.733673244	0.7159452181	0.7672860244
0.6712674974	0.7428611666	0.6792565636	0.7902193697	0.733124089	0.7640707172
0.6961250433	0.7555899663	0.7203021549	0.7249559975	0.7695599615	0.7505077219
0.595	0.6226608097	0.7374419867	0.7730754141	0.7482925378	0.8081970083
0.7074131944	0.6808271747	0.7682176764	0.777577937	0.7251901345	0.7405658584
0.570330373	0.7670689421	0.7134205061	0.7763610689	0.7452148273	0.7701961056
0.5905654175	0.7074084404	0.7616096761	0.7022840942	0.7710876195	0.7775168911
0.6759474206	0.7376356713	0.7361796696	0.7146897355	0.7079919177	0.765099964
0.6416015368	0.777941407	0.7875384884	0.7669806101	0.7398567576	0.7373258341
0.6697231468	0.7772801025	0.7948025616	0.7529213383	0.7356518539	0.7629361448
0.5869423899	0.6483923048	0.7521911756	0.739785858	0.7580227929	0.7620818367
0.6507390334	0.6456594122	0.7859803036	0.7661547148	0.7569432253	0.754763814
0.6492881944	0.7284954651	0.7663686934	0.7961089093	0.7881062786	0.7654731456
0.7733242623	0.7333419374	0.6629647763	0.762106906	0.7359691291	0.7285823333
0.7255729167	0.750791953	0.7531082273	0.7028004777	0.7904616246	0.7679005855
0.6443243193	0.7584169139	0.7610837709	0.6878801024	0.7781174122	0.7633691992
0.6255970159	0.7764429691	0.7754142566	0.7432464844	0.7205123649	0.7367009674
0.6552641197	0.6851215811	0.7154343759	0.7833703722	0.7889348527	0.8016231527
0.7682536631	0.6965096173	0.768734261	0.7344122934	0.7852434399	0.7606348235
0.5404602235	0.7355146463	0.7382235159	0.745252138	0.7785058057	0.7231774093
0.6369444444	0.7669216787	0.7337190599	0.7528848698	0.7811248217	0.7880281557
0.6908842941	0.703371225	0.727275867	0.7638740562	0.7624256181	0.7770133186
0.6651247166	0.7389937642	0.744342	0.752101249	0.7808875389	0.7413427691
0.6387981859	0.655828334	0.6968153733	0.7869771035	0.7027105585	0.7586799744
0.5177083333	0.7551579946	0.7910796445	0.7725993522	0.7793871327	0.7782479528
0.5522930803	0.7292378146	0.6845150018	0.7511870035	0.8021810953	0.7923760733
0.7801873504	0.8018173557	0.7112142732	0.7192449206	0.7689984015	0.7591522148
0.6321889885	0.7268064212	0.7715525326	0.7458480821	0.7464259721	0.7386083631
0.6720632237	0.7006696093	0.7595015219	0.7849478277	0.7587335291	0.739065762
0.7682150495	0.7363133009	0.7473797662	0.7615872118	0.7507770113	0.7855296089
0.7290869364	0.710665322	0.722802366	0.7386878675	0.7564489633	0.745198268
0.7612404337	0.7737755938	0.7575493381	0.6363571549	0.7604605724	0.77029577
0.80580964	0.6403303357	0.7609539024	0.7572749566	0.7602748199	0.737674702
0.7297621016	0.7353846226	0.7902975254	0.7460016548	0.730526308	0.7677846747
0.6885480812	0.7236551786	0.7490201175	0.7219786619	0.7417906113	0.7703722228
0.6710044779	0.6797874695	0.7285110069	0.7371018995	0.7950774198	0.7686343653
0.515315347	0.650370705	0.7532475778	0.7907044792	0.7800406944	0.7156777658
0.695046038	0.7260039328	0.7583611927	0.7937053674	0.7850601648	0.7289168603
0.6614657298	0.7395709291	0.71887933	0.771052191	0.802056461	0.7578777915
0.7090837648	0.7872834495	0.6429153599	0.7770320161	0.757556324	0.7726754074
0.6724036281	0.710239325	0.7449675009	0.7562851405	0.8159852244	0.7763898696
0.6581456286	0.7183088816	0.7746254489	0.7389541434	0.7572926311	0.7903246559
0.7368556887	0.6957487934	0.7513007094	0.7483192306	0.6844448188	0.7390510208
0.6292517007	0.709909242	0.7303251735	0.7553538193	0.7437091555	0.7736049627
0.590714203	0.6995279855	0.730092419	0.7913587675	0.7656468005	0.7793834253
0.7290453436	0.7577790393	0.7541493101	0.7481193545	0.7593685892	0.7415966452
0.5676903559	0.7313546523	0.7611582776	0.7611536879	0.7232005003	0.7491528961
0.7182701244	0.7070641837	0.6776627573	0.7534009797	0.7278603077	0.7737348639
0.5905045351	0.7331515047	0.7642388815	0.7068287021	0.7441899395	0.7994078604
0.62921762	0.7900407908	0.7810441221	0.7412000018	0.7600426741	0.7634150169
0.7804102989	0.6068684558	0.7433809009	0.7260479557	0.7840814521	0.7784640845
0.6663701168	0.7575465569	0.8055256591	0.7311342233	0.7740046354	0.7934427603
0.686760355	0.7514247573	0.7805414226	0.7545352497	0.7259147428	0.7630375925
0.540438856	0.7005234385	0.7726786068	0.7804846566	0.7464859879	0.7527832512
0.7219043171	0.7219815758	0.7622332376	0.7452127763	0.7852003962	0.760370615
0.5322713218	0.7146025395	0.7387593764	0.7504199295	0.7653051187	0.7591180116
0.5668027211	0.6838177085	0.7302584064	0.7588522195	0.7914067151	0.7859642523
0.6541685745	0.6326605284	0.7432240037	0.7416297847	0.7785974289	0.795714694
0.5841236663	0.7915256814	0.762207708	0.7709494132	0.7534761791	0.7391667864
0.700935752	0.7546425435	0.7502298115	0.7036508327	0.7702479949	0.7907882879
0.6477487161	0.7329879967	0.7619428527	0.7392011065	0.7485962261	0.8109040337
0.7466843034	0.6614335317	0.7568570388	0.743865155	0.7530529934	0.7783361315
0.5482369206	0.6922575305	0.7257680791	0.7628408104	0.7698499298	0.7475800035
0.551322888	0.7230638623	0.7292155787	0.7544124452	0.752098409	0.7571506136
0.6940203373	0.7127545524	0.7800711171	0.7166551212	0.7840611679	0.7888676791
0.721864073	0.7379887485	0.8023029804	0.7729527969	0.735042747	0.7929774996
0.8078823441	0.7771392273	0.7060874039	0.6968958156	0.7926835466	0.7664035317
0.7630505094	0.6822266779	0.7224427118	0.758270313	0.6857682181	0.7685576858
0.6804138322	0.7519854332	0.7468420406	0.7691192816	0.7407616392	0.7686977073
0.6527891156	0.6697230249	0.7657741569	0.7656944681	0.6976409044	0.7373037812
0.651604105	0.7657834553	0.7332955688	0.7574724434	0.7467376153	0.7455543778
0.5129031652	0.820537563	0.6636670429	0.7287489764	0.723995517	0.7645307002
0.6347183593	0.7726010402	0.7818514905	0.7420632505	0.7601736027	0.7733994444
0.67111648	0.677199622	0.78098758	0.7818761742	0.7197694591	0.741096646
0.5550811209	0.7257500063	0.7721090812	0.775559792	0.743685038	0.7657291959
0.7118144133	0.771527743	0.6847462476	0.7050107942	0.786000072	0.7501740467
0.5766721013	0.7755108019	0.780924156	0.7841963355	0.803098867	0.7836453358
0.7075654854	0.6675570437	0.724795038	0.7562806679	0.7545318629	0.7643528108
0.6282465278	0.7252044359	0.7371998194	0.7520767893	0.7832211386	0.7723493977
0.6020019053	0.7819873062	0.6866594948	0.7661123586	0.751975932	0.7865307703
0.6965876426	0.7156555637	0.7073365571	0.7065537097	0.7727484765	0.7463875653
0.6937392752	0.6955856976	0.7361482743	0.7635621401	0.7309131929	0.771281095
0.6745452255	0.7171686783	0.7517036699	0.6945743242	0.7878177171	0.7750341619
0.6884297934	0.742611831	0.752223788	0.782272947	0.6975832062	0.7775787043
0.5804376484	0.68042186	0.7599396622	0.7769785808	0.7308312091	0.7762336752
0.783303099	0.6369708404	0.7492947236	0.7799626054	0.7015588918	0.7064760388
0.6579218564	0.6659942973	0.6612396042	0.7430149126	0.7221910025	0.741374746
0.6491780045	0.6281337843	0.6925473457	0.68067838	0.7997520881	0.7737915771
0.6231627702	0.7635182544	0.7402185842	0.6986518056	0.7805094781	0.7465803483
0.7768352441	0.7140365155	0.7442142772	0.7244866914	0.7888785389	0.787652015
0.7042410714	0.8011988656	0.7670962435	0.7640059331	0.800329034	0.769955572
0.7178305832	0.7529222093	0.7776263831	0.7407612884	0.7340410369	0.76004934
0.7532442205	0.7161533829	0.7867881605	0.7467859761	0.7725837222	0.7120930593
0.7036667608	0.7254944741	0.7597054042	0.7676918618	0.7337158142	0.7962460569
0.781240929	0.7460128073	0.6926279618	0.7099094597	0.7247965538	0.7422522208
0.6732174524	0.7132539929	0.7308602042	0.754255365	0.766517735	0.7632907357
0.6322647392	0.7486446714	0.7488427111	0.7139926412	0.6952529479	0.7631634782
0.6607142857	0.619801353	0.7753781114	0.7529894645	0.7608368702	0.7597173867
0.7044204963	0.7292402103	0.6638104503	0.6951802528	0.8045565047	0.7687722066
0.7135285707	0.7719706455	0.7624161762	0.7665628144	0.7850675017	0.779952836
0.8071865522	0.7441226366	0.7426079536	0.7441851932	0.7498589965	0.7589258377
0.748589892	0.7615130311	0.7123853268	0.7365825515	0.7748870523	0.7696639689
0.6179749658	0.6348525227	0.7451943841	0.7941220398	0.7832777649	0.761801429
0.7801339286	0.7014438275	0.7641334268	0.7534142125	0.7450594026	0.7870700643
0.656301511	0.71615913	0.7369540108	0.7270690008	0.7882870235	0.7887432076
0.6591082511	0.7272776213	0.7598103875	0.7295748239	0.7317759951	0.7474861934
0.6736501479	0.6945168351	0.7829111266	0.7969012439	0.7651006535	0.7688809771
0.6349595172	0.7105795316	0.6954168789	0.7583286966	0.7426509043	0.7442016932
0.7699470899	0.7264676816	0.7474501836	0.7729087138	0.8153495335	0.7769661357
0.6932252509	0.753355523	0.682555749	0.733052605	0.7432846792	0.7559408303
0.7005673465	0.7070552567	0.7294964558	0.7540954686	0.785632589	0.7918057174
0.573620973	0.7219502117	0.7810352737	0.7520281731	0.7239958845	0.8071118765
0.684284578	0.8370036972	0.691254173	0.7741408596	0.6817809933	0.7746635137
0.7578125	0.7032004567	0.7748005296	0.7413659037	0.8419651574	0.7638373606
0.6882186884	0.7147427017	0.7786066106	0.758408057	0.7472021017	0.7740422682
0.7329861111	0.7175872813	0.7431571867	0.6803917834	0.7751463767	0.7941401283
0.6475643983	0.7486543778	0.7561210041	0.7457046522	0.7319406386	0.7367886902
0.6984270217	0.7285318233	0.7601081611	0.8351795063	0.7072941039	0.773325305
0.7054832766	0.8211908934	0.7864295659	0.7336307288	0.7666756854	0.7427817066
0.6133505917	0.7574505491	0.7284600111	0.7770463461	0.7406303578	0.7728555023
0.6444444444	0.7109346668	0.7711716308	0.694303084	0.7583168411	0.7382379993
0.6437531432	0.7832275754	0.7198176767	0.7180115053	0.7363349172	0.7722052247
0.6150926611	0.7577920213	0.8111437862	0.7612295865	0.7667712624	0.7763752871
0.5109924378	0.5674739848	0.771180996	0.7859124205	0.7775118015	0.7549447034
0.5774621959	0.7208592918	0.7564040538	0.745707346	0.7730688801	0.7680753055
0.6778748362	0.7070550551	0.7558197615	0.781405884	0.7574415899	0.7305023808
0.7385539941	0.6613282821	0.7822742052	0.7822293112	0.7184969088	0.7504690032
0.7051571709	0.6708118977	0.7301854901	0.7191237753	0.7802024096	0.7692058589
0.6493487472	0.7258992507	0.6787456725	0.71984199	0.766511171	0.7781936834
0.6906336532	0.6531155944	0.6996628647	0.7777008548	0.8150208629	0.7990567168
0.7242478168	0.725738597	0.7361791506	0.7229615266	0.736055278	0.7690828143
0.5735592437	0.7195849781	0.7160720827	0.751910561	0.7523225881	0.7614515215
0.5056905313	0.7244862486	0.7011707585	0.7662427591	0.7862775595	0.7640983246
0.6373469388	0.708522357	0.7312797031	0.7781033829	0.8061125433	0.7443285399
0.6619100765	0.7334660564	0.7465808695	0.7243290225	0.7238451962	0.7825607023
0.5540393672	0.7196690274	0.6896961042	0.7242419498	0.7428802017	0.7833612619
0.7277023101	0.7070076468	0.7633487075	0.7441300265	0.7685411691	0.7860575951
0.5958843537	0.7477709123	0.7102634268	0.7286727719	0.7451555087	0.7735544705
0.7247757228	0.6831667297	0.7719173891	0.7449856342	0.7770890231	0.7771204668
0.6442725488	0.720806583	0.7478597849	0.7421269699	0.7679037813	0.7695003961
0.7070698759	0.7258524348	0.7999549968	0.7082537437	0.7412552523	0.7681135063
0.6412698413	0.7454077482	0.7053679586	0.7387112322	0.7633239661	0.7583267524
0.653658884	0.7534866898	0.7515499979	0.741363452	0.7425799664	0.8129416574
0.5922464356	0.7029927204	0.7573288497	0.747900328	0.7222751061	0.7645945447
0.6748956153	0.7420659704	0.7091624813	0.7142152523	0.7351284997	0.7545392954
0.5630681979	0.6815162119	0.7699926329	0.7347105218	0.7325727185	0.7790648048
0.7956034738	0.7280731181	0.7472194221	0.7626619548	0.7664810512	0.7516122081
0.678091716	0.7073533163	0.7177531585	0.7330178864	0.7677367422	0.7270692005
0.4697520193	0.7779782809	0.7632063336	0.784848174	0.7627440264	0.749622667
0.7307094026	0.7001550693	0.7169251096	0.7767841465	0.7364259953	0.7951246004
0.5755636019	0.6874258467	0.6746833902	0.6927177704	0.7561347421	0.7913981931
0.6708787708	0.6565237022	0.7515504425	0.7466019816	0.7896577988	0.7907958209
0.5251044789	0.7795766706	0.7530757511	0.7400226469	0.7454931831	0.7854575627
0.7194988584	0.6991653677	0.7874857586	0.7920346992	0.7608648383	0.7597339402
0.7370421514	0.7255755954	0.6918744105	0.7787060929	0.7739632197	0.7501909857
0.7853791333	0.6633314958	0.7348226616	0.6812178177	0.7526303838	0.752080369
0.5694846972	0.7413154976	0.7441154204	0.7704721176	0.7865873019	0.759869997
0.8290920092	0.6759690041	0.7001133591	0.717337218	0.7815976299	0.775977121
0.6277700884	0.7430444854	0.7502967825	0.7927922548	0.7762953431	0.7499728567
0.6049475084	0.7320600806	0.7802140092	0.7724784089	0.7441528015	0.7736473538
0.6024575162	0.7364317333	0.7886289276	0.7645474152	0.7719731863	0.7224207709
0.6359599395	0.6865156908	0.7292924773	0.7668183365	0.7675898012	0.7826206555
0.6199459811	0.6988208488	0.7319292802	0.719787658	0.7459488982	0.7460611401
0.5571145125	0.7546796686	0.7056572818	0.8015118027	0.7567726556	0.7446416065
0.5362047824	0.6857032655	0.7728371614	0.7677776667	0.7581974738	0.7840610573
0.6463483318	0.6972978518	0.8059005884	0.7657823308	0.7615678837	0.7409103142
0.701875	0.715775529	0.7645777529	0.7568871532	0.772778538	0.7776616731
0.6468297995	0.7545611075	0.7594888225	0.7580591587	0.7649597008	0.733035141
0.5906013277	0.7715846173	0.7156248452	0.7887251298	0.7502434268	0.7831239183
0.6882670986	0.7386705679	0.7995974232	0.7235325848	0.7329023232	0.7591299809
0.6346394419	0.7781867679	0.761497857	0.7286049004	0.7292458383	0.7100501002
0.7644965278	0.7837256678	0.7413638717	0.7637407025	0.7807624216	0.7430772953
0.7227610713	0.7359135842	0.7276856515	0.7584840087	0.7784623858	0.7920191246
0.8345394258	0.7007996967	0.7658879493	0.76433035	0.7721492519	0.7986322739
0.6952608276	0.6460456268	0.7304080111	0.756578606	0.7567926179	0.7648937928
0.6921315193	0.7687083983	0.669122693	0.8033812553	0.7628228696	0.7556865802
0.7006350851	0.7083511277	0.7414054166	0.7650017626	0.7806847488	0.7291450278
0.5647675737	0.7517023501	0.7598924611	0.7691235525	0.7754991665	0.7527364047
0.729055073	0.7020422858	0.7936758692	0.7716629401	0.7797673326	0.7787671625
0.7170238095	0.6844537026	0.7616430622	0.7528088083	0.7915385339	0.7438638388
0.5602969314	0.7693052583	0.7184245701	0.7765561923	0.7803750148	0.7714512709
0.6995972655	0.7589023625	0.7225114798	0.7910495027	0.7725038896	0.788045331
0.6692264521	0.6624657259	0.7530035801	0.6727480228	0.7746971419	0.7663300113
0.63060581	0.7839667789	0.7263007132	0.7549605535	0.7886762994	0.7366349521
0.5475728724	0.6923440136	0.7458833174	0.7889099828	0.8082603991	0.7468857894
0.5732281394	0.7340961931	0.8109079402	0.7646229111	0.7415610202	0.7413626121
0.6779918182	0.7460943632	0.718387731	0.756088332	0.7605382426	0.7639832345
0.5640283983	0.7251664818	0.766012068	0.7774205674	0.7255115223	0.7374348977
0.6990914352	0.7372158275	0.7101302367	0.752068477	0.7142060132	0.8032870498
0.6139465175	0.7537989769	0.7260040611	0.7382634246	0.7367806267	0.7664997831
0.5100173816	0.7732962241	0.7430372315	0.7436035611	0.7714662312	0.7942600833
0.6895238095	0.7640422253	0.7291036113	0.7250509866	0.7236204977	0.7790131878
0.6481754397	0.7690486304	0.7227242128	0.7391414658	0.745520164	0.8016937134
0.6828710972	0.6567559497	0.7164055519	0.7553671844	0.7451118811	0.7534687074
0.6212748875	0.7337396833	0.7535433988	0.74449234	0.7879428018	0.7389136432
0.8015369111	0.7441457437	0.7449300485	0.723754989	0.7438923501	0.7528069048
0.7708383453	0.6974939733	0.7241576518	0.7000900636	0.7435345034	0.7684822993
0.7579365079	0.7323350265	0.7192510708	0.7846973547	0.7358625133	0.7294470565
0.7391814596	0.7291257728	0.7329822154	0.7802020931	0.751587549	0.7553961191
0.7254650255	0.7228854639	0.8053791911	0.7304667153	0.7736773321	0.7680257902
0.6273953786	0.775483692	0.7966852376	0.7166250193	0.782835301	0.7457878553
0.6712819444	0.6619772169	0.6895825205	0.7128006847	0.7623427098	0.7556053171
0.6108630869	0.7680079551	0.7317806068	0.7557383429	0.7528846072	0.7744847618
0.6983641496	0.7267786624	0.7389692904	0.7658232177	0.8083207475	0.7672807833
0.7650887346	0.7169251822	0.7480187455	0.7601645543	0.7693592971	0.7723944189
0.7272410141	0.6582558503	0.743804062	0.7036310945	0.735817399	0.7557156092
0.789076599	0.6697572096	0.7759415008	0.7977951296	0.7507129961	0.7594379469
0.6251897066	0.7417813787	0.7343971684	0.7551503348	0.748068492	0.7248578462
0.8266666667	0.6740843366	0.6910096608	0.7071067926	0.7416781873	0.7912097698
0.6341822944	0.7688379965	0.6996746311	0.7476471277	0.7725695141	0.783963049
0.7100149901	0.7948050162	0.7597470008	0.7828133628	0.7438026444	0.7372305693
0.6914538082	0.6793636481	0.7892747997	0.7149517105	0.7723980917	0.757869693
0.6629869024	0.7846992441	0.7227987547	0.74608523	0.7375902967	0.8148419778
0.6734223101	0.6367368774	0.7167293942	0.7481252357	0.7998049977	0.7536551232
0.7347172619	0.6895834083	0.6772544448	0.734783959	0.7108673365	0.7729721608
0.5996055227	0.7722528812	0.7196927492	0.7244445122	0.743176241	0.791674198
0.6477322027	0.7769669655	0.7699563734	0.7404470242	0.7299970749	0.761061662
0.7457829676	0.702136563	0.7278276961	0.7509847074	0.7139836803	0.7542009199
0.6173646542	0.7677917926	0.7718738888	0.7599474968	0.8050727145	0.7690293839
0.6772693452	0.7465641031	0.7415184345	0.7865198651	0.7361949318	0.787292803
0.5897551729	0.6838834652	0.6931394846	0.7758740068	0.7175719919	0.7786941898
0.6300382114	0.7390476314	0.7613993296	0.7934962737	0.756568964	0.7260041774
0.7071638067	0.7395331837	0.7486738118	0.7946425458	0.7452597838	0.8040945871
0.6544202278	0.6657125214	0.7952162412	0.7782243828	0.7119464723	0.7696175898
0.6297741929	0.7704472947	0.8003802179	0.726839126	0.7721023213	0.749790247
0.785310571	0.7212572399	0.7102096424	0.7123053984	0.7776647777	0.7349898841
0.6689215565	0.6829731972	0.7920030764	0.7890169847	0.7987773416	0.7719530315
0.6209796187	0.7454697981	0.7238992122	0.8097680089	0.7277212455	0.7550652595
0.6990281887	0.8044623963	0.6655100529	0.7665446222	0.7660665914	0.749946984
0.7009725765	0.7231499197	0.773415693	0.7452873844	0.7613055701	0.7895199839
0.6165759637	0.7773796881	0.8071690228	0.7730693855	0.7645621885	0.7500720561
0.7691196706	0.7451470911	0.7348859407	0.7642692674	0.733322928	0.7225730322
0.6006461408	0.7271882086	0.742553113	0.7246606935	0.8024338752	0.7851353029
0.771838261	0.6995216475	0.7798420987	0.789529059	0.8076825119	0.714158649
0.5839616793	0.6934042857	0.7229574465	0.7710006453	0.8053036218	0.7709439857
0.7908613631	0.7374861709	0.7379411404	0.7780872061	0.752708168	0.7696673747
0.5790968535	0.8296449113	0.7856262916	0.7832698341	0.7141105837	0.7641210189
0.7099808673	0.6196146323	0.7216194185	0.7689040539	0.6861078522	0.748476353
0.5912813343	0.7220255449	0.7003380241	0.7789366485	0.794674142	0.7300406109