0.6506249809	0.6466875217	0.7729637526	0.7649571948	0.7836676379	0.7484280237
0.6232823129	0.6738742871	0.723035253	0.7789653792	0.7434257071	0.7496746227
0.7049691778	0.730473434	0.712847713	0.7652247321	0.774690099	0.7882306583
0.721921575	0.689591394	0.8077075346	0.6875242653	0.7704309022	0.7919844789
0.5573417221	0.7326983116	0.7445545799	0.7183300558	0.7747263624	0.772919652
0.6282274014	0.6772305914	0.7174728862	0.6851629445	0.7288828055	0.7718171918
0.6123958459	0.7902307934	0.7089791558	0.7211694426	0.7505953507	0.7138543728
0.7267290249	0.7174197443	0.7391745809	0.7252225974	0.8078314849	0.7818523657
0.6664895125	0.7410876909	0.6724027546	0.7396577763	0.7130233475	0.7621979483
0.7182905983	0.6951353938	0.7658225183	0.776019516	0.7986220535	0.7677983552
0.7573341837	0.7846682108	0.8006523619	0.7636927719	0.7210297656	0.7730378139
0.6765472463	0.7057349047	0.7652337913	0.8049639442	0.7743780345	0.7561159089
0.6029612508	0.729308747	0.7143845434	0.7507828569	0.7459788222	0.7800620412
0.5521548859	0.781921651	0.7385896377	0.7781481046	0.7507506834	0.7408590286
0.6063949156	0.7413592772	0.75039082	0.7282182304	0.7643964563	0.742531738
0.8218779102	0.7386709457	0.7158089556	0.7499953778	0.7506591929	0.761138378
0.5853173843	0.7450610036	0.7153148867	0.7661265075	0.8045678233	0.7728997945
0.6169920434	0.8015487274	0.7709543183	0.7495486712	0.7713739211	0.7652818583
0.6806947633	0.7629852391	0.7922744501	0.7384144955	0.756712548	0.7777378331
0.665600907	0.7578155541	0.7493085592	0.7819670691	0.7887352615	0.7763540579
0.6455703485	0.7536774326	0.7787028635	0.813745917	0.772048037	0.7524623666
0.8136130334	0.7326051739	0.7431835462	0.7343648455	0.7617879709	0.7810400014
0.7245407892	0.7407587576	0.7433630158	0.7427788576	0.8166824485	0.775260879
0.6265664662	0.6773100469	0.7711019381	0.7705355536	0.8042527169	0.7726418808
0.623731098	0.7622436377	0.7507096652	0.734993855	0.7581928532	0.7666584311
0.7359183673	0.7019954649	0.697426892	0.7344016025	0.7396509257	0.8039264433
0.6633683187	0.7734919889	0.7579053246	0.7595257555	0.7774377134	0.7618426889
0.7037344524	0.7607137574	0.7664621137	0.7523870264	0.8183341621	0.7649491465
0.612244898	0.6773311059	0.7426377655	0.7009867223	0.7437283819	0.7431347756
0.6540698159	0.7174936654	0.7228180872	0.7421249382	0.7656819599	0.7914956173
0.6556419628	0.8384436361	0.7758289214	0.7882573145	0.7583726691	0.7075937176
0.674156436	0.7469812483	0.7087923093	0.7580186589	0.7550331754	0.7604039634
0.7569252685	0.6980003209	0.7298989624	0.7968002996	0.7707041274	0.7471581486
0.6745874036	0.7834053467	0.7715747305	0.7218680931	0.7035696981	0.7716231166
0.783968254	0.7750020787	0.7907070884	0.7841338971	0.7687918585	0.7713363157
0.6331256228	0.7804595764	0.7495533597	0.7894625944	0.760316358	0.7938895765
0.577182047	0.7622058987	0.7768433357	0.7272451664	0.8083400873	0.775126055
0.6831193035	0.7510561185	0.7065640422	0.759260362	0.7404641425	0.7611845445
0.6557095413	0.6966707895	0.7769571359	0.7838948563	0.7744853674	0.749759613
0.6547353379	0.7047456596	0.7484956598	0.7160833319	0.786219717	0.7557988704
0.6617655187	0.7527660265	0.7282160585	0.767438008	0.7270600718	0.7862970509
0.6456382191	0.7665955508	0.7029934798	0.760685594	0.7639251915	0.7780181409
0.682148	0.6957507012	0.7153529845	0.720301774	0.756605054	0.772689347
0.6904345797	0.7410943221	0.7471379058	0.7812742234	0.7254531026	0.7676849787
0.7218538151	0.7821338731	0.7488967074	0.7790277091	0.7124489118	0.760831032
0.6702004016	0.6987910058	0.7373090409	0.7721917407	0.783060589	0.7546673667
0.7321410035	0.7044878486	0.7807758282	0.7411500493	0.740732909	0.7498994
0.6836156869	0.7471551379	0.7665646127	0.7216603223	0.7226534356	0.7968084602
0.7502834246	0.7239581636	0.698897094	0.7750642364	0.7606382166	0.7602224875
0.6374829932	0.7012204698	0.7648938607	0.777481998	0.7123598573	0.7697204363
0.6711542528	0.7397872439	0.6914794295	0.7771002721	0.7536846387	0.7444051476
0.6602077903	0.7062913776	0.6907200393	0.765326557	0.7460020365	0.7958841875
0.59734375	0.7560770909	0.754905837	0.7163499604	0.7366903363	0.7557518203
0.7440639172	0.6981834139	0.7202873504	0.7117167679	0.7368748004	0.800088655
0.6686041824	0.69851275	0.6776197849	0.7720290783	0.7913322077	0.741308726
0.7324805843	0.6924803789	0.742653548	0.7835907121	0.693431978	0.7672763705
0.5750509533	0.7339930605	0.7357326968	0.7322641296	0.8113352993	0.7742997729
0.5869543064	0.7120831272	0.7763898779	0.7460956748	0.7717575887	0.7801351302
0.7250733234	0.7361263078	0.7413309357	0.7787293021	0.7557248394	0.7296601823
0.7139707735	0.8046273657	0.782610639	0.8337383131	0.7960797115	0.7755701942
0.6249468537	0.7248356874	0.7987250708	0.7501309047	0.687035158	0.7664421653
0.5752085553	0.7539043448	0.6788539743	0.742051666	0.7919802356	0.7757420717
0.713042506	0.7387179548	0.7686637246	0.7544759443	0.7322972298	0.8016456767
0.761066232	0.6789773153	0.6929945348	0.7981229867	0.7799058039	0.7742300215
0.7908403018	0.7713476441	0.7061097082	0.7880867997	0.7213715565	0.7475460878
0.7534389551	0.7788110342	0.7332581879	0.7886132817	0.7590386774	0.776750377
0.8124747414	0.7058543566	0.7289931089	0.7850593525	0.6936931335	0.7814506068
0.7873874087	0.738716361	0.7498991063	0.7485721452	0.7341014415	0.7681828022
0.6660353139	0.7410955092	0.7850762842	0.7800650278	0.8061340302	0.7810004887
0.5624870562	0.6732915171	0.7271730951	0.7653570466	0.7633591695	0.7357059926
0.6606180564	0.7320874781	0.654229036	0.7796504641	0.7638448272	0.7595103876
0.5937537737	0.6958182848	0.703946264	0.7409061908	0.7315712158	0.7979265023
0.7988788108	0.7032383198	0.6865663839	0.7550578414	0.7848840126	0.8019817151
0.6529029003	0.8203079645	0.6611842997	0.7467336677	0.7382262759	0.7899151754
0.6260759759	0.6979941542	0.7781467077	0.7145462551	0.7811539559	0.7591679303
0.7479188089	0.746786799	0.7541337169	0.7531367921	0.7976012524	0.770687374
0.698385771	0.7200507526	0.7274432949	0.7149029838	0.766274511	0.788356129
0.7131087803	0.6345351981	0.7255094838	0.745460358	0.7666561005	0.7893574115
0.7203731433	0.7009996345	0.739007054	0.7430011974	0.7598234179	0.7732713528
0.7084075997	0.6685360458	0.6869023807	0.802089827	0.7359612476	0.7659756382
0.7069792679	0.7994579836	0.7041783329	0.7769854726	0.8205235323	0.7744109435
0.7022030545	0.7482029007	0.7162774806	0.7408299674	0.7817822749	0.7894836776
0.6055956696	0.7013935295	0.7843812414	0.7763566525	0.7857296567	0.762583574
0.7019855358	0.6663577098	0.7335634625	0.7544686015	0.7836886824	0.782821719
0.5454395793	0.6462620319	0.7396015856	0.828247818	0.800548908	0.7822993187
0.6217004611	0.8086999757	0.7818728094	0.752009302	0.7639649809	0.7432892051
0.7196413178	0.6326857156	0.748794703	0.8079179476	0.7746557902	0.75566583
0.7648446634	0.7166318107	0.6971330942	0.7640019403	0.7421181604	0.7412877525
0.7259698193	0.7523284351	0.7113369417	0.799895879	0.7361853981	0.7504897548
0.5461185579	0.775723559	0.707234748	0.762408315	0.7870024338	0.7653238449
0.6607142857	0.7374775424	0.7540400158	0.7270610477	0.7228091145	0.7854258674
0.6836885865	0.7361329594	0.779030092	0.8187858733	0.7895677608	0.7769802386
0.7456864316	0.6686565847	0.6975924655	0.7287929182	0.7990570299	0.7959024588
0.6731481516	0.7632295131	0.7797162222	0.7299401376	0.7569638187	0.783358494
0.7525707799	0.6990089094	0.7296197285	0.8108757586	0.7199718305	0.763444426
0.7191160006	0.7731748839	0.7340733952	0.7766169921	0.7332078774	0.7906599195
0.6473274972	0.7573489905	0.7296051187	0.7602056009	0.7687671044	0.7456704434
0.5752380952	0.7623465227	0.7416176304	0.7853473916	0.7708999939	0.7532708379
0.7119894185	0.8017833621	0.7265980206	0.7947241929	0.7671621181	0.7654108763
0.6619327523	0.6675340037	0.738590868	0.790901766	0.7864792468	0.7340771498
0.5838674313	0.7665899077	0.7311188043	0.795799004	0.787755993	0.7952461861
0.6578695243	0.6660230872	0.6929293491	0.7645012144	0.7346713423	0.7539337536
0.8213746382	0.7543095443	0.7725549687	0.7895889214	0.7664771239	0.7916212369
0.6012841059	0.7400426016	0.7896689182	0.7625331435	0.7659415403	0.7692422663
0.6468298037	0.6418598648	0.7235437767	0.7828206612	0.7731856801	0.7608334347
0.6762210683	0.7709231134	0.7949598508	0.7792126728	0.7437978645	0.7693956695
0.6544492727	0.6712338396	0.7787299243	0.7713889754	0.8307715073	0.7727959617
0.5895836483	0.7611238984	0.7273201746	0.742965068	0.7959273143	0.8029533769
0.5633503401	0.7608143154	0.7671076101	0.7870946957	0.7816992949	0.7726967075
0.5787414735	0.6901002852	0.6956637889	0.7731502169	0.7480507441	0.7910642146
0.7335655416	0.7249943537	0.7119756855	0.7176950436	0.7506546022	0.7988364748
0.7240430843	0.7698900132	0.7232990839	0.7539413302	0.7600151008	0.7529328266
0.6410558306	0.7388278042	0.7899380829	0.745487397	0.7833111573	0.7510404391
0.6540412415	0.6834293073	0.7858219801	0.7803273752	0.7866476901	0.7790675214
0.6066921867	0.6299785023	0.7417840957	0.7629709002	0.7786515934	0.7714196556
0.6918157535	0.7168360145	0.7028435474	0.7033443388	0.7681843285	0.7821792742
0.6592361757	0.6943985101	0.7637277839	0.7653817589	0.7592663016	0.7565760205
0.6861536281	0.7190154209	0.7905130667	0.7545726023	0.7678505912	0.760201571
0.7245337302	0.7561167024	0.7551291624	0.8020863825	0.7860512284	0.7503535432
0.752373008	0.7345899913	0.719262379	0.7038221832	0.8077161214	0.7456749323
0.731580576	0.798714877	0.7187729618	0.7330090233	0.7718835525	0.802617449
0.6847693773	0.7386344245	0.7389236472	0.7726582301	0.7671477418	0.7799600424
0.6740348052	0.7125317977	0.7108350965	0.7282258863	0.7490768117	0.7686432687
0.7712647929	0.7682557902	0.7939294468	0.7736572499	0.7883879746	0.7598244678
0.6451593145	0.6624673364	0.7762429932	0.7088229645	0.7520435991	0.7371720693
0.6472399942	0.7385507831	0.7284017243	0.7830158928	0.7488250771	0.768701603
0.7431806156	0.7287488066	0.8007172646	0.6959565361	0.7613354641	0.7883133471
0.7087915951	0.7193463445	0.7121337189	0.7671781157	0.7993902177	0.7766570284
0.6926105108	0.6478173694	0.7722483823	0.7755378326	0.759768295	0.7603155004
0.6662853098	0.7030489067	0.7968888208	0.7463833384	0.7330411661	0.7502087333
0.6475029854	0.695248861	0.7457985083	0.7730068732	0.7499950142	0.7419159607
0.6771919173	0.7102288215	0.7475546234	0.797763651	0.7978553655	0.7545144048
0.7259207617	0.7047772743	0.7719611567	0.7997751531	0.7907467138	0.771694856
0.6260957878	0.7628689264	0.7309564283	0.7379131424	0.7717127322	0.7660223416
0.7562475971	0.7273283622	0.7438438678	0.7421083753	0.6952261389	0.746753482
0.5399816426	0.7384035897	0.6706085556	0.7311400187	0.7538717621	0.7352844289
0.7184802231	0.654896542	0.70584647	0.6890250607	0.7486008708	0.7687620046
0.6397569444	0.7438898007	0.7710184148	0.7659062501	0.7833266067	0.7728258599
0.6538871521	0.6376952396	0.7654596681	0.8056122593	0.741463348	0.7777898481
0.647484641	0.7090542824	0.7307434788	0.7552811048	0.7679601323	0.7544142671
0.5640679719	0.7202009952	0.7431166016	0.7938410462	0.7464756411	0.7968419756
0.7389406573	0.7945037239	0.66734944	0.7364959077	0.7424290135	0.7568852323
0.7100683815	0.6981690024	0.7667931691	0.7621925697	0.759622367	0.7700641813
0.6183114791	0.6820642038	0.7688223116	0.7568672919	0.7374147714	0.7612717481
0.774752875	0.7199941763	0.7390018317	0.7293175452	0.7604465721	0.7627738071
0.8375086505	0.7961285913	0.8033424128	0.7890973416	0.6999390999	0.7320952279
0.7291908812	0.5646658872	0.8561844457	0.7253795162	0.7728087306	0.7338811289
0.7776975714	0.6643598533	0.7073183672	0.757193612	0.7633426712	0.7569221664
0.6555559099	0.7414425428	0.6705304198	0.8149015352	0.7324447586	0.7533697954
0.6990735565	0.710200877	0.6458208144	0.7691543155	0.7060307026	0.7335364863
0.696316031	0.7366892725	0.7809093466	0.7507212677	0.7571147698	0.7767390763
0.6813479391	0.7226396716	0.7467926452	0.7406315234	0.7554779942	0.7578995931
0.8004120067	0.6324267619	0.7471128154	0.7861957684	0.7394207725	0.7674058566
0.7932390787	0.7638069398	0.7588264649	0.736027366	0.6875804986	0.7295738031
0.7477324263	0.6286213819	0.7211682701	0.8150965424	0.7378858137	0.7692582034
0.6508390023	0.691258354	0.7174449469	0.7375633803	0.7497232366	0.7613818413
0.7999722463	0.7195368768	0.686764957	0.8037745952	0.7524685948	0.745978774
0.710538013	0.7484777487	0.7350057427	0.7455494254	0.77188882	0.7262352906
0.6009353741	0.797903751	0.6929663223	0.7824103746	0.7521219963	0.7795138589
0.6046266852	0.7195502919	0.7665709575	0.7612920582	0.7632861009	0.7565711507
0.7502057651	0.7283094595	0.7666744688	0.7509864457	0.7400150426	0.7638053315
0.7051247166	0.7766798745	0.7335904291	0.7847059519	0.7142850387	0.7389156399
0.6800075756	0.8318988123	0.765901817	0.7504768514	0.7068868783	0.774375878
0.6853859191	0.7895673895	0.7399160134	0.7543347709	0.7790184743	0.7858598494
0.6174479167	0.7200845412	0.7358170267	0.6940389555	0.7501258117	0.7666393942
0.5628035455	0.7720928044	0.810798214	0.7319898535	0.7699309921	0.7475629674
0.7223809524	0.7602776711	0.7249397165	0.6995976808	0.7571849393	0.7625245234
0.7106048708	0.688400286	0.7512833841	0.7894676223	0.7552498477	0.7414439121
0.6449173225	0.7358492339	0.812227421	0.7619979956	0.7756847037	0.7909795608
0.7658771888	0.7014108801	0.7808763567	0.7235280405	0.7281969788	0.7782119914
0.6113134485	0.6713930323	0.7628811403	0.7457962342	0.7731058699	0.7469829018
0.6383168968	0.7307072107	0.7188479926	0.7860829246	0.7876593487	0.7848004084
0.6451251201	0.8047052551	0.7809285291	0.7009769837	0.7925075978	0.759480629
0.7678277586	0.7642621419	0.6972144603	0.7842224401	0.7684917413	0.7546498421
0.6271936374	0.6921038047	0.7179769876	0.7432723672	0.7435456265	0.7670505002
0.7544922074	0.8013315185	0.8269688293	0.7659649886	0.7755166599	0.7765195619
0.684673453	0.7907569789	0.7602295727	0.7256338635	0.8151181416	0.7251871758
0.6531369045	0.7668164287	0.7314442293	0.7613243603	0.7488770855	0.7542395603
0.7138936359	0.7496944825	0.7763324941	0.7978722799	0.7718724395	0.7984695868
0.7582150244	0.7400201894	0.7948826964	0.7504734015	0.7649820418	0.7738084902
0.7565788754	0.7598670436	0.7221748457	0.7768552237	0.7639578916	0.772186619
0.7539788355	0.7323698781	0.7303187845	0.7898159205	0.7309807059	0.7742108517
0.6818285772	0.7742531145	0.7570447596	0.7825603307	0.751571432	0.7529858501
0.7211072531	0.7548167515	0.7874052089	0.7198170546	0.7640306099	0.7945167072
0.7213473625	0.7373509293	0.7828368131	0.7891735821	0.7743899704	0.7538294646
0.6567106668	0.7536271775	0.753426142	0.7648264033	0.7732888003	0.7701003913
0.5955347583	0.7069253561	0.7408582422	0.755665865	0.7406575556	0.7820485273
0.6494959114	0.7629325854	0.8465583514	0.742464674	0.7593655235	0.7981656028
0.6454214949	0.7407461015	0.7377791764	0.7496030965	0.7351798561	0.751861903
0.664147251	0.7378675785	0.7175474124	0.7685688838	0.7722065887	0.7864041504
0.7630277227	0.7457094632	0.6952112578	0.7646835486	0.6971417211	0.7855366741
0.5718085703	0.6794803656	0.6870859618	0.7767285714	0.7062545677	0.7927849521
0.6090638045	0.7733451617	0.7417178593	0.7337948469	0.7734396721	0.7857744895
0.7804352242	0.7207937393	0.7315074903	0.7275222305	0.7315208054	0.7530067028
0.7258579406	0.6686133944	0.733164232	0.7374182388	0.6468024273	0.7864160522
0.788751622	0.7095075113	0.7439307698	0.8039464294	0.7366533411	0.7544305565
0.7176201929	0.7639700578	0.8005046815	0.7324487534	0.7572672565	0.8041247675
0.6933497051	0.7664931695	0.7569914287	0.7682316188	0.767750937	0.7245580492
0.7116832652	0.8520972401	0.7082541673	0.7895804053	0.7442531568	0.7794278313
0.6222998158	0.703050547	0.7377594102	0.7359900397	0.7557256151	0.7634123785
0.5217647105	0.6998902069	0.7264508221	0.7714550236	0.7455884868	0.7735536566
0.8424845946	0.7428117914	0.7351602523	0.7536322946	0.8061826858	0.7563639881
0.6267361111	0.7417368796	0.774549265	0.7490973283	0.7747218829	0.7671502532
0.7432118056	0.727196267	0.7756672579	0.7290700566	0.7706596034	0.7627107178
0.6608854167	0.7987622936	0.7178412197	0.810950361	0.7751339333	0.7618612936
0.7022826909	0.6472051242	0.7589500181	0.7123873566	0.78225034	0.7467671585
0.7844030555	0.7790726904	0.723830088	0.7013609382	0.7874713043	0.7812664327
0.6842354419	0.7684229734	0.6906793536	0.6941608026	0.7781538597	0.7774714716
0.6865433673	0.6860566525	0.7456924006	0.7859976529	0.7254485336	0.7697152862
0.6336341707	0.7087054149	0.7502697076	0.7638329299	0.7684991985	0.7713707077
0.6818078924	0.7548465478	0.7842659487	0.7174584941	0.7393705862	0.7637058231
0.7069957705	0.75891414	0.7998983089	0.8031381474	0.788383201	0.7413847444
0.756970396	0.7109051956	0.6941621568	0.7901162388	0.7636858305	0.7326552834
0.5783451471	0.7581677003	0.749539254	0.7678000118	0.7678157842	0.7726118545
0.8267190504	0.7042641641	0.7634412429	0.8076695785	0.7643218472	0.764922393
0.7589906526	0.6907185332	0.7368940669	0.7404787802	0.7303204969	0.7881187147
0.7012064257	0.6865235023	0.736717432	0.7242249213	0.7572057055	0.7653933253
0.6515696279	0.7262806593	0.8046180133	0.785714486	0.7426957162	0.8008688661
0.7515417147	0.7189929768	0.7203834727	0.7794238478	0.7590900481	0.7727424603
0.5709757276	0.7545333268	0.7688429198	0.7389189906	0.7828265509	0.7820543016
0.7216762784	0.7492938437	0.7267488295	0.7426555867	0.7651910974	0.7929820788
0.6458730159	0.732685074	0.7342728366	0.7466363573	0.7402537095	0.7727257536
0.6541748849	0.7807516652	0.7077370341	0.7874221022	0.7309121236	0.7801052733
0.837517313	0.635688916	0.7770789356	0.780796719	0.7477207337	0.7514522742
0.6634096606	0.8143208117	0.6529076194	0.748161756	0.7265898502	0.7731688946
0.7233256108	0.800202884	0.7898832701	0.7754887547	0.77249056	0.7720141773
0.7479692618	0.7666598107	0.722474315	0.7136597012	0.7093038605	0.7916290265
0.7144417548	0.7364967364	0.7804760484	0.8465413726	0.7518830306	0.7903164172
0.7003628118	0.7061712809	0.7745392051	0.7202679902	0.7703858952	0.7741650948
0.5372222222	0.7730470252	0.7806357254	0.7587252708	0.7437847873	0.7812183906
0.6388773833	0.793838633	0.7097143462	0.7461758763	0.7221366536	0.7500325827
0.7183390023	0.748563598	0.7862037023	0.7282727292	0.7025202017	0.7683576053
0.7793832901	0.7363623158	0.7659866684	0.6753774607	0.8048562436	0.7340980566
0.8372569444	0.8205899837	0.7840656507	0.7761020536	0.7513980566	0.7820968772
0.7771220277	0.7511635923	0.6976008148	0.7848041797	0.7736641595	0.7448504548
0.6509619473	0.7165235402	0.7304217002	0.7232747559	0.7848521866	0.7480810507
0.6510361634	0.6605285531	0.7095377587	0.6951103265	0.7613112713	0.7863054735
0.7474603175	0.731793787	0.7382282052	0.741128495	0.7201107244	0.7654429873
0.726159079	0.7382429597	0.7623233047	0.718642716	0.784747623	0.7767931601
0.6910034077	0.7565841067	0.7193352211	0.6900416341	0.7614862526	0.7685546812
0.4908366206	0.7036998938	0.8197703501	0.7512290283	0.7963053995	0.7895819577
0.7103833617	0.68984375	0.7507425001	0.8131549921	0.7600983824	0.7810828305
0.7042228656	0.6900887399	0.7270728115	0.7428665413	0.7631718365	0.7821373622
0.6651797853	0.7616704538	0.70489858	0.8058032988	0.7093865691	0.7814598539
0.7352990363	0.7386415469	0.7708923801	0.7895124529	0.7159065543	0.8044902699
0.7098325484	0.6642766554	0.777097697	0.7703258869	0.7435916014	0.74265883
0.6357050973	0.7463650505	0.7261810068	0.7348548068	0.6711828859	0.7800035767
0.6971926013	0.728972679	0.7685805432	0.7962716297	0.7667701401	0.7478791801
0.6695643799	0.7718637361	0.7695885509	0.7454506953	0.7079918651	0.7830431973
0.6984230825	0.7041159614	0.7602524384	0.7689230311	0.7467684311	0.7644010238
0.6299925595	0.7107952282	0.7420202731	0.7566356401	0.7833291211	0.7593477787
0.6726335743	0.7336772182	0.7428637346	0.7325110483	0.7708224493	0.8060327044
0.7159598214	0.7001808744	0.8012305308	0.6925080137	0.748436449	0.7464472877
0.7252604167	0.6862855511	0.7000804072	0.8229887699	0.7414196375	0.7623727873
0.6946147738	0.7686088525	0.7256765886	0.7982351506	0.7940880548	0.7587983748
0.7804087321	0.7641602146	0.7261181222	0.7009904686	0.7892878611	0.778606936
0.7095771828	0.7259222687	0.7461599333	0.7742038828	0.7199552149	0.8079991804
0.811937413	0.7951346683	0.7700116183	0.7942796898	0.7389630207	0.7743734858
0.6368441815	0.7560166283	0.7344083899	0.7494365398	0.7633175379	0.7866866472
0.8249387819	0.6175665513	0.6354625183	0.7974837821	0.7190541008	0.7909006481
0.6549840771	0.6791697525	0.7366481137	0.7685329705	0.7747359759	0.7444154298
0.6711488624	0.8038640555	0.7831527391	0.7915343193	0.7455779356	0.7686646937
0.687140278	0.7690050863	0.73326197	0.7158807873	0.7609736156	0.7903284454
0.8072385204	0.6384539775	0.7308290595	0.7436518025	0.7525327414	0.7764590396
0.62017993	0.7244146562	0.7657892318	0.736780914	0.7610074788	0.7703481763
0.5637816908	0.7099702338	0.7827675153	0.7817655849	0.7448051722	0.761195722
0.7084713932	0.7380842948	0.7888677282	0.8231106762	0.7184070482	0.7715036742
0.7448625283	0.7513784466	0.7480806144	0.7811844817	0.7700699082	0.7540113541
0.7163459414	0.7688290621	0.7280374485	0.7565952002	0.77248196	0.768016294
0.6018747736	0.672096006	0.8039095089	0.7714207237	0.7497330682	0.7484066327
0.724840359	0.7346530573	0.7038514921	0.733585287	0.7925863438	0.7937236316
0.7315776494	0.7232557144	0.7281123725	0.777213543	0.7511206756	0.7458937234
0.7099829161	0.7432046361	0.7871202901	0.6643197805	0.7445402131	0.7541392412
0.6005787494	0.7646019904	0.7799696581	0.7713707738	0.7314540962	0.7455127949
0.7256108597	0.6879193198	0.6916540616	0.7503304382	0.7880668693	0.7316244625
0.6734924178	0.6989691136	0.6868484134	0.7513732374	0.730674928	0.7921458224
0.6572145329	0.7200770778	0.7423400116	0.7779084535	0.7880022408	0.761870659
0.6975921056	0.7707396144	0.703029558	0.7868267011	0.7786767532	0.8140529269
0.7199939584	0.7824842349	0.7604222193	0.7840805384	0.7414885561	0.804969417
0.6385103061	0.7779252565	0.7302920609	0.7628441186	0.774155527	0.7966048192
0.7846524411	0.6979959291	0.7402922006	0.8144690515	0.7256898799	0.7857579728
0.7241990914	0.6592965994	0.7402619396	0.7567030866	0.7888632487	0.7717900492
0.6700442885	0.701844651	0.7448707483	0.7487895912	0.6951328722	0.7696743595
0.7782638889	0.7560814958	0.7389896663	0.704584156	0.8166331102	0.7430217892
0.6500549178	0.7210153936	0.7454145653	0.7507395471	0.7769889622	0.770709132
0.5992931893	0.726941901	0.7084795613	0.7577978034	0.762168838	0.7459189822
0.5847828702	0.7505988117	0.7760886938	0.7736197376	0.7373110733	0.7373429424
0.5516338888	0.7020407575	0.8103296466	0.7425996934	0.7965523187	0.7671354278
0.7866435185	0.6602878045	0.7597687518	0.7260567858	0.6894394648	0.7630561914
0.7201368343	0.7327447039	0.7478188134	0.7766306264	0.7449585734	0.7852544849
0.6955155187	0.7369102734	0.7978619298	0.7577637825	0.7224700872	0.7799569834
0.7241902257	0.7758618001	0.7304502314	0.745671037	0.7625667662	0.761117494
0.7681597222	0.6643608235	0.7328332862	0.7416524531	0.7196832545	0.7764986194
0.5877222289	0.716107567	0.719569774	0.7354485545	0.7148807994	0.793451525
0.6112687993	0.6523119244	0.7518430298	0.7947050249	0.6903333666	0.7707495363
0.6563347029	0.7330396316	0.7804823957	0.7604257435	0.7018632853	0.8011277744
0.6879012323	0.769453125	0.739158234	0.8052748712	0.7677438233	0.7367113175
0.4984042653	0.7307770623	0.7083338634	0.688897631	0.7097928999	0.7448851387
0.746236342	0.6512710226	0.7345145261	0.7746374367	0.7945497021	0.7598095922
0.7094104308	0.6971103658	0.7448311991	0.7427237395	0.7495982231	0.7848657696
0.6902038133	0.8051926739	0.7367934605	0.740036594	0.7459127049	0.7952858547
0.6425340136	0.7644189484	0.7844178112	0.7776971655	0.7914735567	0.7655683492
0.6069033803	0.722465379	0.7695087706	0.7579657011	0.7383736081	0.7646584872
0.6596211563	0.7204270936	0.7605393492	0.7625574618	0.7710969048	0.7851776684
0.6148089838	0.7019010417	0.7554635802	0.7726167958	0.7806050949	0.8119645506
0.8117344909	0.7620839898	0.7293128977	0.7813645159	0.7573963621	0.762368751
0.5978788086	0.7693529665	0.7265705615	0.7356297148	0.7584252596	0.7625069473
0.8370227789	0.7443543295	0.7442017856	0.7876392382	0.7528114297	0.7764021333
0.8047118296	0.8035862715	0.7465981622	0.7559148747	0.7358807905	0.7713964229
0.7881582041	0.7413044636	0.7265509497	0.7405955604	0.7690649984	0.7804910124
0.7046694756	0.7083466199	0.7199324023	0.7341548763	0.7752441046	0.7738644798
0.6287471655	0.6657640334	0.7655140063	0.7508457896	0.7462237669	0.7700865532
0.742334538	0.7515443514	0.7422265781	0.7790859231	0.7942325635	0.7745143026
0.67138322	0.7088354987	0.7541593197	0.7978720063	0.7856973762	0.7731146851
0.7740252489	0.7075308605	0.8273130658	0.8183448644	0.7849321762	0.7597110777
0.7848090278	0.6476456129	0.7629946482	0.7504686762	0.7512637581	0.7702520711
0.6373787385	0.7557631829	0.7378446956	0.6469329626	0.7641501832	0.7504265458
0.7530967916	0.7145989807	0.7900931889	0.8011504749	0.7373442278	0.7611878401
0.7541893424	0.7681638455	0.7704322601	0.7668448653	0.770492903	0.7343777582
0.7059706235	0.7252233309	0.7570104821	0.7677415145	0.7922447214	0.7485837946
0.6429291076	0.7291264817	0.7418076612	0.7319298045	0.7440097412	0.7818441081
0.6972659582	0.6934388328	0.7311087936	0.7129277962	0.7616522759	0.7666436608
0.6977446544	0.7666363178	0.8051759262	0.7871409437	0.7375905605	0.781779534
0.6526920268	0.8184444017	0.7429367312	0.7395223433	0.7309139301	0.775534429
0.6878647038	0.784402766	0.6717128399	0.7206595446	0.8315951098	0.7602855379
0.7006366922	0.7725686594	0.7694946631	0.7670551125	0.7312312896	0.7891636191
0.7659086649	0.742057437	0.7817102034	0.7472372709	0.7772948521	0.7649004355
0.5875948959	0.733428695	0.7935576009	0.7747481156	0.7864235981	0.7702659096
0.6087879886	0.7088266784	0.7390583623	0.7012127998	0.7208382539	0.7183381023
0.6009841807	0.7470582295	0.7674543462	0.7865312269	0.7997966886	0.7765988305
0.7745272584	0.7225486723	0.7439169509	0.7437462381	0.7598202218	0.7427991074
0.5585870648	0.7854024005	0.7888236407	0.738109086	0.74749659	0.7418889116
0.6250207423	0.808510086	0.7278763188	0.7726868632	0.7808932776	0.7565979004
0.6319308405	0.7606587618	0.7182988787	0.7155521972	0.7902664269	0.8094061663
0.5322156476	0.703141543	0.685819987	0.758888535	0.799231898	0.7961279301
0.6274950397	0.7636733592	0.7932284135	0.7577058157	0.8006237983	0.7710541255
0.7169085412	0.7940221826	0.6998155718	0.7317295327	0.796299471	0.7456761691
0.5894847769	0.7809068918	0.7717260252	0.7038962678	0.8044668172	0.7500322347
0.67583856	0.7120723842	0.7446563623	0.7774530971	0.7590054947	0.7742782396
0.7707190965	0.7644534364	0.7438899362	0.7918171383	0.738968834	0.7770124619
0.7174652778	0.7208645125	0.7530957345	0.7057106655	0.7945848915	0.79868977
0.7776795163	0.7490512151	0.7916063285	0.7725043904	0.7682924918	0.7940324406
0.5937591125	0.7063598857	0.7526221432	0.8271223942	0.78705735	0.7837538641
0.7076981115	0.687209244	0.7864844897	0.8041491141	0.779735704	0.7818407282
0.7831094498	0.7520984365	0.748869515	0.7387320206	0.766819237	0.7675194668
0.5299447195	0.7471845319	0.8195610044	0.7508646014	0.7540388835	0.7390794338
0.6060402557	0.6818024812	0.7256637451	0.7572069053	0.7852243475	0.7946721567
0.6873641978	0.7538151815	0.7959701441	0.6685264386	0.7946364455	0.7862822362
0.6546227768	0.7335396121	0.7888347969	0.769333126	0.7774078399	0.7411441948
0.64662911	0.7889121557	0.77688382	0.7781549644	0.8070218586	0.7504148909
0.7075632033	0.6876628105	0.758148006	0.6849203384	0.7741486298	0.7695963781
0.6412460239	0.6834559848	0.7003469369	0.7372896776	0.7164669811	0.7688050512
0.690473356	0.7570008408	0.7752567766	0.7289167398	0.7704690583	0.7760283991
0.7585422073	0.6989220588	0.7102885849	0.7792776722	0.7568170669	0.7509600888
0.6899957338	0.7672002047	0.7415487466	0.6907892686	0.7310338105	0.7859936969
0.5939676166	0.6882561554	0.6775787949	0.800202616	0.7679560769	0.7462496521
0.7665998426	0.7177041992	0.7269175556	0.7840653538	0.7746808866	0.7899111664
0.7427687067	0.8277752277	0.8026937675	0.7653837681	0.7583773858	0.7778782488
0.6702267574	0.7332787766	0.745551921	0.7755871502	0.8271261132	0.7380466034
0.7480947342	0.7552239448	0.7572304641	0.7718563654	0.8172792593	0.757844013
0.7410590278	0.750358902	0.7228425199	0.7471700428	0.7441811182	0.791373757
0.7741038059	0.7126212086	0.7986143364	0.7357463047	0.7620403364	0.792779895
0.7727489427	0.7243899294	0.7894797118	0.7546125636	0.7855248767	0.7542357219
0.679991384	0.7313088386	0.735409964	0.7806703905	0.7527670063	0.77956817
0.659014834	0.6773525587	0.765701814	0.7314122315	0.765612791	0.7594553078
0.7145815791	0.7880228734	0.7747758226	0.7874804613	0.7007143895	0.731153188
0.5482647694	0.7364104316	0.7546039389	0.7618360844	0.7573723989	0.7773989013
0.6993020125	0.6923733183	0.773309435	0.7187618651	0.7516979422	0.7773973164
0.7859796233	0.713068736	0.7101146828	0.7862228497	0.7536892738	0.7537975473
0.6446366587	0.8090151402	0.774845952	0.7688290827	0.7755559579	0.7678426248
0.8131269237	0.7073129871	0.7597701009	0.7075304664	0.7670431294	0.7601385607
0.7047180441	0.7375439265	0.7782294869	0.792220543	0.7753651601	0.7373524494
0.652040439	0.8037948635	0.7562252881	0.7631364689	0.8029459097	0.7096130797
0.5890072321	0.7803305326	0.6927954801	0.7006140086	0.7847240554	0.7550640838
0.648139837	0.749440386	0.7038843648	0.7926433883	0.7592503974	0.7824500324
0.670922423	0.7199138029	0.7890600058	0.8018517144	0.7650122053	0.791659138
0.7456193311	0.7459577261	0.7642976581	0.7448695338	0.7705845478	0.7685780815
0.6651373142	0.6846511153	0.7773935448	0.7561563191	0.7233757832	0.7569700055
0.64231557	0.7850674319	0.8194348091	0.7241870587	0.776895665	0.7323362748
0.7453508304	0.7744088862	0.7352227812	0.7496411008	0.7286360788	0.7550366599
0.801272982	0.7738812628	0.6582737303	0.725688697	0.7830005436	0.7779381446
0.6544912132	0.7594058756	0.7523180049	0.7255003613	0.7585375747	0.7763465374
0.5672047616	0.7300539207	0.7405921462	0.7914312389	0.780655274	0.7348414467
0.584146708	0.763934488	0.7547512726	0.6729421315	0.8067940281	0.7748888095
0.7119232919	0.6437345401	0.7162940469	0.7875651557	0.7202391257	0.7680435522
0.666116701	0.7707908864	0.7452849688	0.8119643661	0.7948831739	0.7592966025
0.6530946524	0.7568305104	0.7931286541	0.7809786347	0.7777030329	0.772043881
0.5238480994	0.6924545503	0.6573710457	0.7237590484	0.7803022364	0.7533528007
0.6796145125	0.7324387176	0.7009783362	0.7693115032	0.7459106933	0.785136399
0.6045822767	0.7531919019	0.7820665349	0.7231687773	0.6759491189	0.7846881903
0.6857942357	0.7230111906	0.7452924219	0.7513616175	0.7182362211	0.7915688153
0.8140470626	0.7156077094	0.7640646686	0.6847619273	0.7543977135	0.805892115
0.6581069303	0.7258604775	0.8050950693	0.7761081432	0.7602670356	0.8060796814
0.6939455782	0.7351678889	0.7770904454	0.7577648282	0.7599392431	0.7536171417
0.7876710429	0.6406731226	0.8043175881	0.8068964221	0.7423668855	0.7934480343
0.6873333892	0.7231087215	0.765078476	0.7285450102	0.7592706789	0.7543770568
0.6890022676	0.6592802954	0.7665371332	0.6958858213	0.8115504016	0.7579411859
0.743958573	0.6905989273	0.7368693957	0.7574634013	0.7752705251	0.7450408799
0.7475766532	0.746820567	0.7726718032	0.7455651648	0.7731777578	0.733572932
0.7377981781	0.6772789509	0.7632342036	0.7479565499	0.7417791623	0.8053910783
0.5851998067	0.6979999378	0.7542548929	0.7037915634	0.8050061376	0.7745070652
0.7280849632	0.7536106661	0.8265814228	0.7474237505	0.7821406893	0.7381581672
0.6991271854	0.7477161514	0.7299240812	0.7483384107	0.7404052912	0.7944051001
0.7479910877	0.6968966104	0.8206255418	0.7630175342	0.7790199329	0.7800038103
0.6194636987	0.7983114286	0.6869784353	0.7386889615	0.7439526463	0.7613418943
0.6472363946	0.7429287466	0.7537105281	0.7475254183	0.7604845668	0.7580362402
0.7107488978	0.7031345946	0.6849713905	0.7290334697	0.7436313345	0.7606225265
0.7185321986	0.6869065334	0.7296401067	0.7236973918	0.792416909	0.754599028
0.6844362283	0.7274018969	0.7359183976	0.7219096211	0.7519471711	0.7968462704
0.787037037	0.7410473568	0.7199639046	0.6872910399	0.7375403702	0.725782697
0.5640249433	0.7849187698	0.7694207317	0.6909245193	0.743470446	0.8118662308
0.4918186209	0.738343169	0.7403623353	0.7681907662	0.7272188498	0.7773970055
0.5717120181	0.7184095915	0.6943430489	0.7481342714	0.7822622237	0.7786659441
0.6916808222	0.7706923394	0.6743098923	0.7597385272	0.7603416549	0.7859670786
0.7595996732	0.7830996233	0.7539987989	0.7538168874	0.7765400824	0.7731615514
0.5408694728	0.7382922283	0.7492959096	0.7694593921	0.7683652052	0.7652658158
0.6011571335	0.7605870495	0.801581057	0.7771534865	0.7286966063	0.7443956536
0.5386904762	0.7835152206	0.6725035455	0.7835284101	0.7617731066	0.7752248012
0.6520221659	0.7104035364	0.7695025585	0.7769221848	0.7962054397	0.742897341
0.6023469388	0.7468963445	0.6916001614	0.7433535004	0.724867387	0.7882798087
0.6510812758	0.7281557857	0.7617331391	0.7366026993	0.7239133877	0.7605889354
0.5955857577	0.6901857956	0.7495476677	0.8031636237	0.7468460586	0.7683832349
0.6904686319	0.73498445	0.7916110975	0.7494251798	0.7270093829	0.7909354216
0.6629299186	0.7738396794	0.7770317778	0.7380258766	0.7607449806	0.7732288261
0.6824601104	0.7139165542	0.7625310479	0.7549349907	0.7052138249	0.7771757062
0.6151775246	0.7776157556	0.7583157139	0.6980289193	0.7579724585	0.744734908
0.8017318014	0.770797525	0.7285315614	0.7654128342	0.7348017772	0.7650401384
0.6702972514	0.7067333153	0.7698860228	0.7177665022	0.7416312927	0.7416369087
0.7163944464	0.8196199645	0.7379869634	0.7738309647	0.7672081967	0.7767186546
0.7064036818	0.6861347806	0.7886484748	0.7576215378	0.7390356769	0.7803163087
0.696747449	0.7436634013	0.7599471925	0.7217984396	0.7288241366	0.7638947593
0.7104861111	0.7892463753	0.7397185849	0.7337685073	0.7565117457	0.7614555664
0.7249539816	0.7628517772	0.7234433493	0.7385687151	0.7732241757	0.7729668844
0.6018738727	0.6584378542	0.7390993844	0.7887743635	0.7725955313	0.7804485141
0.6310512172	0.7760174127	0.7506669172	0.7767266929	0.804332903	0.7715518799
0.6041840278	0.7394749627	0.6684770167	0.7578087744	0.7587021941	0.7199529723
0.7207709751	0.6715787982	0.8120586327	0.7687017007	0.8049856601	0.7365605228
0.6251244482	0.73904415	0.7171746142	0.6773769509	0.785360708	0.7916352243
0.5732097573	0.7515969204	0.7417250388	0.728781586	0.8065709913	0.7908801195
0.5842219083	0.7403276844	0.7273605646	0.7473448963	0.7324806997	0.7588800149
0.6131632653	0.7971824067	0.7411506651	0.7454865163	0.6982376173	0.7506461304
0.6376190476	0.7497005641	0.8206799505	0.7447634022	0.7282059731	0.741844485
0.6731335554	0.7608902359	0.7188597309	0.745799208	0.7525847026	0.7703225342
0.6446335068	0.6468576801	0.7506026462	0.7891623915	0.7968049725	0.7397429785
0.5826437496	0.7364607933	0.7466909589	0.7767839432	0.7469142785	0.7747352594
0.7313960721	0.6272978893	0.7806370817	0.7692074753	0.7576627199	0.7786551823
0.7172259547	0.6973780822	0.7663309915	0.7590904878	0.791995942	0.7720558844
0.699047619	0.7255507527	0.7405276996	0.7533285523	0.7920837068	0.8101558802
0.5069060966	0.7145389962	0.7495854358	0.8599180499	0.7650074863	0.767414361
0.627414966	0.6855779286	0.8424635498	0.7906856434	0.7672206027	0.795121838
0.6849720818	0.7397498342	0.7285883415	0.7612299695	0.7706477439	0.7744111592
0.7331883155	0.6917205768	0.7645999694	0.7473695338	0.742414001	0.7579607039
0.6316322561	0.7382864317	0.7163468244	0.752529128	0.75942952	0.7647402128
0.7096433097	0.6894774124	0.7728302355	0.7053508484	0.7390092166	0.7732642658
0.643537415	0.7134600544	0.7979001694	0.7566528782	0.7134093568	0.7685292175
0.7255328798	0.7947415123	0.7271329561	0.7982994648	0.7408286699	0.7611579736
0.7086780915	0.7234962445	0.7154164095	0.7915429781	0.7713137904	0.7387112356
0.6876907542	0.7402906707	0.6565968389	0.7319287911	0.7276349908	0.7726282499
0.6980498866	0.6315477072	0.7528546699	0.7795718554	0.7855143951	0.7680421045
0.5413247863	0.828926891	0.7656655697	0.7396544169	0.7981608575	0.7333480797
0.7060251552	0.6740197305	0.7468154157	0.7690482677	0.7638654476	0.7629139374
0.7251347798	0.7777162282	0.7363067096	0.7967879382	0.7238587191	0.7613565769
0.7433064257	0.7059160055	0.7718916514	0.7803190681	0.8173762158	0.7708905817
0.5978788982	0.7259314186	0.7001477092	0.7666807479	0.7001450597	0.7653868105
0.5178911565	0.6736606714	0.7504936549	0.776831095	0.7572876638	0.7850195341
0.5945952955	0.7370893596	0.7910965733	0.7264455961	0.8082380631	0.7732958707
0.6109375	0.7367422803	0.7471908833	0.7813744124	0.7128812034	0.7631388118
0.7421897046	0.8113162664	0.7503936477	0.7853088117	0.6939601866	0.7871832662
0.7062343702	0.719575757	0.7626618766	0.7534142736	0.7598435973	0.7875012349
0.6589180051	0.6416680619	0.7090761055	0.7864632302	0.7784369672	0.7846602908
0.5661134739	0.6995553879	0.7770931688	0.7777678002	0.7772884726	0.801807975
0.8049151181	0.8203245747	0.7572700527	0.7587846332	0.813213337	0.7715018105
0.6792846577	0.7452998222	0.7759162531	0.7589015956	0.7308509351	0.8113312174
0.7062695428	0.7350772886	0.714133663	0.7881145996	0.7668411952	0.7467946187
0.7275306999	0.7078339817	0.7532618207	0.7561595453	0.748863873	0.7898631853
0.6869445033	0.6851170671	0.7556446337	0.7806101869	0.7443017022	0.7333978267
0.65219377	0.754787836	0.7945966111	0.7194619883	0.7420950925	0.7975528041
0.7939519975	0.7449220957	0.7527631284	0.78466684	0.7656812179	0.7693904657
0.7090625514	0.7582387311	0.7837330283	0.71072255	0.772386312	0.7617921678
0.8156493296	0.7992699258	0.7145506075	0.6889001738	0.779155606	0.7551038362
0.5722941336	0.7230957054	0.7682400345	0.7537166177	0.7762008527	0.7732937045
0.7245131803	0.7289948198	0.6998732795	0.7509866969	0.7522917883	0.7752814638
0.6249871862	0.7297697795	0.7309853806	0.7838645489	0.7507897197	0.7551826336
0.6789342404	0.7534646901	0.7376323729	0.7324306556	0.7471877423	0.7610529807
0.6848213552	0.7319924497	0.7368301101	0.7603312429	0.7267078452	0.7811564658
0.6610140723	0.7958849485	0.8018987013	0.7982511365	0.7233212133	0.7737925406
0.6588618713	0.7455541421	0.723107582	0.797663028	0.8320753832	0.7270704572
0.6977995562	0.7371150392	0.7226211827	0.7211786048	0.7895081773	0.7744836382
0.695701994	0.667587124	0.7266800983	0.7379458974	0.7029112008	0.7625659335
0.6807465278	0.7442228039	0.6559375315	0.7487976523	0.7418730549	0.7532543934
0.7084092511	0.7628881216	0.7358188203	0.7789122072	0.7453777774	0.7702722861
0.5718333287	0.681675039	0.7220408685	0.7385241693	0.813993168	0.7629194082
0.6365409057	0.7933686854	0.7334338576	0.7049286966	0.7448777181	0.7551361862
0.6866447855	0.7555482807	0.759463646	0.7479845208	0.7076621389	0.7668972366
0.7890626143	0.7414941742	0.7208017698	0.824177448	0.8035345745	0.7607479004
0.6791363094	0.7893015259	0.7655335359	0.7543767961	0.7465923191	0.7807827125
0.6887815788	0.6559878591	0.7864826315	0.7722600733	0.754956907	0.777555232
0.6841852948	0.6840025783	0.7832440902	0.7353136276	0.7132666708	0.781049286
0.6639195753	0.7266219331	0.7650431891	0.7654121643	0.7301643879	0.8092055466
0.6815210459	0.7012986476	0.7161351951	0.7246069139	0.7428864316	0.7905204711
0.5313609467	0.7073596348	0.7514106422	0.762848478	0.789063916	0.7830713768
0.8183629082	0.7909247969	0.7619618583	0.7330931311	0.7441688988	0.7744734225
0.7226968277	0.8087651924	0.697728277	0.7768861012	0.7443412013	0.7891008253
0.6225878211	0.7081013633	0.7563296943	0.7850381776	0.7365526791	0.7972187381
0.6153846154	0.7257483488	0.737804395	0.7793575493	0.7454481507	0.7524012174
0.7407638889	0.7484214906	0.7951889373	0.7639254725	0.8093878118	0.7575263866
0.5684944116	0.7075070239	0.7387628154	0.7309535794	0.7765772753	0.7949653806
0.6798627529	0.6297466944	0.6925966854	0.8154520385	0.7877007856	0.7674482261
0.7097516102	0.7249786325	0.7212135346	0.7845545291	0.6905906213	0.7986185274
0.6736659555	0.6551398607	0.7755597734	0.7741335814	0.6744166248	0.7621274322
0.7949606313	0.7707258878	0.7483681788	0.7936747598	0.7922749211	0.7700465845
0.6815112076	0.7352897771	0.7517194612	0.7318263869	0.7244578325	0.764291579
0.3860379616	0.726272533	0.76940615	0.7272920737	0.7239226706	0.7602369134
0.7014688228	0.7969950831	0.7686325876	0.8106072382	0.7796173509	0.7752943007
0.6191429332	0.7665576379	0.7234591693	0.7513062729	0.6976074538	0.76459752
0.6612568828	0.7727233583	0.7310125927	0.707463911	0.7570239601	0.7879355894
0.736968356	0.7543774499	0.675637048	0.7075398322	0.7484557582	0.7618819312
0.5823889128	0.7330994898	0.8096137249	0.7764985659	0.7707961036	0.767207717
0.702725508	0.7908766077	0.7228502845	0.745582739	0.7389427784	0.7820172381
0.6033972011	0.6503340865	0.693545976	0.7017676573	0.7481532441	0.7986542916
0.7335895503	0.6789681707	0.7585413777	0.7319226049	0.7816491637	0.7823794587
0.7454393424	0.7316092642	0.7884731402	0.7574516868	0.780070722	0.749246804
0.6027618108	0.6872114761	0.7238013028	0.7866296536	0.7857594616	0.778687294
0.6224008649	0.7527140023	0.8173219336	0.7740695198	0.7582272202	0.7679183943
0.7005736022	0.7211434277	0.7698589773	0.7152787821	0.7744417601	0.7917864988
0.7294564909	0.6930384456	0.7815631787	0.7632000598	0.7558660997	0.7740108419
0.7126551871	0.7053691961	0.7448011273	0.7307079434	0.7567602432	0.7579899625
0.6825093255	0.785446527	0.793479339	0.7772552363	0.7667959432	0.7624393315
0.64708313	0.750124126	0.7614103561	0.7773288676	0.7535706192	0.7929010292
0.6143104301	0.7120900459	0.7975837364	0.7647048363	0.836212634	0.7744742558
0.7067066156	0.6293365575	0.7314549531	0.7566110101	0.769423182	0.7983784383
0.7470180229	0.7511558362	0.7874461905	0.7519200557	0.7862551724	0.7577292396
0.6482109377	0.708963576	0.7362159949	0.7596367809	0.7364978589	0.7757305301
0.7305320439	0.6521108928	0.771412547	0.7268506211	0.7497274971	0.7587670647
0.7476113498	0.7041199911	0.7668918809	0.7738168857	0.7628498927	0.7950830697
0.6907271144	0.7403131159	0.6913044534	0.7202589244	0.7133383445	0.7397565742
0.7674614654	0.7318890758	0.8225586912	0.7287765541	0.7726823412	0.7793329956
0.78515625	0.761296237	0.7851099071	0.7636014276	0.7408713084	0.7838089601
0.6582309382	0.604708031	0.75102978	0.7523314067	0.7743035632	0.7677683612
0.7167543968	0.7405260323	0.8291052044	0.7613743838	0.8069225578	0.7365448371
0.712760462	0.6937719871	0.729043978	0.7653527677	0.7455412513	0.7718865483
0.731051981	0.7181169038	0.6667824607	0.7757429021	0.7630858037	0.7726930252
0.6479591837	0.6902586098	0.7642895323	0.7488023109	0.7478059686	0.7583321057
0.6501466963	0.7635594526	0.7506579862	0.7471187073	0.7910383088	0.7725786742
0.604241302	0.746529815	0.6944915109	0.7488562323	0.7979161451	0.7881289716
0.7122214597	0.7988126091	0.7458890315	0.7894160598	0.7478340874	0.8008895568
0.7611688634	0.6076618915	0.7005166322	0.7186564526	0.7280613348	0.7490304674
0.6365634246	0.6978867957	0.7316476647	0.8089140129	0.7578757432	0.7626302274
0.6048498643	0.7069286974	0.7765035828	0.7508017915	0.802658009	0.7468347976
0.7329673355	0.6455149153	0.744095807	0.7477194687	0.7862593075	0.7709663092
0.6400070757	0.7958731663	0.771023823	0.790839918	0.7572346541	0.7671671227
0.5860705229	0.744654748	0.7585628796	0.7752751993	0.7567233376	0.810976871
0.7107860326	0.7757190689	0.7238464826	0.7433463631	0.7764207548	0.7504356074
0.5963945578	0.7457326192	0.7689238174	0.6954411666	0.7639897744	0.7976164303
0.6519954649	0.7777067684	0.7409853092	0.8081002748	0.793239562	0.7443268757
0.6256528829	0.7581151219	0.6870773731	0.7669966913	0.7820667962	0.7611583385
0.7173733905	0.7271771116	0.737619409	0.7009715213	0.7803015458	0.7733281258
0.8186477109	0.7498183029	0.71143643	0.7634136918	0.6809653097	0.7739150051
0.7840999378	0.6578394987	0.7584019023	0.8049735223	0.7509754725	0.7621057468
0.7712701546	0.7325991794	0.7250865048	0.7924374115	0.7769267942	0.7743792928
0.8275085723	0.6881082646	0.8191454289	0.7794067028	0.7876156555	0.7780385759
0.7172569489	0.6948522204	0.7206432537	0.7342010011	0.7832210444	0.7891530643
0.657735567	0.762068728	0.7562172267	0.7675602392	0.7419252419	0.7432884352
0.5668364921	0.7486744878	0.7826929703	0.7416539184	0.7721290236	0.7645370352
0.6594236552	0.6515991104	0.7220242571	0.8072226776	0.7464520556	0.7635626533
0.8106944444	0.7002801937	0.6842992357	0.7452005782	0.7442146896	0.7168266348
0.7130208333	0.7352809735	0.7191885202	0.7699219438	0.7435523536	0.7839399482
0.7675820819	0.7124725957	0.7720512934	0.76215742	0.7444712493	0.7729658181
0.658526707	0.7456924613	0.7648682543	0.8087319356	0.7262985565	0.7904241639
0.7225868056	0.7504959151	0.7669142722	0.7769461414	0.7619598464	0.7783783785
0.720561771	0.6842927271	0.7840487098	0.759133732	0.7536657889	0.7713652008
0.6287477358	0.657496053	0.742630299	0.7576483136	0.7990184348	0.8055625927
0.6789683509	0.6707950796	0.7844821883	0.772730832	0.7378443765	0.7530147201
0.6513248189	0.7662715195	0.7115263772	0.7665528965	0.749333511	0.7863697643
0.6304209184	0.6570966114	0.738201032	0.7733948602	0.7919537951	0.7500316931
0.8380367327	0.6781616441	0.7459694083	0.6384986833	0.7544403386	0.7599805784
0.7267137039	0.8153409079	0.7301738401	0.7625410172	0.7648716615	0.7760380552
0.8013612308	0.6715925459	0.7656183728	0.7457842938	0.7617624406	0.8028267005
0.711033329	0.6786915777	0.7628075488	0.7838125157	0.7577627596	0.764569412
0.7037194507	0.7889685466	0.7112759041	0.7432073756	0.7599654557	0.743299676
0.6626508473	0.7110315972	0.7416767481	0.765163349	0.7675236732	0.7379218531
0.6812553146	0.7315524445	0.782408201	0.7625401139	0.7453767175	0.7539415791
0.7856235887	0.7079712382	0.7185304429	0.7994414085	0.7191799162	0.7731640654
0.7613998724	0.6947048554	0.7211539383	0.7632859395	0.7674553509	0.760083081
0.7653183899	0.7118745231	0.7807336414	0.7530147482	0.6998414543	0.7931646901
0.7421362793	0.7786235379	0.7504683749	0.7111348342	0.7332539189	0.7452198818
0.7003585601	0.7041375206	0.7469441799	0.761408042	0.7541105786	0.7966722074
0.6078598599	0.6980113518	0.7257428057	0.7510088801	0.7851186582	0.7414849331
0.6865548981	0.7366774337	0.6716631731	0.697263651	0.794642603	0.7554677517
0.8130931542	0.6339579951	0.7308684492	0.7321895324	0.7020466574	0.7513902784
0.5938234781	0.6868337381	0.7397488871	0.7298685698	0.7740540429	0.7764669414
0.6239546985	0.760393476	0.8393148218	0.7755335802	0.7365540839	0.7684687781
0.6445276335	0.6407833025	0.7411560433	0.7536646694	0.7815977432	0.7440939918
0.712698767	0.7945070506	0.7597124541	0.7801182597	0.7889024136	0.7460189911
0.5667560997	0.7480054069	0.7195233718	0.7849385969	0.7654557775	0.7888457518
0.6772285914	0.7330288258	0.780658864	0.7334676965	0.752089612	0.7539059015
0.7967195767	0.7797871581	0.79414754	0.7307133252	0.762883731	0.7413468068
0.6885243056	0.7149349404	0.7960831694	0.8058312308	0.7960749854	0.7750337497
0.6965921604	0.6961258862	0.7467599494	0.759662594	0.802742102	0.7626887139
0.6829258053	0.7573586085	0.7457143385	0.7770749218	0.7819778621	0.7601383046
0.8570054253	0.7815397799	0.745579116	0.7408909068	0.7320536476	0.7751887957
0.6063492063	0.7734869831	0.7378819784	0.7821840617	0.7732824178	0.78117889
0.6480298002	0.7699013864	0.7377875995	0.7999388825	0.7851186322	0.7586098767
0.6603448378	0.7611912713	0.767740508	0.7140764837	0.7534684843	0.7531260015
0.6748200336	0.7519593689	0.7204750385	0.7730990875	0.8119398519	0.7416844028
0.7634898373	0.7916816978	0.7622533345	0.764272739	0.7254003564	0.7429959852
0.7835072448	0.7508084227	0.8006223876	0.7474828391	0.7687648611	0.7318355709
0.7867742234	0.7439410928	0.767162616	0.7872118962	0.757728775	0.7714914494
0.6030800091	0.5904450726	0.7583846094	0.7269345802	0.738480366	0.7671059482
0.7325390955	0.6473453668	0.757392411	0.7258043232	0.7609689503	0.7523531188
0.6907397139	0.7254666543	0.7219371678	0.7703771314	0.7758611552	0.7742977152
0.679587237	0.7297884779	0.6974190466	0.7242851639	0.7726658179	0.7505255025
0.7451533704	0.7217978025	0.7880853447	0.8018740858	0.7373304882	0.7940125511
0.4831508205	0.7746105771	0.7111508664	0.7059349332	0.6940945092	0.7690315697
0.7199988038	0.7918910145	0.7724800752	0.7480190863	0.7998821589	0.8083120658
0.6105236888	0.6558085638	0.7291609571	0.7888426708	0.770809897	0.7823258662
0.6362810787	0.7037328237	0.7186972444	0.7964790838	0.7719121059	0.7516750921
0.58921762	0.8081845624	0.7528565129	0.7533981731	0.782363383	0.7750251577
0.7033110119	0.7318735363	0.7560753832	0.7289378745	0.7927765276	0.7401633684
0.7782878642	0.7230005067	0.6715664911	0.7806582034	0.8107325262	0.7418312249
0.6148734385	0.7121899961	0.7261937527	0.726448041	0.8026112052	0.7574652643
0.7246672002	0.747872834	0.7615042171	0.6799436078	0.694032919	0.8040144434
0.6697916667	0.7232468281	0.7684683857	0.7291069828	0.7586868277	0.7740996224
0.6565880669	0.716909489	0.735487573	0.8020768257	0.7536147894	0.7492857835
0.7245899231	0.7151356052	0.7844371349	0.7605718004	0.7164870736	0.7972184447
0.6912599122	0.6999680881	0.7553271807	0.7458018534	0.7274764949	0.7490087796
0.6825182857	0.7630634818	0.6874833227	0.7918629544	0.7408983351	0.7324119615
0.7113127986	0.8174375508	0.7237300006	0.6821083591	0.7809634651	0.7667652288
0.5355486246	0.7425152156	0.7355432482	0.7359398863	0.7841462405	0.7984980977
0.7739544753	0.7600311077	0.7340337806	0.7177794394	0.8161893705	0.7675955446
0.7076429831	0.7037969539	0.733334156	0.7509893829	0.7374381553	0.760456836
0.7176417234	0.7562890285	0.7609813362	0.7179252933	0.7373142534	0.7665854531
0.7059557875	0.7346831173	0.7517554252	0.6808074096	0.7600906933	0.7763938993
0.6624665566	0.7167709835	0.8063864886	0.7884453203	0.7323883853	0.7738086635
0.6127469237	0.7419103205	0.6563528419	0.7733868047	0.7351005924	0.7684704044
0.7673253858	0.717718861	0.7909121866	0.7555534032	0.7604255008	0.7594128879
0.6978432368	0.6744752407	0.7144286597	0.7616264993	0.7015701349	0.7530753958
0.6435120228	0.7362948305	0.741852805	0.7708951444	0.7853228972	0.7890416092
0.6788208617	0.7661233967	0.7094313328	0.7522397859	0.7585927239	0.7456096023
0.6562966126	0.763645066	0.7448309196	0.7555770872	0.7386656638	0.7607252351
0.6896629441	0.7594250143	0.7404447232	0.7794315905	0.8224684497	0.7528222575
0.7945880915	0.6454422556	0.7605323098	0.7610741203	0.7466178737	0.7529743362
0.6039864158	0.7134748712	0.7535775772	0.7989239772	0.7528876492	0.7636238927
0.6650150053	0.7098045946	0.724130081	0.7281191062	0.7336384737	0.7734523221
0.515990119	0.7484520519	0.750597648	0.7642098838	0.7766877669	0.7483359541
0.6205689335	0.7373580369	0.7547629708	0.7572884573	0.7664647519	0.7475127032
0.7088774851	0.6802767757	0.7814941251	0.7503955091	0.7562925497	0.7598370647
0.5938029329	0.7611010865	0.7406808492	0.7436864735	0.7701457587	0.7495148239
0.5376815757	0.6968967459	0.7527883513	0.7118813252	0.7757518793	0.7838508245
0.7140099841	0.7722424842	0.7664014679	0.7685415483	0.7853525121	0.7556396778
0.6110445431	0.7765685132	0.7524633104	0.7453190004	0.7836339544	0.7769624337
0.6737085459	0.790979112	0.6920093097	0.7370981152	0.7978962177	0.7617810993
0.7136747336	0.762439479	0.7857836847	0.6905417768	0.7675391865	0.763177699
0.6665970105	0.720603772	0.7910894891	0.7808382269	0.7774090827	0.7730164472
0.7877783909	0.6996163599	0.7110046727	0.7287197713	0.7480134348	0.7479931197
0.6587052691	0.7552663946	0.7948799205	0.7453370014	0.773623799	0.7961570812
0.6063888889	0.6477666404	0.7866498896	0.7777444407	0.7093552071	0.7510218818
0.6460985782	0.7433335892	0.7380354445	0.7321424303	0.7193555054	0.7564196801
0.7085610066	0.7615273851	0.7692287166	0.7455997042	0.719249099	0.7454450284
0.7751044352	0.6840296793	0.7524155727	0.816822475	0.7635413464	0.7829754662
0.6907010968	0.7581894056	0.7679911706	0.71477464	0.7713161893	0.7801351052
0.6899305556	0.6754556406	0.7835527284	0.8051453894	0.7451570724	0.7379105371
0.6159126984	0.8121211243	0.7643079273	0.7451713798	0.7625552373	0.7687480353
0.6412863407	0.7362189638	0.7201128165	0.6991266222	0.7412930827	0.7925886832
0.7619034994	0.7726545629	0.7267486643	0.7916493081	0.7758072319	0.7853560307
0.6530537413	0.6564973534	0.7653489773	0.7283092093	0.8158537604	0.766892976
0.5971291121	0.7326198846	0.7712138373	0.7814287416	0.7650666918	0.7607122717
0.7259624516	0.6475140518	0.7685670197	0.761065724	0.7079928704	0.7636887116
0.7058758861	0.7044334796	0.7549008341	0.7534589108	0.7534061899	0.785316588
0.7245804989	0.7529204615	0.7800255875	0.7427360983	0.789380892	0.7446377734
0.6274556213	0.7449690359	0.7740236708	0.7238618763	0.7565149257	0.7693227961
0.5811042651	0.7202883453	0.719836984	0.806585852	0.7460567788	0.7470820846
0.618835034	0.7786010118	0.7619014419	0.7388029484	0.7221728619	0.7924805307
0.6666788604	0.7432729091	0.732865303	0.676570054	0.7053916275	0.7937017848
0.7329513889	0.7306265215	0.7439443725	0.7594133696	0.7786351024	0.7810738229
0.6307699687	0.6867869454	0.7469769525	0.7443616248	0.7134204946	0.739965675
0.7047151228	0.7425035188	0.7676704122	0.7589959851	0.7404721711	0.7882670839
0.6959457901	0.7625019717	0.7573978661	0.7301425509	0.7628794121	0.7996385472
0.7632025109	0.7385342649	0.7948939782	0.7531612622	0.7760762199	0.7556195736
0.6712523215	0.7578248073	0.7846847469	0.7177766306	0.7633426647	0.7471674482
0.6457593688	0.7671634661	0.759498159	0.8182427544	0.7649604216	0.7944479911
0.6647651734	0.7684599068	0.7962735061	0.7015523813	0.7490826869	0.7537507902
0.6267062171	0.7248117078	0.8162195296	0.7508328244	0.6828757025	0.7762782595
0.7144869615	0.7949525697	0.7233745071	0.7727868269	0.7764713	0.7841492374
0.5365108413	0.7382640464	0.8286975095	0.8100196543	0.7486598039	0.7606366962
0.6466039541	0.7651349602	0.7529816394	0.7705967502	0.7643265834	0.7773514513
0.7574902902	0.7168935392	0.7084361118	0.7578248496	0.7338007882	0.7698246515
0.6555678105	0.809303997	0.7523196033	0.751886612	0.7195661004	0.7984424219
0.4435117067	0.7464244523	0.7887189351	0.7326593432	0.7622547244	0.8023590846
0.717100942	0.7011001914	0.762390155	0.7707364885	0.7604881138	0.7596808265
0.6425614316	0.6242799276	0.7340260922	0.7033028952	0.7740646127	0.7640171805
0.560425027	0.7204303197	0.783642158	0.7824434004	0.7588253385	0.7487158057
0.7380094955	0.7786547859	0.7954990894	0.7330195386	0.7787241723	0.7583681541
0.5683562303	0.7139553426	0.7493418421	0.7287892669	0.763395915	0.7573999658
0.6603273296	0.7505999437	0.7261240953	0.7693006567	0.7811611251	0.7781056893
0.6062975486	0.7520947369	0.8006425945	0.7655847997	0.7194253679	0.7538834611
0.5578139382	0.6857635971	0.7252858971	0.7448549448	0.7367942487	0.75645506
0.6351159951	0.753860281	0.7257324112	0.7719679266	0.7628684186	0.7653526498
0.6335664242	0.7271139041	0.7699243256	0.7854836801	0.7666362677	0.7805931124
0.4922799478	0.7247794161	0.7667811208	0.820171198	0.7426142743	0.7619549979
0.7818376899	0.7182177816	0.8099694307	0.7754082035	0.6924575843	0.7622243999
0.5708035421	0.720750042	0.7619183952	0.7412396282	0.7844944312	0.7674689096
0.6242833851	0.6436127436	0.7374079739	0.7841043402	0.7799802998	0.7347214633
0.6623322591	0.6514393792	0.7593978595	0.7869767954	0.7602953209	0.7627389526
0.6232735328	0.7265222712	0.7676549501	0.7640502356	0.7271746241	0.7404682612
0.6750052832	0.7635475287	0.7438460879	0.7228578339	0.7627470808	0.7799907321
0.7088662132	0.7823494656	0.7363927622	0.7412489417	0.7426556868	0.7382300537
0.7363917234	0.7055547038	0.8039368502	0.7625770488	0.8170724161	0.8120178569
0.7294729182	0.6853572038	0.731249113	0.7387898288	0.7507876606	0.7598584421
0.691330428	0.7016743022	0.7920785731	0.7527674746	0.7875635802	0.7554356757
0.651780754	0.6471393651	0.7481503617	0.7192283068	0.7113510084	0.7709573299
0.7601909722	0.7335309422	0.7407568089	0.7544600226	0.7752751622	0.7963780431
0.7075590765	0.6980615569	0.8236808333	0.7583132776	0.7685734534	0.751960625
0.6668328694	0.7091301215	0.7378883961	0.7434090205	0.7128660548	0.782084506
0.7739086223	0.7633266879	0.7185815905	0.7355975965	0.8069331241	0.7671741665
0.5984323216	0.7189438931	0.7545338564	0.7917853348	0.7657673381	0.765294111
0.7528974553	0.7981457182	0.6852324603	0.7587169272	0.7697726073	0.7733674342
0.6832394416	0.736643937	0.8006854653	0.7363789831	0.7464745635	0.7354733114
0.5240007246	0.7319307335	0.7537722694	0.7648258488	0.7936458223	0.7605622199
0.6657543998	0.7387957696	0.7351864596	0.765521944	0.743297352	0.7466513054
0.7472587554	0.7567081207	0.7489858881	0.7450789155	0.755268977	0.7882575791
0.780939122	0.7091634004	0.744992546	0.6970880732	0.7459283017	0.7796830933
0.6543297639	0.7390274456	0.7133746306	0.7387713293	0.7791746169	0.7758110271
0.6323689185	0.8091948885	0.7992681269	0.7646460286	0.7379067926	0.7526301389
0.6792405284	0.673430557	0.7039211162	0.7731719798	0.7751681424	0.7471741519
0.5233967755	0.681374339	0.7518377465	0.783673954	0.7590715251	0.8075529051
0.6288265306	0.6514190268	0.7304875152	0.7345064893	0.7669537371	0.7883739313
0.7740709901	0.742437369	0.6695713042	0.7429481447	0.7559136851	0.789820915
0.669940486	0.7289705208	0.751890653	0.7823690983	0.7355713592	0.7818250378
0.7005115772	0.6972067008	0.7463560583	0.7755796932	0.7756571797	0.7751393306
0.7648617623	0.7428479201	0.7837895097	0.7810978561	0.7203233824	0.7776761927
0.633985831	0.7496860841	0.8156445839	0.7646541969	0.7277440758	0.7411553987
0.7535946587	0.7430784949	0.7366777495	0.7493235432	0.7618119018	0.8032224306
0.6966292316	0.8008802217	0.7419118026	0.805389555	0.7547651554	0.7451975666
0.737544339	0.7166439958	0.773793947	0.7553012749	0.7838913839	0.7841650312
0.7439297476	0.698319481	0.7523332634	0.7766502806	0.7768073107	0.7419188592
0.628372386	0.8077377768	0.7372363798	0.7467710465	0.7680981275	0.7699890171
0.6319988905	0.7803616189	0.7320253395	0.7151294056	0.7635323544	0.7567022214
0.7511259599	0.7248486515	0.7765105608	0.7718658314	0.799648971	0.7438345033
0.688461938	0.6936425646	0.7414598219	0.7441772037	0.7380605255	0.7922793748
0.8194879974	0.7801086147	0.7130190627	0.7796638893	0.7752918822	0.7458391217
0.7434217609	0.6988802023	0.7571398524	0.8095988531	0.7502977134	0.7497216489
0.6173657234	0.766973754	0.7108549053	0.7452983936	0.7942372524	0.7728169454
0.7258601149	0.7297180362	0.7230130712	0.767593067	0.7815391427	0.7560372247
0.7631390247	0.6863280913	0.7193278566	0.7796083062	0.7849931143	0.7740723537
0.6528117914	0.7659840036	0.6259143968	0.7751242469	0.7873210715	0.7831945379
0.570807729	0.7838249002	0.7523238785	0.7407560432	0.7777105578	0.7596574062
0.7574153845	0.5776764414	0.789658264	0.7744802982	0.7277048395	0.8017683343
0.7472335601	0.7399720942	0.7441421284	0.781372003	0.7440270183	0.7608179131
0.6864716475	0.7472181345	0.7469992952	0.7505985447	0.7447391897	0.7792991976
0.7160679666	0.7804508613	0.7749486541	0.7076741724	0.7175320117	0.7468811995
0.6415201283	0.6349212659	0.7811540171	0.7460535009	0.7448623345	0.8115584747
0.5088526257	0.8145738253	0.7321997632	0.7286299777	0.7346972159	0.7796213002
0.617516749	0.7615708457	0.7286830574	0.730934519	0.8013819835	0.7632018943
0.708569504	0.7920401761	0.7592073757	0.7702352673	0.7476315859	0.7604875662
0.7805154742	0.7422448311	0.7537833361	0.73893605	0.7472126947	0.7628234936
0.6395879456	0.7418882769	0.7677153914	0.697711452	0.7469517231	0.7541138972
0.5869632291	0.771557159	0.7943117828	0.7708094927	0.7348851475	0.7674608362
0.7443472342	0.7515154325	0.8098349587	0.772977205	0.7594031228	0.7590735394
0.6395572936	0.6782119295	0.7450994774	0.7612990779	0.7852789648	0.7568338391
0.6488974828	0.7424481962	0.7016215058	0.721368542	0.7331199123	0.7391268223
0.6878796104	0.7652469136	0.8064802909	0.7451270145	0.7254383167	0.7727455175
0.6765690138	0.7464429012	0.7009525078	0.802458578	0.7417736285	0.7659026594
0.7165149903	0.7681733533	0.7311454561	0.7300960192	0.7800015432	0.75209232
0.6128782699	0.6348454044	0.7477893524	0.7805439595	0.7527140902	0.8099635358
0.7001132144	0.6916293926	0.783290848	0.7866958715	0.732535487	0.7407590191
0.5937797138	0.781773065	0.7224492825	0.7838502592	0.7576219216	0.7766081115
0.6034706813	0.7309596353	0.7698247969	0.7020614347	0.7785641488	0.782657961
0.6888888889	0.7469628936	0.7514969285	0.7225253634	0.7092004414	0.764955658
0.651963141	0.7748632554	0.795830349	0.7714383017	0.7583134494	0.7481867223
0.6758189158	0.7945997509	0.8198414981	0.7618089312	0.745396442	0.771555847
0.6016993343	0.666761243	0.7543797708	0.7455313548	0.7689600897	0.7682451763
0.6522537017	0.6663522421	0.7876281711	0.7764583936	0.756224113	0.7564325635
0.6635069444	0.7314386202	0.7770014819	0.8004605244	0.7966085581	0.7694085757
0.7667410714	0.7506857639	0.6723921767	0.7648174452	0.7427900312	0.7308045275
0.7522395833	0.7522046841	0.7596283795	0.70475961	0.79745478	0.771995974
0.6755952381	0.7730136246	0.7670890149	0.696232881	0.7833290141	0.7664570121
0.6639141811	0.8013834135	0.7844287695	0.7521055615	0.7171321367	0.7384756007
0.6539498697	0.7070067704	0.7172882089	0.7936111183	0.7955392632	0.8040569895
0.8150369516	0.7029747936	0.7711998436	0.7435795091	0.7916801375	0.7631187734
0.5522945431	0.7465043235	0.7463987837	0.7564592427	0.7875428535	0.7286398709
0.6433333333	0.7897085384	0.740513629	0.7649284886	0.7871195681	0.7901321637
0.6964019825	0.708653788	0.7314371579	0.7713595827	0.7676403959	0.7747394741
0.6961621315	0.7619819423	0.7567879274	0.7542685299	0.785030879	0.7464971587
0.6436543367	0.6721145213	0.7040186699	0.7972470937	0.7101121339	0.7622458399
0.5484725325	0.7822953918	0.7920626055	0.7837644714	0.779811799	0.7830851757
0.5653229411	0.7415694047	0.6962093311	0.7634545515	0.814788741	0.7931518536
0.7890967104	0.8174105057	0.7251912006	0.7249483279	0.771072525	0.7645718024
0.6381405896	0.7294539907	0.7901639062	0.7545509737	0.7536396077	0.7396999481
0.7130881939	0.711276005	0.7801894675	0.7896995888	0.7613936278	0.7414585828
0.7700787449	0.7553306828	0.7580762186	0.7715108761	0.7569179579	0.7908714228
0.7368755407	0.7397124709	0.7310332897	0.7394107395	0.7673984608	0.7540610018
0.7725997335	0.7883485896	0.764206146	0.6386199136	0.7641279597	0.7779038337
0.8335500561	0.6471876952	0.7656453644	0.7588724357	0.7710934161	0.7419469514
0.7436558961	0.7596569069	0.8057530518	0.7561920634	0.7472760821	0.7718124398
0.6977445085	0.7307284237	0.7611537037	0.7314062046	0.7436831527	0.7771486475
0.6769479362	0.6975279904	0.7439786973	0.7384096772	0.8074076508	0.7735842458
0.505497362	0.653963966	0.7656358395	0.807351123	0.7834936265	0.7314624451
0.6963328861	0.7472092409	0.7639715113	0.799166967	0.7864387924	0.7294767952
0.6553819444	0.7673955578	0.7100894113	0.7839145482	0.8109021483	0.7596975437
0.6888020833	0.8095601715	0.6583847654	0.784690825	0.7653948786	0.7810806166
0.6885260771	0.7341663195	0.7629277005	0.7572205271	0.8220218244	0.7798132993
0.6444965798	0.726998693	0.7943988617	0.7548412601	0.7582600581	0.7942784837
0.7480952381	0.7064259462	0.7648905691	0.7549289086	0.6880904459	0.7433648888
0.6452154195	0.7308515215	0.7521518012	0.7687528848	0.7511211058	0.7774512064
0.5995997979	0.7234699154	0.7376731801	0.7997990134	0.7694832521	0.7829734678
0.738750559	0.7669025164	0.7668544067	0.7489656106	0.7730828832	0.7424315926
0.59234262	0.7734889324	0.763977433	0.7807044309	0.7299106112	0.752343504
0.7112819938	0.7061263691	0.6799068502	0.7659698209	0.7342423095	0.7802853683
0.5882082101	0.7443787096	0.7839332921	0.7133620118	0.756623324	0.8037688602
0.6271223282	0.7918395759	0.7989371784	0.7552219856	0.7744109382	0.7666004869
0.7959952448	0.6225333277	0.7431832951	0.731317535	0.7955975979	0.7848227824
0.6812262613	0.7618043165	0.8047663362	0.7292661527	0.7889486732	0.8074416089
0.6708256173	0.7696901952	0.7758388327	0.7767203271	0.7291540156	0.7657389151
0.5465976331	0.7224725032	0.792380011	0.7943366657	0.7544644586	0.7566010956
0.7209084921	0.7391842302	0.7824948541	0.7502265652	0.7897137995	0.7663182816
0.5443594104	0.7452840967	0.7791072656	0.7660883305	0.7775654838	0.765016895
0.5989846309	0.6922071274	0.731522225	0.7785014583	0.8118470609	0.7856678119
0.66715598	0.6405100414	0.7515782755	0.7508666142	0.7880551023	0.8026837155
0.6180016884	0.8082685954	0.7737580861	0.7741920491	0.75393012	0.7404254971
0.7029633448	0.7581500526	0.7589381897	0.7043419014	0.7756456968	0.7968751396
0.6674138444	0.7548152558	0.7793187846	0.7476825869	0.7578131424	0.8188107388
0.7704340278	0.6671979186	0.7665201673	0.7446767831	0.7618316182	0.7827876457
0.584308937	0.702547725	0.7355783728	0.7744793404	0.776649205	0.7553179218
0.5538218348	0.728137315	0.737913508	0.7613590817	0.751756662	0.7657345989
0.6994356958	0.7207388094	0.7889637394	0.7199829745	0.7954360386	0.7915996424
0.7461128596	0.7427390051	0.8088578129	0.7811238755	0.737432813	0.7977348825
0.8204755606	0.8015736424	0.7159233285	0.7025906301	0.8108174508	0.7743075797
0.7944935022	0.6950119336	0.7241292491	0.7597731893	0.6940805021	0.7718339555
0.6788903061	0.7685436512	0.7514422673	0.7703814054	0.7490835808	0.7708241798
0.6797896121	0.6747234975	0.7702201529	0.7692434941	0.7014391042	0.7413310164
0.666476619	0.7641457104	0.7368324886	0.7649560427	0.7468984076	0.7507841483
0.5363604771	0.8442050066	0.669410811	0.7396213231	0.7307117174	0.7664735732
0.6424412964	0.7862575953	0.8026902645	0.7470538761	0.7701790429	0.7741160917
0.6804938474	0.6910584963	0.7912327724	0.7889911181	0.724933524	0.7446271274
0.5665321951	0.738260233	0.7729446094	0.7890866824	0.740806942	0.767589174
0.7145279732	0.7769865257	0.6855895098	0.7183267358	0.7981411943	0.7509819352
0.5931669284	0.8088263405	0.8008835742	0.7946461033	0.8120338399	0.7916582163
0.6970232735	0.6769900559	0.7330351215	0.7575385412	0.7539795171	0.7711480062
0.6163023837	0.7312135062	0.7434567101	0.7561835713	0.7872016033	0.7793997295
0.6234452361	0.7923084104	0.6916351393	0.774903699	0.7578087749	0.7887242483
0.7064344698	0.7130757611	0.7081284783	0.7134353757	0.7732178321	0.7543148729
0.6980261971	0.7124196266	0.746232954	0.7714891287	0.7320081683	0.7749038876
0.6705568153	0.7298095599	0.7598692674	0.6989374871	0.7911883809	0.784864108
0.7157481875	0.7590420882	0.7606977446	0.7966066411	0.7033962188	0.782098561
0.5862825985	0.7060954793	0.7614025295	0.7793291287	0.7365870703	0.7871193376
0.7743713185	0.6390894435	0.7575602399	0.7946317818	0.7098581511	0.7138167558
0.6752951389	0.6689080442	0.6771608563	0.7495717538	0.7259130896	0.7457246571
0.6498356009	0.6457097835	0.6975803278	0.69370745	0.8024471461	0.777498748
0.6128518492	0.7683915711	0.7446147851	0.701232232	0.7846340177	0.7518152854
0.7658179012	0.7193288923	0.7480332811	0.7283535053	0.7917540777	0.7908691464
0.7159598214	0.810382421	0.7863395531	0.7789618289	0.7990070441	0.777657145
0.7249681122	0.7579500391	0.8000697692	0.7448430716	0.7390383083	0.7614838687
0.7613718281	0.7361696266	0.8001200838	0.7611960508	0.7762140498	0.7220031171
0.7054713089	0.7309137822	0.7724672381	0.7747117622	0.7433041869	0.796925396
0.8101244042	0.7841050338	0.7039553544	0.7165725524	0.7233291474	0.7554464872
0.6928950859	0.7212580677	0.7388123018	0.7645006327	0.7738131637	0.7676507359
0.6620926816	0.77808388	0.7506797714	0.7211219045	0.7120024734	0.7647982165
0.6784389172	0.6173848069	0.7894366204	0.7586815	0.7761284144	0.764684446
0.7279493343	0.7497027482	0.6789010856	0.7147060338	0.8111799856	0.771477014
0.7372336189	0.7869281036	0.7771876342	0.7753751701	0.7937121499	0.7837313324
0.8054979856	0.7391508674	0.7586943968	0.7538437362	0.7581239371	0.771719837
0.7514448302	0.7750518792	0.7194452034	0.7488307045	0.7804027029	0.7716957927
0.6420708555	0.6486207881	0.755673847	0.7915810724	0.7907451037	0.7636858043
0.7920193445	0.710873031	0.778893226	0.7616692352	0.7575246213	0.7956710053
0.6687454394	0.7178131791	0.7438660305	0.7370332071	0.7994193985	0.791205152
0.6882867525	0.7379937821	0.7699655752	0.7375181079	0.7328730085	0.751918684
0.6598256803	0.7089478812	0.7927531363	0.8053307175	0.7702880997	0.7720404039
0.6487379808	0.7249360063	0.7174810452	0.7801268535	0.7545931553	0.7485215347
0.7757552436	0.7352429919	0.7575680333	0.7881711392	0.8266756977	0.7864383419
0.6915070146	0.7631375602	0.686561699	0.7444284239	0.7513247018	0.7560353839
0.6980599248	0.7353142052	0.7438581793	0.7536999607	0.787812097	0.7940570455
0.6112333454	0.7363463452	0.806040976	0.7604632286	0.7245672922	0.8132940939
0.6938428854	0.8698188579	0.7028756691	0.7803188639	0.6873330831	0.7844299317
0.7595596045	0.7193075687	0.785301913	0.7447613804	0.8412858603	0.7714159798
0.6785847956	0.7196933688	0.7875612275	0.7725280707	0.7517650083	0.7750533467
0.7696180556	0.7274717904	0.7493467111	0.6883250353	0.7867351642	0.7960471375
0.6571911029	0.7748316974	0.7651474373	0.748863053	0.7426297852	0.7383953137
0.6985659106	0.7455190833	0.77155338	0.8634164441	0.7087411142	0.7731836975
0.7341833192	0.8352797602	0.8057246475	0.7395378054	0.7792049934	0.7451338899
0.6260516096	0.7700055538	0.7392008422	0.7907206088	0.7458448345	0.780236997
0.663839953	0.7225189664	0.792693581	0.7017790637	0.7764797982	0.7398548001
0.6581464642	0.7972685496	0.7250245765	0.7225785463	0.7529346236	0.7835686576
0.6405941815	0.7627944657	0.8168458619	0.7685017624	0.7732888996	0.7819148491
0.5041896967	0.5856876116	0.7876104316	0.7878059649	0.7877082332	0.7607748993
0.5818614336	0.7633763911	0.7729143072	0.7564052189	0.7992559774	0.7771178773
0.6849539816	0.7281026928	0.7642110953	0.7896644423	0.7597189429	0.7337353078
0.7486348414	0.6811632461	0.7821218077	0.7890245231	0.7256284772	0.7577578275
0.7143563308	0.6966085601	0.7481444066	0.7263058397	0.7805499271	0.768987046
0.6424747973	0.7461973933	0.6821293875	0.7326121268	0.7667233152	0.7864741812
0.6962620663	0.667808731	0.7232972361	0.781371793	0.8253511873	0.7975213168
0.7312142149	0.7437941047	0.7468535953	0.7275628805	0.7355188031	0.7833205609
0.5942333479	0.7322890213	0.7314319901	0.7557186323	0.7623275001	0.7656920164
0.5489324961	0.7368606788	0.7195250498	0.7713372245	0.8026304262	0.7698158776
0.6534693878	0.7080418864	0.7484475322	0.7944260923	0.8149002373	0.7452873862
0.6916006085	0.7573607193	0.751095048	0.7346290557	0.7347328607	0.7840600285
0.559956527	0.7129722633	0.6937761967	0.732263878	0.7467562693	0.7918998522
0.7469145295	0.7119189003	0.7675293586	0.756482116	0.7772876801	0.7896128718
0.6227574795	0.7634959885	0.718651074	0.7306458022	0.7622066521	0.7793074099
0.742074163	0.7002193759	0.7759749076	0.7565550092	0.79442198	0.7827629838
0.6516239316	0.7380360275	0.7555329548	0.7435062584	0.7771589883	0.7772491385
0.6954300214	0.7399283724	0.8001391641	0.7113049752	0.7484814415	0.7728129368
0.6463718821	0.765051705	0.7144450426	0.7532008358	0.7639167456	0.7616992449
0.6751547091	0.7647282511	0.7560123396	0.7479411464	0.7479795614	0.8166077343
0.5999819698	0.7116080379	0.7615600974	0.7513225229	0.7264388531	0.7658594587
0.6874468537	0.7720872811	0.7117011404	0.7127044998	0.7344330291	0.7635010681
0.5714717782	0.6854579871	0.7771683771	0.7497589728	0.7458992167	0.7844320047
0.8089007118	0.7302492692	0.7602088388	0.7651455545	0.7723498262	0.7578775277
0.6992471348	0.7261771896	0.7242840122	0.7363548207	0.772439666	0.7285788581
0.4735340417	0.800837141	0.7700687779	0.7855560306	0.7749994288	0.7496965435
0.7242901235	0.7174801949	0.7290695866	0.7821570585	0.7411746381	0.7990833258
0.5974864336	0.6983685282	0.6864882699	0.6970394522	0.7690786383	0.7925576689
0.6554255241	0.6775684696	0.7559701399	0.7635197028	0.7998661132	0.7998141259
0.5108689056	0.7954169494	0.7769849537	0.7461738507	0.7464441741	0.7913855348
0.7147499	0.7091984796	0.7924423025	0.7984132563	0.7666354596	0.762607328
0.7453401361	0.7252275304	0.6921387655	0.7817118636	0.7837741464	0.7550083272
0.7989599553	0.659580046	0.7387827622	0.6952460461	0.7543082429	0.7565506914
0.5741624066	0.7433527232	0.7554395576	0.7778246028	0.7951482941	0.7604216261
0.8455009625	0.6758589263	0.7142786577	0.726469115	0.7895266063	0.7797207717
0.6401432141	0.7600894212	0.7586144649	0.8046831682	0.7810329137	0.7580129421
0.6211104812	0.7494214087	0.7863206962	0.7788205919	0.7619967308	0.7803496295
0.6184238329	0.7561564299	0.8018520629	0.7645689809	0.7966396655	0.7207432515
0.6439751827	0.6891678252	0.7363332416	0.7768956646	0.7842411987	0.7895434449
0.6248341193	0.6955239728	0.7355718785	0.7147672423	0.7598231252	0.7491763006
0.5779478458	0.7668173728	0.7111759653	0.8090848014	0.7622547936	0.74495155
0.5501109467	0.6891282274	0.789389559	0.7685372651	0.7629082416	0.7897821126
0.6500591776	0.7052952524	0.8090702571	0.766909129	0.766336283	0.7409748642
0.7107780612	0.7338842308	0.7787543643	0.7745541939	0.7875323845	0.7801011227
0.6590981468	0.7734321766	0.7705605345	0.7737249235	0.7744407391	0.737733241
0.5984805432	0.7705329035	0.7187346256	0.7948215328	0.7565681889	0.7882443605
0.717826599	0.7525541053	0.7950558169	0.7248472559	0.7450079962	0.7602111555
0.6736983276	0.7851840263	0.7604041699	0.7405086026	0.7340933278	0.7073382059
0.7677364966	0.7924875475	0.7529916778	0.7748247806	0.7904228755	0.7468802109
0.740863836	0.7512716563	0.7327617628	0.7771822774	0.781330278	0.7956299999
0.8377729153	0.7078829355	0.7903894243	0.767093732	0.7813946266	0.801947244
0.6959430831	0.6433899653	0.74196416	0.7675423912	0.7647120877	0.770386886
0.6933885971	0.7837026021	0.6699002811	0.8168589345	0.767962686	0.7583766311
0.7069329167	0.7200716014	0.7491983554	0.7659106357	0.7935570586	0.7311407471
0.5870181406	0.7782899135	0.7636569878	0.7746624507	0.7764654025	0.7540202018
0.7499229069	0.7106194716	0.8003098619	0.7766377879	0.7918978714	0.7891317478
0.7215270692	0.7076360209	0.7659912239	0.7667094556	0.8023899306	0.7487116735
0.5660565686	0.7879673873	0.7432677283	0.7843734896	0.790386149	0.7762484044
0.6956634261	0.7658344376	0.733111856	0.792786157	0.7766884781	0.7939972412
0.7073153027	0.6642098016	0.7644177828	0.6769331738	0.7739179357	0.7722013022
0.6548666456	0.7968086659	0.7282636306	0.7542668392	0.7915114237	0.7467635934
0.5931296983	0.7018777657	0.7637014814	0.7957568085	0.8143829437	0.7490590365
0.6006122449	0.7533207303	0.8229950716	0.7687171673	0.7460966771	0.7404218398
0.6839645026	0.7496667871	0.7227013441	0.7646981759	0.7677476512	0.7653541028
0.5605603188	0.7392421276	0.7760583933	0.7791284458	0.7268378352	0.739425894
0.7069768803	0.7620248761	0.7091095288	0.771860088	0.7248394806	0.8126378904
0.6377463806	0.7471756281	0.7385020673	0.7472687119	0.7482769292	0.7751804919
0.5131798036	0.7772926978	0.7686772796	0.7518000527	0.7723539029	0.8015228803
0.70861678	0.7766823469	0.7339801616	0.7349443835	0.7238454291	0.7822920423
0.6717548077	0.7841937896	0.7194238028	0.7475857139	0.7601996943	0.8066084392
0.7147222222	0.6659944922	0.7252876763	0.7639032856	0.7595991639	0.755616508
0.6188501016	0.7428506605	0.7565648451	0.74179371	0.7995368264	0.7404188491
0.8226256954	0.7596080247	0.7675631728	0.7320335534	0.7564973471	0.7560155898
0.7907638889	0.7153921933	0.7284996989	0.7044853212	0.7461292803	0.7742296032
0.7487779701	0.7331155679	0.7259741906	0.7976750833	0.7400113043	0.7339361186
0.7237962963	0.739312546	0.7360529094	0.7911577056	0.7550614069	0.7614594212
0.735426285	0.7699608098	0.8371996219	0.7408622944	0.7908847095	0.7696976928
0.6360196521	0.797440553	0.8037974501	0.7297939038	0.7885431671	0.7470691239
0.669970584	0.6625548444	0.6953384965	0.7188005815	0.7709450093	0.7637947697
0.6142045043	0.7746189874	0.7357849583	0.7633522799	0.7614535654	0.7821012911
0.6945591962	0.7444358732	0.7558051343	0.776018443	0.8169423769	0.7687254778
0.7689704814	0.7380096546	0.7673320765	0.7702824497	0.7791895191	0.7743090199
0.7303993056	0.6666633304	0.7477030529	0.7263656163	0.7477394299	0.757767632
0.8074550073	0.6885289996	0.7850956155	0.8026310388	0.761846144	0.7618405915
0.656307939	0.7562299908	0.7448403311	0.7651344357	0.7516827207	0.7281310717
0.8363233025	0.6774222932	0.7019593344	0.7135302926	0.7446393105	0.7931295935
0.634052591	0.7920232675	0.7042251776	0.7526732796	0.7774894693	0.7909570319
0.724393152	0.8112285289	0.7738258542	0.7991034606	0.7540262289	0.7396951973
0.7006222049	0.6921591814	0.8028605748	0.7234703587	0.7813785761	0.763190636
0.6362477732	0.7922041778	0.7258519825	0.7519925495	0.7456244803	0.8218319835
0.7069348781	0.6481482888	0.7182829649	0.7591015684	0.7997295679	0.7560550344
0.7499537722	0.7063255949	0.6860630892	0.7473053667	0.7255173012	0.7734083144
0.6084681131	0.7858414036	0.7355762302	0.7271334835	0.7493193997	0.7972596141
0.6685328306	0.7862424084	0.7999985644	0.739888125	0.7328315934	0.7628188995
0.7710790198	0.7136456903	0.7348980696	0.7577034007	0.7156487343	0.7574743108
0.6421042375	0.7821515574	0.7799646684	0.774058374	0.8103898942	0.7710761346
0.6880902778	0.7596713073	0.7607600571	0.7972786555	0.7367931448	0.7960920108
0.5949027161	0.6932767121	0.6934771994	0.7794796024	0.7187153774	0.7802220878
0.6673841412	0.7495997417	0.7662423922	0.8041796455	0.7659922719	0.7295287992
0.6998767188	0.744190259	0.7646531222	0.8040154391	0.7469470473	0.8064102837
0.6746170639	0.6771212992	0.7994994214	0.7808341115	0.7234895003	0.774767319
0.6209447937	0.7830983165	0.8131518126	0.7380735527	0.7719454684	0.7558188008
0.7822401841	0.7323713985	0.72643571	0.7288506357	0.7799962368	0.7376877773
0.6815083621	0.687718254	0.822125341	0.7915373124	0.8015588714	0.773358054
0.6145430281	0.7554394803	0.7407909448	0.8216095185	0.7275900783	0.7564812203
0.7063373611	0.8138647701	0.6714977776	0.7715901621	0.7780931124	0.7575082458
0.7125644107	0.7498418407	0.7809853058	0.7546002722	0.7717287732	0.7964750995
0.6322544643	0.7935592837	0.816872836	0.778598759	0.7732128792	0.7511306189
0.805301525	0.7675609555	0.7412140374	0.7690362257	0.7438971593	0.7247420137
0.5954934023	0.7486550024	0.7599092119	0.7261633876	0.8164149319	0.7906955059
0.7640488788	0.7188803812	0.7885228558	0.798272557	0.809480019	0.716016981
0.6081303922	0.6996053617	0.7320011277	0.7838518542	0.8127044645	0.7748792864
0.7859547623	0.7495372129	0.7535216753	0.7958421972	0.7741957391	0.7736183673
0.5957354282	0.8430745386	0.7956905684	0.7909244351	0.7208490443	0.7708658638
0.7333258929	0.6336210962	0.7278950178	0.7846216829	0.6905211278	0.7529731724
0.596953669	0.7346525577	0.6962870522	0.7838463946	0.8001657933	0.730476612