0.6654046202	0.6519163534	0.7698655283	0.7707492435	0.783122219	0.7469558577
0.6394530988	0.6719289123	0.7232538954	0.7754507392	0.7459111966	0.7494456391
0.7057557398	0.7299284593	0.7194725701	0.7683705369	0.7849439069	0.7928066195
0.7134621489	0.6887821862	0.8044088417	0.6869100272	0.7734917783	0.7909698655
0.6037901062	0.7464632256	0.7425380054	0.7189930192	0.773652482	0.7777304139
0.6475605867	0.6840782154	0.7170172017	0.6874588743	0.7313697698	0.7666484076
0.6253554992	0.7973649367	0.7104787872	0.7290430206	0.7532555934	0.7134296745
0.7196304563	0.7232858836	0.7400619947	0.7298240186	0.8018781093	0.7820657125
0.6677990363	0.7483942773	0.6762515801	0.74140314	0.7230940191	0.762158354
0.7175237303	0.714491966	0.763900718	0.7790039107	0.7971467516	0.7678242783
0.7468576389	0.7738395629	0.8034375001	0.754002351	0.7236864891	0.773630455
0.6768608277	0.7096394712	0.7653945523	0.8051010933	0.7772672076	0.7610855536
0.6246353139	0.7307532596	0.7100887798	0.7508146563	0.7457154111	0.7800620412
0.5609089279	0.7673456663	0.7365159646	0.7797890247	0.7465396936	0.7426203543
0.6316906022	0.736054032	0.7580558063	0.7324973176	0.7651979975	0.743070303
0.8181498702	0.7361397353	0.7231351103	0.7405632676	0.7489147422	0.7621292666
0.5933590155	0.7445321683	0.7192750342	0.7675287713	0.8030377701	0.7721013668
0.6296689879	0.7977248353	0.7664779279	0.7525968913	0.7681579647	0.7641110291
0.7071452199	0.7636462898	0.7854994087	0.7358034789	0.7559269472	0.7819952524
0.6809297052	0.7643290045	0.750249152	0.7814533936	0.7879621774	0.7741326881
0.6416814596	0.745910887	0.7789067347	0.8089378135	0.7743535632	0.7551444081
0.8139484814	0.7463605168	0.7545558796	0.7357614715	0.7617849038	0.7805181187
0.7482688098	0.7438615082	0.7490525099	0.7501992252	0.8112972597	0.7743024657
0.6513307823	0.6903446581	0.7645861956	0.7766728083	0.8064223267	0.7715042198
0.6382679226	0.7644949354	0.7511396423	0.7320103803	0.7508378373	0.7666584311
0.7364197531	0.6967074871	0.7100357204	0.730291595	0.741798137	0.8039614432
0.6310941043	0.7632893721	0.7667352614	0.7592611324	0.7603868064	0.7604577564
0.6977576913	0.7645952253	0.7633929528	0.7574583134	0.8161935004	0.7666438813
0.6353998465	0.6852450276	0.739638867	0.710306132	0.7406618471	0.7403847803
0.6563297194	0.7216086484	0.7251962779	0.7409682692	0.7690479598	0.7919906341
0.6408400812	0.8321729282	0.7656697505	0.7836787764	0.7596538464	0.7096909687
0.6776166436	0.750326238	0.7127710475	0.7565026144	0.7569592954	0.7611550274
0.7377545982	0.699791126	0.7283389755	0.7915448074	0.7666614511	0.7420632434
0.6708216412	0.7839186831	0.7637291948	0.7296868307	0.6985013744	0.7718202971
0.7922337562	0.7686246548	0.7814028689	0.7760150028	0.7678945503	0.7748338427
0.6727157738	0.7804595764	0.7630850233	0.7856505417	0.7564153252	0.7884513893
0.5936961451	0.7615679684	0.7772666466	0.7230308851	0.8055079588	0.7771013558
0.7106314089	0.7615100935	0.7069102386	0.7562017502	0.747539733	0.7598325893
0.6695825967	0.7076607425	0.7628912809	0.7815315493	0.7758731143	0.7470183274
0.6692215111	0.7109676949	0.7512568974	0.7191628083	0.789421481	0.7614575307
0.6693275227	0.7600838375	0.7386651643	0.769274999	0.7233160992	0.7842908202
0.6476468519	0.7486171824	0.7007742726	0.7610297762	0.7628926947	0.7787339314
0.7138816453	0.6948662022	0.7153877986	0.7202642492	0.7529277591	0.7763653682
0.6906352749	0.7385552365	0.7507752209	0.7752925758	0.7279475806	0.7670723923
0.7337933437	0.7822450161	0.7542676438	0.7830381727	0.7179696573	0.765276549
0.6739477041	0.6987910058	0.7312346909	0.7705678491	0.7743575736	0.7614363598
0.7091851926	0.6994991732	0.7798089604	0.7428401713	0.7456255403	0.7539586004
0.6981849385	0.7468785329	0.7681915237	0.7264784636	0.7225223208	0.7979340728
0.7412558872	0.7216539613	0.6962272349	0.7788332509	0.7667851279	0.7588873135
0.6381405896	0.7013114872	0.7671496918	0.7791396864	0.7089994626	0.7688620515
0.6782516928	0.7373491015	0.6978291442	0.7714473244	0.7490009552	0.7503017191
0.6556218566	0.7064895408	0.6791379872	0.7594307031	0.7452773668	0.7978638691
0.603262348	0.7610240698	0.7477885383	0.7190932468	0.7252400176	0.7556976911
0.7429049745	0.6984036305	0.7225364738	0.7189843349	0.7363816279	0.8015372578
0.6817070358	0.6992285002	0.6767162985	0.7624004523	0.7963601742	0.7408240464
0.7469277061	0.6861990182	0.7448822141	0.7754655986	0.6969170305	0.7685519943
0.6052869107	0.7278388172	0.7351071248	0.7306205846	0.8184113813	0.7775600171
0.6147320842	0.7098941025	0.7738031331	0.7460837102	0.7635188962	0.7847013718
0.7305651672	0.7433344416	0.7397640749	0.7738648107	0.7550202664	0.734070126
0.7202386106	0.7968365767	0.7750865826	0.8334925336	0.7939814332	0.7721212852
0.6215060266	0.7264551373	0.7948117921	0.7514075869	0.6912540809	0.7699471242
0.6044592566	0.7533777083	0.6813412045	0.7342721896	0.7914369362	0.7755584276
0.7262141755	0.7343234082	0.7707210842	0.7548314284	0.744761437	0.8053716677
0.7414278763	0.6855584947	0.7040516636	0.7956309845	0.7716893458	0.7737052986
0.7831693339	0.7709948111	0.7117290727	0.7860077174	0.7084020563	0.7524713527
0.7635834665	0.7709171953	0.7322752433	0.7884905053	0.7528006588	0.7768221839
0.7996576504	0.7098545564	0.7284049045	0.7886620352	0.6983264066	0.7781625005
0.7902836649	0.7130476195	0.7479124675	0.7500794322	0.7392507549	0.7660834874
0.7135823079	0.7522282061	0.7838338526	0.7866871368	0.8090467105	0.7842030695
0.5876190476	0.6764192204	0.7397050341	0.7676845428	0.7659197877	0.7362980323
0.6884431689	0.7450707052	0.6674237003	0.7821856513	0.7586296975	0.7609425201
0.6038220022	0.6943866495	0.7127187007	0.7382003837	0.7270228385	0.7969005378
0.8065904364	0.7062490076	0.6900780142	0.7595304076	0.7824153774	0.804778333
0.6615114796	0.814656262	0.663143038	0.7565985047	0.7410613832	0.7915833735
0.6313414116	0.6882812768	0.7727437583	0.7188153978	0.7774274831	0.7572878216
0.7613382363	0.7528107	0.7581726881	0.7530486242	0.7973490395	0.7703589028
0.7247621845	0.716433365	0.7256449225	0.719873714	0.7605772118	0.7848919599
0.7454209919	0.6319471515	0.7294382855	0.7458978345	0.7720986631	0.7952873928
0.7220659722	0.7045560901	0.7250129742	0.7494860395	0.7606237862	0.7752196089
0.7177373866	0.6735971647	0.6863455594	0.7958250541	0.7333412479	0.7680474745
0.7351721939	0.7947666291	0.7102523764	0.7788109774	0.8127033591	0.7755458502
0.7434738442	0.7493901487	0.7198948594	0.7393047192	0.7820656085	0.7872505214
0.6092551851	0.7146095479	0.7804424171	0.7759083477	0.78438732	0.7653512439
0.7121999008	0.6676862117	0.7235583868	0.7570611288	0.7813206034	0.78125901
0.561760355	0.6495943996	0.7471888414	0.8264215673	0.7966647146	0.7852480383
0.6291590878	0.8114112304	0.7739908996	0.7510288704	0.7628050989	0.7445060045
0.7239583333	0.6450445613	0.7468409128	0.8152487281	0.7731951297	0.7563418999
0.7676280326	0.7169443856	0.6998412912	0.757322923	0.7465146348	0.7413869741
0.7317180549	0.7528181712	0.7082727318	0.7861960057	0.7303499467	0.7513488891
0.5461185579	0.7739954623	0.714044386	0.7674860185	0.7863159008	0.7635119626
0.6614409722	0.748094186	0.7550256164	0.7233308629	0.7288479989	0.7813965837
0.7113932141	0.7425213867	0.7743681716	0.8162133989	0.7854982898	0.7778062213
0.7464756944	0.6807398823	0.7002662541	0.726181381	0.797588041	0.7959024588
0.6682876276	0.7642119156	0.7831733392	0.7325372187	0.756619696	0.7837339987
0.7681199539	0.7204760878	0.7313068518	0.8188022657	0.7260150939	0.7644880334
0.7281386819	0.7721621351	0.7434905733	0.7782989755	0.7324300564	0.7984851966
0.648523288	0.7646930948	0.7352832076	0.754550422	0.7720587487	0.7556998397
0.5866439909	0.746587954	0.7326557209	0.7784582784	0.7697137425	0.751585286
0.7089514237	0.7984635417	0.7283935268	0.7855055977	0.761524029	0.7658043341
0.6615972222	0.6684754975	0.7400302679	0.7903153801	0.7848415547	0.739414708
0.6034010922	0.7754780426	0.7255777804	0.7956181588	0.7845603069	0.7975917888
0.694532872	0.6740590978	0.7006664102	0.7667845101	0.7447913628	0.7510290137
0.812647179	0.7565427036	0.7707947171	0.7898532412	0.7746607631	0.7967769449
0.6183952175	0.7356635517	0.785981867	0.7665856663	0.7661754094	0.7698254582
0.67015625	0.637771679	0.7227010105	0.7768977416	0.7799224049	0.761013075
0.6553968254	0.7771237048	0.78339478	0.7800569259	0.7490737698	0.7693435262
0.6398271038	0.6710458593	0.7864934441	0.7745817655	0.8314021938	0.7748409106
0.6056474809	0.7779172609	0.7278596465	0.7385358159	0.7956467493	0.8003618775
0.5895628547	0.7673040589	0.7713743845	0.7825590449	0.7809888734	0.7732606293
0.6065475016	0.6866374522	0.6844704696	0.7690452213	0.7521286581	0.7934980893
0.7369491914	0.7335446477	0.7087598942	0.7144539794	0.7447792455	0.7982761715
0.7427687067	0.7735652435	0.7278851835	0.7480330904	0.7615848829	0.7517187374
0.6357498528	0.7435242458	0.7895059516	0.7464965816	0.7860245348	0.7524539728
0.6634516723	0.6778233415	0.789122798	0.7820092934	0.7838262679	0.7696650818
0.6236584501	0.6347571476	0.7382851773	0.7657455282	0.7739201952	0.7722335203
0.6993088216	0.711335034	0.7045999494	0.702231086	0.7621609815	0.7833140789
0.6788035104	0.7004463049	0.7574528185	0.7680414112	0.7573279116	0.7576754771
0.7081306689	0.7295849108	0.7760655054	0.7533013135	0.7676673251	0.7607289486
0.7233170351	0.7632942331	0.7554852673	0.7925675724	0.7897191937	0.7467444417
0.7837509906	0.7298182013	0.7276845717	0.7087998148	0.8019403079	0.7455922163
0.7427749349	0.796377359	0.7307778377	0.7355313353	0.7775194917	0.8010297552
0.6890008503	0.7437275798	0.7422170903	0.7693330758	0.7645230836	0.7806910906
0.6743764172	0.7163112942	0.7087155181	0.7268590047	0.7530079906	0.7668485524
0.7835966936	0.7675298785	0.7839786526	0.7708776908	0.7884590942	0.7603830837
0.6841744615	0.6560748021	0.7800851253	0.7058793843	0.7506671944	0.7449350201
0.6437806131	0.7388512145	0.7329707074	0.7767772708	0.7508861146	0.7702749308
0.7288504777	0.741495643	0.8000375821	0.6967179058	0.7631492562	0.7886582891
0.7312448938	0.7163927963	0.7168104829	0.7689240082	0.8032025395	0.778729936
0.7369503316	0.6567095387	0.7730996541	0.7798113029	0.7542124764	0.7617126171
0.6542512585	0.6983318888	0.8002820881	0.7437244198	0.7342886347	0.748197405
0.6532836715	0.7036202991	0.7486748735	0.7711070579	0.7504747465	0.7385012202
0.6930803571	0.7205470638	0.743980003	0.7983081147	0.7931780191	0.7565379514
0.7225	0.7089476772	0.7736820713	0.7979668492	0.7898325806	0.7680917862
0.6174681689	0.7657602122	0.7385794642	0.7358084135	0.7667818357	0.7667614035
0.7657658179	0.7241368166	0.7469287807	0.7389441047	0.6997815006	0.7499045634
0.5389848247	0.7326125878	0.6802903461	0.7305321189	0.7538854167	0.7419028477
0.7244752212	0.6528371244	0.7165785366	0.6921602931	0.752661409	0.7712028264
0.6341907009	0.7578684771	0.7755960987	0.7635762436	0.7822782595	0.7737333454
0.6791857135	0.6484463577	0.7661913681	0.8137078429	0.7437700611	0.7786940008
0.6377230256	0.7054046227	0.7295307641	0.7520356415	0.763038331	0.7559702187
0.5732653061	0.7126285709	0.7380056668	0.7966361553	0.7497705738	0.7957868027
0.7460112096	0.7895301998	0.671823889	0.7332029132	0.7523392059	0.7582807049
0.7169270833	0.6947818865	0.7716125295	0.764936003	0.7619896395	0.7680452892
0.6363857001	0.6793123445	0.7633806818	0.7535640659	0.7365673302	0.7622526086
0.7773309555	0.7294363194	0.7374555408	0.7297515981	0.7638875885	0.7619524727
0.8261651168	0.7959159738	0.8006338692	0.7896913489	0.7042075141	0.7286891581
0.7294199972	0.5604552349	0.837520746	0.7228381126	0.7794276001	0.7355199889
0.7647661156	0.6847178977	0.7103626574	0.7662866695	0.7625428448	0.7559499866
0.6622222222	0.7408039981	0.6703489959	0.816883893	0.7389008249	0.7539698286
0.7054929611	0.6999139895	0.6437946429	0.7676506682	0.712720245	0.7344507564
0.7134483722	0.7379167739	0.7772514288	0.747686882	0.7559692785	0.7759571099
0.7077126355	0.7245444335	0.7432901284	0.739179308	0.7556359087	0.7544611621
0.7936701629	0.6342856378	0.7478158128	0.7941982866	0.7424735857	0.7649568074
0.7912251298	0.7568831623	0.7628293802	0.7479909667	0.692960865	0.7353751079
0.743015873	0.6299415303	0.7250131308	0.8137953361	0.7320031272	0.7674816829
0.7043209877	0.6976084069	0.7144962612	0.7325427937	0.7477868083	0.7604361058
0.7809057214	0.7230466291	0.6846068328	0.7985038748	0.7584334722	0.7493042422
0.7318779436	0.7504191649	0.7345950333	0.749961469	0.7637848036	0.7276891078
0.6191223551	0.8016975309	0.694914756	0.7790518669	0.7533265904	0.7801367837
0.6207417084	0.7213199171	0.7738869345	0.7544519756	0.7563879144	0.7564546932
0.7482694757	0.7250880874	0.7643636901	0.752437063	0.7424988155	0.7606867707
0.7170758929	0.7786683837	0.7325660824	0.783469187	0.721764169	0.7456614628
0.7171296296	0.8337245457	0.7673171163	0.7473539932	0.7068209266	0.7736225047
0.7093307115	0.7845676422	0.7454356889	0.754306573	0.7771004287	0.7879488863
0.6546701389	0.7255587989	0.7361302957	0.6908148765	0.7478227644	0.7691259699
0.5799656659	0.766575622	0.7974476857	0.722706605	0.7673831599	0.7484972705
0.7092369376	0.754100997	0.7194111101	0.6996641663	0.7511551745	0.7623799835
0.711937004	0.6842909902	0.7556658407	0.787515601	0.7549747707	0.7357465453
0.6727463534	0.7382667726	0.8084988054	0.7625466911	0.7803457989	0.7917288714
0.7683102006	0.7022112387	0.7751659123	0.7353344429	0.7309798324	0.7773750579
0.633297892	0.6739042353	0.7611956538	0.7404403832	0.7688168475	0.7489297187
0.6478550883	0.7227042314	0.7163923028	0.7836036005	0.7855317877	0.7845776513
0.679380615	0.814058704	0.7796885146	0.6998006416	0.7870872836	0.7589987839
0.7869463067	0.7660491778	0.6988972155	0.7807925021	0.7632744855	0.7559923135
0.6433069062	0.6970983958	0.7164110727	0.7444545638	0.7447586099	0.7691961967
0.7545742623	0.8025944348	0.8174509319	0.773828824	0.769111311	0.7767261858
0.7312289144	0.7785243113	0.7590776086	0.7149593626	0.8160332344	0.729830752
0.6724815676	0.7685496437	0.7270172569	0.7584489979	0.7522113462	0.7554021739
0.7073403479	0.7625971081	0.7808001672	0.7918882333	0.7643303588	0.7980130533
0.7626643488	0.7412628782	0.7889976356	0.748811867	0.7663352421	0.7717768124
0.75390625	0.7586214725	0.7267361925	0.7856156963	0.7627297956	0.7724004229
0.7560357033	0.7297513527	0.734878361	0.7825952995	0.7324033415	0.7743975414
0.6884684977	0.7787422357	0.7563915341	0.7821137226	0.7539289937	0.7607098042
0.7399371513	0.7463753803	0.7905490886	0.7277481051	0.7655058061	0.7929037872
0.7278277586	0.7296103953	0.7782038355	0.7866751599	0.7765807841	0.7531595494
0.6561451247	0.7585652131	0.7470759162	0.7672168724	0.7755808925	0.7696140706
0.6037122462	0.7038627079	0.73781898	0.7533575571	0.7381511022	0.7845116745
0.6657401502	0.757467894	0.8364605113	0.7454617368	0.7612493876	0.7859954587
0.6508726616	0.7429915699	0.7302936188	0.7526861367	0.7433416441	0.7541638024
0.6736239522	0.7365960367	0.71513141	0.7682025327	0.7783073633	0.7887672485
0.7749905109	0.7479913864	0.6926689095	0.7709907357	0.6895647952	0.7840545504
0.6012807158	0.6758496111	0.686136222	0.7790962512	0.7082316198	0.7940456839
0.6447247859	0.7763628472	0.7408683597	0.7379747102	0.7688619056	0.7857744895
0.7903144223	0.7185103628	0.7338834352	0.7242596056	0.7300368602	0.7520594724
0.7481332901	0.669621205	0.7351318918	0.7368163519	0.6494466552	0.7859948466
0.7896437067	0.708849915	0.7440693368	0.8007437377	0.728071267	0.7549614497
0.7415083681	0.7749948794	0.8001930908	0.7362261924	0.7584396164	0.8056805768
0.7185516908	0.765128518	0.7573130672	0.7640313654	0.7685503972	0.72548943
0.7097759275	0.8335565147	0.7227524225	0.7811965944	0.7486793368	0.7776084366
0.6592548077	0.7091323549	0.7361391249	0.7330294979	0.7438546424	0.7617093161
0.5522455688	0.6980251738	0.7226738794	0.7684575644	0.7397345273	0.7737196782
0.8406459054	0.7512475198	0.7373102068	0.7589664014	0.8044548883	0.7553073832
0.6496598639	0.7237710666	0.7715780599	0.7556858365	0.7636802499	0.7684337758
0.7536514201	0.717202129	0.7667257695	0.7339996819	0.765064563	0.7657499794
0.7006940818	0.7833428843	0.7171179123	0.8001500437	0.7806883912	0.7672368344
0.7230381944	0.6597105687	0.7598268835	0.7114721496	0.7775794917	0.7494611953
0.7941387121	0.7830140043	0.7222590421	0.7155110572	0.781729082	0.78699869
0.7130493265	0.7624420595	0.701339811	0.6935877542	0.7737813799	0.7843069058
0.6895996315	0.6965266408	0.7500156924	0.7805201213	0.724143999	0.7724904864
0.6625478316	0.7260208931	0.7530875231	0.7596342994	0.7710742591	0.7690724456
0.7048090278	0.7569611191	0.7876190679	0.7349906523	0.7407451155	0.760219193
0.7202880527	0.762669045	0.7846568195	0.8036798825	0.7882906342	0.7411327493
0.7667874135	0.7016782497	0.7093082082	0.7893663237	0.7610071603	0.7303403708
0.5815381534	0.7645454253	0.756298753	0.766052308	0.7588243443	0.769924567
0.8319907007	0.7087548001	0.766812415	0.8042035399	0.7612736025	0.7722640237
0.7605130839	0.6839115646	0.7401335289	0.741070794	0.7379543917	0.7881028387
0.71484375	0.6869065096	0.7308622954	0.725189697	0.7594403946	0.7631851748
0.6698206341	0.7299854623	0.7995835273	0.7832053506	0.7424660598	0.8012061864
0.7576097535	0.7185469344	0.7166288405	0.774555607	0.7500051009	0.7762837022
0.5749415664	0.7541919767	0.7661841407	0.732239579	0.7792109649	0.786662172
0.7137716263	0.7627049379	0.7295034423	0.7391007065	0.7706079573	0.7918248522
0.6507300912	0.7255174534	0.7329707533	0.7437316883	0.7402537095	0.7713974639
0.6464019971	0.7698880802	0.707645168	0.7871738637	0.7359281238	0.7823280791
0.8374591837	0.6473948906	0.7774513304	0.7804667111	0.7549862642	0.7546132972
0.6551009779	0.8108666432	0.6562831389	0.7465526459	0.7284791601	0.7793255372
0.7237641723	0.782683534	0.7866945978	0.7770678512	0.7752172255	0.7721516328
0.7496223207	0.7575795452	0.7253856905	0.7275509032	0.7240237417	0.7863025276
0.7054582717	0.739819224	0.7721023259	0.8409786125	0.7517368434	0.7872024947
0.7124961026	0.703644991	0.7740948426	0.7185186449	0.7707742653	0.7703000256
0.5384133693	0.7709314593	0.7814188965	0.7548429388	0.7465469323	0.7851282185
0.6808680284	0.7891914741	0.7090710157	0.7445034917	0.7178898474	0.7514524928
0.7214171514	0.7500131042	0.7885236767	0.7179617223	0.6999778201	0.7687489242
0.777488526	0.7379866426	0.7684266237	0.6740213321	0.800506881	0.7362822116
0.8123830378	0.8022321388	0.7730399361	0.7857857961	0.7416500987	0.7820126576
0.7906707156	0.7434901853	0.6879603268	0.7843193055	0.7685823482	0.7463998006
0.6490836621	0.7310639643	0.7296732388	0.7253224466	0.7806935692	0.7441658207
0.6601998299	0.6564128315	0.7095377587	0.6994604522	0.7624176651	0.7916943001
0.7407037927	0.731920568	0.7365913144	0.7396120972	0.7227231728	0.7657535052
0.7344217687	0.7421651038	0.7593117749	0.7220387802	0.7819057064	0.7761445633
0.7242657271	0.7556252758	0.724860916	0.6891284484	0.7649870999	0.7628563082
0.4810568705	0.7025034803	0.8158408953	0.7535367598	0.8023102522	0.7942680284
0.7213644416	0.6936979167	0.7403255812	0.8034531663	0.7593242974	0.781663008
0.7067617623	0.6875680825	0.7288900103	0.7453925972	0.75145024	0.780695846
0.6748246173	0.7661384551	0.7064652851	0.8058975689	0.7110708393	0.7809843721
0.7431076389	0.7323946644	0.7704722155	0.7888836445	0.7194489938	0.8030996159
0.7270408163	0.6810596938	0.7697997295	0.7698237586	0.7434287833	0.7432380833
0.6792003076	0.7402873589	0.7219223001	0.7252203906	0.6763372358	0.7770406878
0.7082957264	0.7262503445	0.773143287	0.7915620798	0.7723762531	0.7479570212
0.670432879	0.7616983789	0.7650467158	0.7384529661	0.7082561979	0.778887326
0.7298642694	0.7116398288	0.7635835595	0.7804847121	0.7377100697	0.7638423963
0.6496425238	0.7019922792	0.7372070206	0.7522783106	0.7776898335	0.7635364612
0.6803655079	0.7428739331	0.7500558112	0.7331718707	0.7685814357	0.8053933553
0.7230208333	0.6968801375	0.7981655773	0.6954526899	0.7498106838	0.7445448748
0.72	0.6760665008	0.7146927917	0.8158552361	0.7389850752	0.7592440764
0.7061805556	0.7713610162	0.7228464119	0.7873663098	0.792008338	0.7538290518
0.7864245882	0.7520934363	0.7246129816	0.6912972416	0.7925720313	0.7825326954
0.7234196585	0.727256846	0.7477787504	0.7723141346	0.7234966785	0.8106284978
0.8147665561	0.7913158371	0.7544679527	0.7932510979	0.7336962811	0.7779661617
0.6438205074	0.7612199978	0.7352206335	0.7475785898	0.7664606079	0.7860495111
0.8256920415	0.6071680267	0.6404341362	0.7944690872	0.7165732701	0.7902009849
0.6854340278	0.6896629015	0.7377255523	0.766237171	0.7686581568	0.7464042459
0.7002156561	0.7829780534	0.7821851123	0.7815411004	0.7454687296	0.7686374527
0.6981275465	0.7610693029	0.7323211019	0.7271501672	0.7637268375	0.7839692152
0.8009741512	0.6473188751	0.7469806468	0.7405459394	0.7578399917	0.7827139233
0.6310586735	0.7278684705	0.7588237875	0.7320771094	0.7622463591	0.7698336389
0.6030125532	0.7098822853	0.7782355027	0.7800725514	0.7456026567	0.7604815746
0.7257884772	0.7463366938	0.7799607688	0.8156193741	0.7179280009	0.7723651657
0.7554997477	0.7617534722	0.7510396326	0.780589368	0.7684852671	0.757119395
0.6994217687	0.7700398756	0.7322453347	0.7591518767	0.7704179767	0.7723564047
0.5948980934	0.6739523487	0.7979007139	0.7731784159	0.7569679	0.7485007555
0.7365219907	0.7361496725	0.7108118158	0.7285343539	0.7955812641	0.7924792621
0.7265432099	0.725306141	0.7304833561	0.7776978924	0.7509711599	0.7430944173
0.716859842	0.7337876658	0.7867033157	0.6548232282	0.747869063	0.7526971478
0.6541830065	0.7823824637	0.7791638692	0.7743429845	0.7337017729	0.7455655899
0.7350853025	0.6859296035	0.7038572348	0.7467881878	0.7841951581	0.7312197831
0.7074869041	0.7037930861	0.6916075728	0.7508610126	0.7300831788	0.7919651977
0.6790569587	0.7292398208	0.7383628497	0.776659182	0.7891882428	0.7625756057
0.7212375134	0.7768604505	0.7058787936	0.7800006924	0.7781548132	0.8147641102
0.7191319444	0.7839711666	0.7532149656	0.7841186247	0.745685917	0.80309566
0.6666170635	0.7788357972	0.7252554216	0.7577571656	0.7805995765	0.7928653705
0.7649603273	0.6905177104	0.7395945507	0.8089886226	0.7254955749	0.7857063563
0.7273510188	0.6812203264	0.7336756233	0.7561076619	0.7852603912	0.7718365896
0.6755555556	0.7041300847	0.7526424072	0.7484051188	0.7006289306	0.7704745598
0.7725243296	0.7599325507	0.7408584236	0.707424746	0.8197715625	0.7466262992
0.6543799603	0.7137933533	0.7401008144	0.7510929222	0.7732724779	0.7739871749
0.6403525368	0.723950416	0.7072381125	0.7537184011	0.7637617531	0.748037902
0.6286951388	0.743481887	0.7788550238	0.7704122236	0.7372887845	0.7405905064
0.5784172005	0.6849416362	0.7964375444	0.739072496	0.7912126457	0.7665326527
0.7911880046	0.6762235727	0.7680822765	0.7342752972	0.6913526448	0.7656956505
0.7263589811	0.7472006932	0.7418634832	0.7722950789	0.7472059502	0.7891907449
0.7094440717	0.7495415836	0.7972579614	0.7561600801	0.725696322	0.7736765905
0.7369695959	0.7827354606	0.7235505123	0.7428367339	0.7670578493	0.7635111186
0.7752951389	0.6650922973	0.7340625083	0.7469995718	0.7259613214	0.7810369576
0.5921893491	0.7279359459	0.7167454004	0.7376808494	0.7080746451	0.7933936431
0.6315646259	0.654495631	0.7492325236	0.7873018477	0.6930481353	0.7718201475
0.6817070358	0.741832067	0.7753183761	0.7590092493	0.7059117332	0.7990232037
0.7321586333	0.7704863814	0.7515288816	0.7977018265	0.7631039946	0.7358801733
0.5051020408	0.7220979987	0.7072007554	0.6897097945	0.712687639	0.742572637
0.746408387	0.6518958057	0.7318733337	0.7681196034	0.7913741114	0.7589406342
0.6905959467	0.7009275004	0.7470368778	0.7429999566	0.7477908048	0.7812922372
0.704346387	0.7968668754	0.7400958755	0.7479539866	0.7385330872	0.7976449765
0.6488208617	0.7628572943	0.7876303585	0.7780941958	0.7951979412	0.7642860566
0.6267803997	0.7251513775	0.7699862647	0.7595156896	0.7342644896	0.7640196672
0.6632118056	0.7206052059	0.768423848	0.7624016877	0.7748233779	0.7845821676
0.646387967	0.7064051871	0.7485258302	0.7742692577	0.7838883661	0.806151315
0.7894030297	0.752691563	0.7253507147	0.7814684239	0.7588093332	0.7682320474
0.6120854592	0.7722848984	0.7289991295	0.7399780711	0.7612965283	0.7628394231
0.8185959126	0.750256865	0.7500145804	0.7885607269	0.7507960463	0.7763655412
0.8104759588	0.8072932091	0.7515887128	0.7615451951	0.7359698766	0.7715110464
0.7936522503	0.7291761582	0.7326887456	0.7434205432	0.7745669813	0.7802178217
0.7059977324	0.7186525652	0.7200044915	0.7392279461	0.7705928233	0.7729853487
0.6577324263	0.6760558036	0.7684539201	0.74612184	0.7525408559	0.7641039165
0.7347048611	0.7390347507	0.742853215	0.7826563665	0.7996942035	0.7713716761
0.6853741497	0.7214682975	0.7577279907	0.7961576795	0.782646005	0.7743444452
0.7661501638	0.7084788187	0.820909703	0.8177982809	0.7842913326	0.7609654582
0.77734375	0.6565431823	0.7633962608	0.7519254862	0.7446610654	0.7684468234
0.6414285714	0.751246654	0.7357572384	0.6450937038	0.7683592777	0.7501530319
0.7189739229	0.7296989593	0.7816672629	0.8025343515	0.7399061725	0.760949577
0.7321262046	0.7720814684	0.7738962944	0.7695936655	0.7748523406	0.7379459273
0.7046959176	0.7179961501	0.7659297347	0.7727982556	0.787003765	0.7429989863
0.649866503	0.7286916388	0.7477841439	0.722617368	0.7381927323	0.7828452851
0.6819954603	0.7067268109	0.7388910617	0.7222949911	0.7667824833	0.7704138707
0.7127943704	0.7623146967	0.8082201958	0.7820015801	0.7392171434	0.778902165
0.6492385913	0.8090949862	0.7429943678	0.7420733637	0.7299162631	0.7712805746
0.6956374462	0.7820468199	0.6671060839	0.7226579046	0.8224766358	0.7621789932
0.6898944161	0.7663081752	0.772805253	0.773129917	0.7320049609	0.787361272
0.7684364187	0.7499051121	0.7829977774	0.7431583207	0.7809517832	0.7623966459
0.6055318169	0.729911978	0.7900473602	0.7723277683	0.7792682115	0.7674331465
0.6084944116	0.7199972443	0.7298123575	0.7078157417	0.7154592141	0.7257333408
0.6018482738	0.765353981	0.7708566258	0.7873698461	0.7957561641	0.7772411337
0.7783564815	0.734585921	0.7537880797	0.7495290092	0.7593948803	0.7428518139
0.6141408022	0.7837114466	0.7879539943	0.7317318367	0.7458236005	0.7447870583
0.6399999058	0.814058929	0.7260877624	0.7614685002	0.7841443037	0.7551599447
0.6411125493	0.7608351763	0.7288078109	0.7154732418	0.7914190631	0.8078162995
0.5589661407	0.7049235393	0.6895855659	0.7662673259	0.80275688	0.7935365833
0.6528574972	0.7745530265	0.78453872	0.7546200154	0.7976208389	0.7728301469
0.7374760414	0.7993752571	0.7126404287	0.7340184881	0.7941305725	0.7468926719
0.6081632653	0.7808689471	0.770822214	0.7176798661	0.8110943425	0.7472462439
0.6894345974	0.7168707309	0.7468863874	0.7742970704	0.7611687942	0.7706755473
0.7649305556	0.7676992197	0.752207925	0.7955999529	0.7360574454	0.7799468938
0.7124826389	0.7257321194	0.759402576	0.7149970164	0.7928156801	0.792623275
0.7658320571	0.7543045456	0.789184417	0.7712347935	0.76820619	0.7951001353
0.6094791667	0.730619168	0.7611348707	0.8229285943	0.7873924237	0.7846031513
0.731941705	0.6902466925	0.7823971963	0.8066259885	0.7805857543	0.7818217991
0.7933410494	0.7461931317	0.7535238353	0.7395438133	0.776154728	0.7697113887
0.5311841699	0.7490350181	0.8051015703	0.7526148508	0.7526870344	0.7386522422
0.6196750258	0.6935867229	0.7226625519	0.7443032945	0.7826969034	0.7936575843
0.7299322866	0.7590148549	0.786158641	0.6679981853	0.8013475628	0.7837946313
0.6531065089	0.719639061	0.7948611184	0.774258332	0.7751757709	0.7416085512
0.6526303855	0.7725218672	0.7752478326	0.7749056113	0.8053132405	0.7492748929
0.7391618608	0.6914815123	0.7661467319	0.6987002493	0.7660698897	0.7688093776
0.6758377425	0.6793397851	0.6950877194	0.7361909965	0.7132407146	0.7664526418
0.7015972222	0.7492239806	0.7801033182	0.7242174713	0.7673162968	0.7742689423
0.7720317907	0.7046454792	0.7097333996	0.7725648264	0.759352785	0.7540431588
0.7138541667	0.7673975248	0.7314601432	0.6949783786	0.7327928199	0.7864031409
0.6013246857	0.6855602039	0.6714391053	0.8085133284	0.7652581975	0.7468679266
0.784230017	0.7079777321	0.7396567396	0.7852191378	0.7808328697	0.7869780128
0.7555120026	0.8238281083	0.7992022552	0.7691980951	0.7697779535	0.780357925
0.6765079365	0.7357674933	0.7488644584	0.7779685795	0.8191587444	0.7503757192
0.7618485679	0.7543330174	0.7639524147	0.7788675053	0.8130806232	0.7575629961
0.7547993827	0.7428605043	0.7194195421	0.7430577311	0.7484022854	0.7903444584
0.7757272377	0.7301388889	0.80045669	0.7414235207	0.7632189085	0.7946144758
0.7718755407	0.7266493197	0.7984021214	0.745641556	0.7836356558	0.7536582284
0.6965320799	0.7323996304	0.7351367369	0.7800183137	0.7515569276	0.7719751057
0.6560969388	0.6739432249	0.7647086408	0.7312712177	0.7659965425	0.7569327248
0.7221779337	0.7850108659	0.7767708725	0.7916562091	0.6999767839	0.7255532124
0.5509298394	0.7461336091	0.7597171797	0.7597872131	0.7575675994	0.7762321305
0.6979034751	0.7096338223	0.7760042915	0.7236820078	0.7497130503	0.7787951275
0.7887654321	0.7283348718	0.7091803283	0.7834150785	0.7547097089	0.7494822335
0.6624539399	0.7939125448	0.7723912503	0.7741636932	0.7798725156	0.7684425386
0.8011499908	0.7168149613	0.755957622	0.7076034164	0.7657994265	0.7538913527
0.7254340278	0.7413086565	0.776459262	0.7893886545	0.7804433769	0.7381604815
0.6412863407	0.7994674891	0.7533411136	0.757000484	0.802066298	0.7139110912
0.6012396517	0.7798667484	0.6892770201	0.7050758269	0.7792814993	0.7587443305
0.6602959666	0.7483593471	0.6965239244	0.789685451	0.7573641176	0.7801366899
0.6986633846	0.7173889856	0.7947084224	0.7993269797	0.7652450077	0.7912445968
0.7540656888	0.7459829258	0.7672658375	0.7574997641	0.7769967762	0.7639432284
0.6742634063	0.6887014984	0.7689274963	0.7513637215	0.7194255021	0.7576372401
0.650871286	0.7882731815	0.8118351337	0.7295348775	0.7781013081	0.7339223792
0.7468069791	0.7615073143	0.7303287308	0.750771386	0.7309654832	0.7584832239
0.8009648065	0.7736356296	0.6638623661	0.7279109192	0.7785280781	0.7816026981
0.6775180697	0.7657443618	0.7494197406	0.7219344226	0.7543593987	0.7768518512
0.6016610984	0.7204383678	0.7479882822	0.7830416281	0.7773930318	0.7319747655
0.620521542	0.7790399737	0.7514733689	0.6725247869	0.8014268974	0.7738476424
0.7165180146	0.6552413997	0.7129292059	0.7856387988	0.7222156694	0.7668259869
0.660993487	0.7631783076	0.743480521	0.8060663989	0.785471001	0.7606730829
0.6700548444	0.7555585434	0.7896289825	0.7829758315	0.7741221753	0.7713957589
0.5325443787	0.6937207762	0.6585303978	0.7268765393	0.7798720301	0.756945056
0.6898185941	0.7282447759	0.6909624459	0.768449321	0.7376146017	0.7886464168
0.6007709751	0.7588988275	0.7869256609	0.7262226321	0.682295606	0.7837220266
0.6933333333	0.7203590892	0.7420717494	0.7536214004	0.7230604159	0.7957255273
0.7996984333	0.7080604252	0.7675773582	0.6854386248	0.7458493821	0.8041600218
0.6769270833	0.7352687291	0.8026005071	0.7676238716	0.7623506184	0.8061463889
0.6923100907	0.7446530927	0.7831216197	0.757575656	0.7602515152	0.7533312576
0.7811303345	0.6476823453	0.8114886651	0.8122551808	0.7436672616	0.792541277
0.6737561693	0.7277591963	0.7522394347	0.7346649615	0.7515634621	0.7569198247
0.6915529337	0.6703950841	0.7656844803	0.6975535653	0.8085048746	0.7643510053
0.7353662053	0.7043007725	0.7348769173	0.7508190226	0.7774270481	0.7488784771
0.7510368608	0.7579996008	0.7736657013	0.7526404829	0.7701040259	0.7383712492
0.7516023873	0.6789215152	0.7488112559	0.7399148078	0.7447016262	0.8001554815
0.6169898413	0.7061604213	0.7485481757	0.7105115232	0.8056524392	0.7796265995
0.7278419076	0.7548820427	0.8082523361	0.7510755575	0.7809846973	0.738758979
0.7071337606	0.7430186511	0.7258105408	0.7480331361	0.7383004711	0.7914104979
0.7695847641	0.7009041926	0.818583484	0.7590996558	0.7822483922	0.7785867746
0.6433706867	0.7938669842	0.6901936809	0.738140158	0.7406377397	0.7632159319
0.6454166667	0.7383968166	0.752448419	0.7493341978	0.7652486888	0.7603595601
0.7136979167	0.7026569586	0.6937326389	0.7332984301	0.7440029158	0.7605583099
0.7254650255	0.6813259991	0.7363557678	0.7300307476	0.7827080727	0.7514868228
0.6946031746	0.7310636018	0.7354125389	0.719669167	0.7507886097	0.7963257668
0.786731065	0.7448310749	0.7273475489	0.6901016099	0.7429469883	0.7292174832
0.5756667497	0.785270816	0.7713304086	0.6973504448	0.7484895784	0.809837683
0.5033605711	0.7369303888	0.7474317006	0.7712038438	0.7270420129	0.7786979404
0.591197923	0.7171121165	0.6979392019	0.7559317977	0.7820924567	0.7743089244
0.7047250483	0.7663003713	0.6768994206	0.7594225605	0.7640703442	0.7950671539
0.7659288399	0.7800182922	0.7515557726	0.749562619	0.7580022924	0.7721241772
0.5791746837	0.7370974585	0.7518177148	0.7680112653	0.7688098533	0.764860045
0.6197419461	0.751827508	0.8073911401	0.7814461385	0.7275437366	0.7417922455
0.560401857	0.7766485123	0.6652457307	0.7931854997	0.7611853972	0.7744474568
0.6577818031	0.711009259	0.7676800136	0.7661922249	0.7795905462	0.7438745854
0.623565051	0.766508983	0.6941140916	0.7391010825	0.7302952608	0.7894113647
0.6543994473	0.7388511309	0.7597623229	0.7406668587	0.7201072394	0.7525768923
0.6260058144	0.6973153305	0.7459094474	0.7940761194	0.7423030571	0.7684042424
0.6920569012	0.7322903937	0.7963389495	0.746309233	0.7236718694	0.7909168938
0.6953181605	0.7744649894	0.7752513538	0.7326652146	0.7630230746	0.7732379588
0.6853061997	0.7265058054	0.7545776389	0.7509212268	0.7104509205	0.7795217865
0.615374504	0.7705689324	0.7613738656	0.7041588867	0.747224841	0.7489102042
0.7960504974	0.7687641053	0.7357723151	0.773645917	0.736998444	0.7670091876
0.6706881848	0.7081992662	0.7577981725	0.7193075304	0.7472265802	0.7413055916
0.7324447279	0.8105296153	0.7389764527	0.7687636836	0.7590389422	0.7786020846
0.6999429563	0.6825533732	0.7852315969	0.7630988897	0.7406494861	0.7856902268
0.7071006944	0.7420783567	0.7549126673	0.728063422	0.7253026175	0.7666583865
0.7200255102	0.7880857134	0.7429058801	0.7370883974	0.7572288978	0.760666434
0.7346821854	0.751541327	0.7250657058	0.7389446849	0.7734853964	0.7713251239
0.6154013077	0.6610544866	0.7410927533	0.7823343408	0.7715709493	0.7819842019
0.6529055594	0.7720878432	0.7451493957	0.7831437771	0.8063374868	0.771213151
0.6255887369	0.76028758	0.676705713	0.7620363311	0.7589875164	0.7248143674
0.7181432745	0.6720650865	0.7996273352	0.7577092961	0.7998612332	0.7347319397
0.6346460459	0.7364198523	0.7250198821	0.6730737964	0.7884256923	0.7904774075
0.5752380952	0.7520599897	0.7515280692	0.7320294129	0.8026426518	0.790391404
0.6113151927	0.7372793205	0.729369679	0.7503673556	0.7429453934	0.7578341142
0.6252242751	0.7877157618	0.7396291835	0.7573856305	0.6975359524	0.751367107
0.6511536197	0.7436151957	0.8165716715	0.751010876	0.726334223	0.7425100777
0.692266558	0.7508107937	0.7288414886	0.744250412	0.7576599514	0.7718542616
0.6784580499	0.6513431208	0.746139904	0.7816512247	0.7968234029	0.7468663481
0.5959637461	0.7420113658	0.7435796226	0.7718663346	0.7512949657	0.7706566167
0.7404957547	0.6317423338	0.7805329626	0.75940526	0.7621311918	0.7779867969
0.7172786762	0.6916107564	0.7636643166	0.7605830199	0.7839039973	0.7742465848
0.7049659864	0.7367418793	0.7413659354	0.7542842925	0.7918410256	0.8082382304
0.5528819444	0.7185931388	0.7394575685	0.8496922244	0.7710921397	0.7672413628
0.6392354025	0.6936368673	0.8403492638	0.7927868651	0.7671888567	0.7942904812
0.6910302894	0.7207633148	0.7326489765	0.765276489	0.765733822	0.7725749352
0.7371302118	0.688104642	0.7638826698	0.7441465297	0.7520547406	0.7619574775
0.6426398614	0.7368106064	0.7156311816	0.7588751618	0.7502100871	0.7642019403
0.7303125	0.6928326785	0.7745764338	0.705561819	0.7361803036	0.7723394385
0.6471882086	0.719265211	0.8008557277	0.7543288061	0.7146909995	0.768387575
0.7054637897	0.7977689437	0.7297397104	0.7963110925	0.7425510628	0.7634638845
0.7095576772	0.7151529727	0.7120767781	0.7901230657	0.7679352182	0.7417124878
0.681803784	0.735097082	0.6565968389	0.7317290308	0.7375637819	0.7752238249
0.6888277114	0.6344515852	0.7501022364	0.7813963878	0.7780062357	0.7669238223
0.5434861262	0.8326593949	0.7643276997	0.735881288	0.8005993212	0.7331040584
0.7128101927	0.6744828392	0.7437256467	0.7612614972	0.7685145068	0.766504308
0.7506727135	0.7896222161	0.730960246	0.7866050528	0.7206882903	0.755619881
0.7469907767	0.7152859939	0.7832757667	0.7773345838	0.8161739825	0.7698148932
0.6042922994	0.7175036866	0.7003919035	0.7684965769	0.6978821064	0.7616830779
0.550435401	0.6934661181	0.7464414999	0.7813085877	0.7516467099	0.7841187631
0.6336894133	0.7290737393	0.7937709064	0.7223132196	0.7912479076	0.7730212084
0.6273137811	0.751380441	0.7446278171	0.7829878164	0.7105927849	0.7654051617
0.7421952948	0.808578352	0.7488456165	0.7882025007	0.6947529197	0.7872668804
0.7217552035	0.6965939256	0.7591542678	0.7477466092	0.7652618217	0.7886593161
0.6593599807	0.6551992985	0.7146172967	0.784107164	0.7758969374	0.7832202439
0.5818277449	0.6954602175	0.7758993363	0.7728771889	0.7779151892	0.8021921581
0.8007355277	0.8269483492	0.7517711662	0.7566640105	0.811773324	0.7686853946
0.6754063917	0.7489394625	0.7708715545	0.7598554838	0.7323435497	0.8107679775
0.7249789383	0.7466713569	0.7193184584	0.7865326656	0.7665755741	0.7481263311
0.7219233588	0.7175125386	0.7617341479	0.7538879252	0.741899394	0.7892273279
0.6929744324	0.684840699	0.7616642552	0.7757880543	0.7496105085	0.7361985238
0.6871843112	0.7448103732	0.7899288735	0.7210314834	0.746401686	0.798644096
0.8023990773	0.7415812489	0.7545058454	0.782561548	0.7738176857	0.7719723151
0.721207624	0.7642715246	0.7855240724	0.7099558738	0.7763417305	0.7611692279
0.8132163711	0.7884006826	0.7138059545	0.6932952588	0.7818716312	0.7575010942
0.5924369748	0.7206663899	0.7741605925	0.7661116745	0.7725940782	0.7717573666
0.7294791667	0.7411666285	0.6987008025	0.7500524139	0.7543451679	0.7674717046
0.6338461538	0.7364182571	0.7438190188	0.7895533475	0.7490300762	0.7543487363
0.6709325754	0.7477647539	0.7325789874	0.7343449431	0.7484193203	0.7653947727
0.6955753968	0.7371039476	0.7436310319	0.7545976278	0.7290314935	0.7802834216
0.6732563897	0.7832862482	0.8018280716	0.7959286088	0.7258295397	0.7767663332
0.6555612245	0.7583126933	0.7202912295	0.796506407	0.8229310877	0.7247362038
0.7143322697	0.740390755	0.7132521919	0.7219368349	0.7796483264	0.7759748347
0.715880102	0.6755212228	0.7233850943	0.7400055028	0.7073020044	0.7631311983
0.6867286522	0.7597820305	0.6654220255	0.7535504238	0.7492447583	0.7529609915
0.7285936701	0.7674240639	0.7420241537	0.7788705327	0.7490052707	0.7689408503
0.6099374384	0.687414119	0.7193249101	0.7410189729	0.811735546	0.7667922056
0.6363888889	0.7896754333	0.7422864869	0.703466023	0.7447675924	0.7480301323
0.6854902551	0.7647642548	0.750050407	0.7433056622	0.705894182	0.7671170726
0.7874905945	0.7480292846	0.7161608966	0.8105708498	0.7972174711	0.7604811668
0.6720679304	0.7940938533	0.759142336	0.758291414	0.7447528482	0.7792790531
0.7004140051	0.6597274229	0.7864569762	0.7713662606	0.7576789192	0.7781035155
0.7257548179	0.6944355801	0.7864068581	0.733431237	0.7167821656	0.7767764557
0.6705994898	0.7155286827	0.7874345914	0.7582334155	0.7326308687	0.8098506917
0.6884842687	0.7062676978	0.7184980625	0.7364869741	0.7415230647	0.7921628249
0.5605905084	0.7033283927	0.7523927561	0.7605485635	0.7754536707	0.7823525922
0.8228970695	0.7889779017	0.7557561289	0.7314562606	0.7430365249	0.7749268634
0.6961299029	0.7931957676	0.6958540103	0.7770019093	0.7448221811	0.7878638947
0.6585966936	0.7067638778	0.7608375713	0.7890384504	0.7395031113	0.7968086582
0.6119304231	0.730204502	0.7358461931	0.7864708821	0.7432312365	0.7489980813
0.7487997123	0.7488552703	0.7852570101	0.7570056874	0.807057746	0.7586804852
0.5962395217	0.7260131244	0.737116626	0.7292319905	0.7718771528	0.7913096978
0.6922831633	0.6391475997	0.6976423536	0.815108748	0.786827386	0.7683746878
0.7398880839	0.7082226434	0.7171234253	0.7860149618	0.6952438244	0.7995446256
0.668390377	0.6507776881	0.7736332314	0.7778847723	0.6767372609	0.7680587548
0.798082928	0.7751029352	0.7491822795	0.7899916559	0.783339997	0.7701096191
0.6889006583	0.7315231847	0.7460865536	0.731274876	0.7258344905	0.7634789485
0.3981755424	0.7266353949	0.7662376364	0.730559808	0.7186032236	0.7617886811
0.7213175154	0.7942222862	0.7689070965	0.8137819086	0.7789447688	0.7748108683
0.6499881964	0.7747849353	0.7217427732	0.7468908238	0.6957420052	0.7661760275
0.6911001192	0.7713309151	0.7368922677	0.7100064998	0.7537913212	0.7905361789
0.7402520224	0.7542761976	0.6788123072	0.7081266478	0.7543222626	0.7655474364
0.6012431507	0.7464866162	0.8011089565	0.7770161897	0.770298896	0.7671679353
0.7148634792	0.7810487845	0.7191042882	0.7402479153	0.7404993691	0.7842044726
0.6203550296	0.6537060235	0.6955893127	0.697824991	0.7475738679	0.8025283917
0.7340740741	0.680806363	0.7598036604	0.73461058	0.7801096703	0.786060903
0.7461451247	0.7356594947	0.7787046294	0.7536437555	0.7781696143	0.752023365
0.639393424	0.7187674989	0.7178088524	0.7915577862	0.7847052299	0.7779014999
0.6191941644	0.7388447775	0.81972959	0.7821683277	0.7600304259	0.7703165076
0.6988470805	0.7222944254	0.7783084572	0.7104665388	0.7761017968	0.7903907517
0.715984036	0.7021061692	0.7819468989	0.7643812986	0.7539713739	0.7748762872
0.7350403691	0.7019125567	0.7498801494	0.725649207	0.7553771699	0.7574884902
0.6999646918	0.7815775778	0.7929430561	0.7663545807	0.7687156047	0.7661793687
0.6662014598	0.7552708635	0.7516165424	0.7735088132	0.7513411636	0.7920906504
0.5963098781	0.706707983	0.7988073775	0.7636686894	0.8231471603	0.7709370521
0.7252498647	0.6316184807	0.7357949206	0.7523416727	0.7728149895	0.8042922229
0.7271875	0.7395314377	0.7782957145	0.7501009221	0.7895172062	0.7551138091
0.6364855564	0.7207848521	0.7450867015	0.758486431	0.7334701546	0.7731934185
0.7369376821	0.6711333046	0.77190095	0.7308333411	0.7498172267	0.75797374
0.7531786452	0.7078283925	0.7694504979	0.7745055019	0.7593701682	0.794192877
0.7012118922	0.7350026032	0.6964879977	0.736636457	0.7149073073	0.7400791
0.7470665129	0.7279329386	0.8180989859	0.7311678519	0.7771328684	0.7838909615
0.78515625	0.7639086368	0.7738623224	0.7645869705	0.7434428233	0.7819866103
0.665497449	0.6132347046	0.7546275916	0.7511555368	0.7734802418	0.763126926
0.7170331848	0.7363496509	0.8263679371	0.7548069949	0.8087113282	0.7403537614
0.7291402345	0.7012582863	0.733275145	0.7616048528	0.758563848	0.7753364751
0.7496778549	0.7246447374	0.6777175445	0.7757262389	0.7699358004	0.7714160297
0.6681179138	0.6946573668	0.7612465851	0.7463689171	0.7427718731	0.7577072455
0.6510955991	0.7669450145	0.7577781169	0.7546868458	0.7889712416	0.7751027959
0.5980090971	0.7360375299	0.6849155656	0.7453173982	0.7945429694	0.78432288
0.7227553705	0.7755596364	0.7559831664	0.7799168459	0.7448398648	0.8000995796
0.7458584892	0.6056959232	0.7092853915	0.71102448	0.7314415662	0.7503291238
0.6491296006	0.7108061835	0.7259759685	0.813032406	0.7606283398	0.756861868
0.6201749466	0.6925763424	0.775724515	0.7492445887	0.7978192606	0.7466711689
0.742771479	0.641220243	0.7573912113	0.7455759082	0.7890360608	0.7714675761
0.6538445216	0.7917963985	0.7626974245	0.786848091	0.7538728852	0.7680804105
0.5903516752	0.7539869802	0.7535938789	0.7808594156	0.7626004131	0.8085286362
0.7205104407	0.773038249	0.7166888281	0.739994286	0.7776630324	0.7533754364
0.6112562539	0.7476857442	0.7665773149	0.7132761568	0.7611709613	0.795649135
0.6634548611	0.7862477488	0.7391846367	0.7923430014	0.7916240564	0.7461179953
0.6509267086	0.7480155693	0.6907094126	0.7643999462	0.7835126881	0.7637486566
0.7391493056	0.7314646839	0.7421317224	0.7142775994	0.7790783335	0.7737196356
0.8199238301	0.7664212348	0.7131261438	0.7593085339	0.6842833796	0.7712872107
0.7894874567	0.6542370755	0.7664181869	0.816371971	0.7508790852	0.7602389956
0.7809162809	0.7420560902	0.7323544152	0.7879321663	0.7758864893	0.7748110827
0.8099517413	0.6826997073	0.8002634302	0.7826156383	0.7889837492	0.7774956306
0.7280891965	0.6914647434	0.7190120178	0.7334739835	0.7843820625	0.7842801828
0.6912326389	0.7558664415	0.7608370118	0.7699751351	0.7346747459	0.7420312226
0.5692934443	0.7431979554	0.7782661066	0.7373209423	0.7761069739	0.7644004546
0.6849944684	0.6565484173	0.7239607082	0.8076038286	0.7380575592	0.7627985976
0.800926026	0.6904896389	0.6981905871	0.7402781013	0.7487890416	0.7233476108
0.7083333333	0.731017314	0.7098834612	0.7706116979	0.7422152637	0.7780000474
0.7717954633	0.7240569016	0.7545727601	0.7659853603	0.7472330657	0.7739342803
0.6978203046	0.7424574326	0.7729848441	0.8075121138	0.7250864974	0.7947125386
0.7215104167	0.7474476856	0.770373021	0.7726193461	0.7562663832	0.7783783785
0.7581735875	0.6923637307	0.7840187456	0.7587416371	0.7569081966	0.77354113
0.6343537415	0.6672542406	0.7432562436	0.7577589326	0.7936011284	0.8058877573
0.7055034722	0.6716879195	0.7825425244	0.7635229934	0.738131836	0.7529863393
0.6614722827	0.7604386968	0.7166426633	0.7783788903	0.7474019798	0.7869343468
0.6395560516	0.6762612461	0.7497268517	0.769146773	0.7823963988	0.7506364627
0.8201488009	0.6722866789	0.7484385339	0.6419895583	0.7494077554	0.7606731848
0.7279493343	0.8121540794	0.7299151777	0.7598106683	0.7608986532	0.7664204549
0.7611688634	0.6728199038	0.7676315837	0.7479360215	0.7633135334	0.8001063418
0.7019186253	0.6857819513	0.7635158262	0.7809795406	0.7539507335	0.7710418917
0.7294653979	0.7831544635	0.721201707	0.7470956689	0.7572446626	0.7487870699
0.6563208617	0.698305343	0.7447585077	0.7594599154	0.7637853936	0.7378155503
0.7005034722	0.7313597317	0.7834504629	0.7622055821	0.7356796019	0.7551280401
0.7762425509	0.7080380094	0.7239489275	0.7879675845	0.7268015049	0.7706259015
0.7598852041	0.6840523242	0.710724224	0.7626717015	0.7440968187	0.7612854074
0.7661032605	0.715956393	0.7828176519	0.7516640428	0.6995737323	0.7965274927
0.7640323433	0.7804229582	0.744144743	0.7112290664	0.740599376	0.7495145949
0.7161229702	0.7230301863	0.7377650963	0.7533096038	0.7632633569	0.7974713152
0.6225113379	0.6961829507	0.7120176208	0.747442704	0.7834881165	0.738725443
0.6767751479	0.7315307457	0.6840350088	0.7006491838	0.7942993977	0.7550542388
0.8184607483	0.6422833556	0.7303592194	0.7415924645	0.6975211799	0.758709853
0.6037414966	0.6825800919	0.7390422568	0.733057848	0.7761129356	0.7681482455
0.6150589661	0.7704007773	0.8293474287	0.7772528105	0.7301167818	0.7660449664
0.6495967971	0.6391532155	0.7436351076	0.7443333525	0.7813445687	0.7465881101
0.725136486	0.7963264663	0.756464808	0.7865293845	0.7900330542	0.7490959678
0.6147008376	0.7480054069	0.7249737771	0.7815552477	0.7639615294	0.7847310145
0.6678160431	0.7373338251	0.7674729122	0.7346887821	0.7544525828	0.7576455671
0.8050595925	0.784579362	0.8041605617	0.7289158461	0.7607904752	0.7420470642
0.6995411119	0.7237653482	0.7990239451	0.8171824135	0.7919580515	0.7825851139
0.7321237024	0.6915410633	0.7532198834	0.747718852	0.7946376174	0.7587634717
0.6933333333	0.743885287	0.7539036621	0.7781903004	0.7871265195	0.765888894
0.836084679	0.7833209965	0.7495524358	0.7458621956	0.7290924379	0.7709960098
0.6259637188	0.7644286575	0.7437012383	0.7619517967	0.7716628512	0.7871524819
0.6740972222	0.7715295145	0.7529215038	0.7998241432	0.7897432426	0.7624897994
0.6838560792	0.7589595398	0.7687522158	0.7182459045	0.7587611249	0.7528941919
0.6500096351	0.7502826043	0.7190621981	0.7668473178	0.8102626014	0.7416213682
0.7544874567	0.7720946896	0.7664954071	0.759916111	0.723644138	0.7435688464
0.7870755839	0.7440778169	0.8000531644	0.749885686	0.7682868332	0.7322843702
0.7919435225	0.746694978	0.7752015612	0.7903777962	0.7507481854	0.7704176264
0.6113715278	0.6065589221	0.7649881051	0.7278140452	0.7474631915	0.7666986552
0.7359201389	0.6464054099	0.7469057804	0.7271358927	0.7593723484	0.7529811565
0.7066862627	0.7334762998	0.729939922	0.7670894549	0.7754024724	0.7760066301
0.6999567954	0.7310733406	0.7061849156	0.7320200582	0.7717259352	0.7544400586
0.7368411948	0.7210487042	0.7913095189	0.8018261062	0.732869021	0.7907208122
0.5044680594	0.7829497608	0.7078121911	0.7045624034	0.6863556313	0.7718288346
0.7173798013	0.7862458873	0.7658061977	0.7496905245	0.8014156326	0.8049875977
0.6140625	0.6580397725	0.7267667777	0.7931825027	0.7700034526	0.775398673
0.6879223135	0.6962812185	0.7180185676	0.7957351023	0.7741260794	0.7497803232
0.6305668934	0.7796349309	0.7552018022	0.7486431952	0.785892712	0.7776514406
0.6979130502	0.7188848143	0.7502764358	0.728757175	0.7984864401	0.7397494279
0.784845372	0.7260858401	0.6694353801	0.7832269559	0.8110089557	0.7442346593
0.6380589382	0.71117472	0.7306365617	0.7250091645	0.8049766797	0.75781832
0.7447198193	0.7512635389	0.7572941976	0.6788228438	0.7048767481	0.7993445422
0.67140625	0.7303844604	0.7684539969	0.7239871469	0.7639462936	0.7737941263
0.6789701471	0.7164154609	0.730438647	0.7963210671	0.7541824694	0.7486072209
0.7357350538	0.7085410193	0.7861925457	0.7596165554	0.7154126644	0.7902917824
0.6818431122	0.7170527477	0.7574718128	0.7344640514	0.7257220238	0.7444137187
0.6963194444	0.7597589911	0.6908087431	0.7978928533	0.7413319296	0.730311019
0.7262851331	0.8030809733	0.7315793985	0.6867636371	0.7860399413	0.7661006835
0.5508521117	0.7422818325	0.7425139658	0.7374934293	0.7827565213	0.7995633376
0.7858949271	0.7597391448	0.7404364115	0.7175388443	0.8093126041	0.7691030963
0.7037451686	0.7045930899	0.736045959	0.7489004141	0.7395255427	0.7553831158
0.7332656604	0.763551819	0.7669281004	0.7191286851	0.7345830252	0.7651156996
0.7280396534	0.73396218	0.7534245419	0.6936943373	0.7607144661	0.7779861695
0.6789279341	0.7123265391	0.7942288786	0.786457937	0.7297937854	0.7755818011
0.6309201968	0.7428788514	0.6687862879	0.7638739928	0.7328019612	0.7675719455
0.7838033037	0.728746965	0.8010147533	0.7531156793	0.7638095488	0.7545396786
0.6988438917	0.6743012958	0.7159221521	0.7544529703	0.6987714818	0.7581811555
0.6693187385	0.7364641752	0.736079306	0.7699904387	0.782511997	0.7903990866
0.6803117914	0.7616404094	0.7219762176	0.7520045907	0.7557772082	0.746956557
0.6769390894	0.759103973	0.7480028767	0.7548584267	0.7444815084	0.7614633925
0.6985463488	0.7623506596	0.7343608722	0.776023306	0.8172149929	0.7546118902
0.8009100466	0.6418292155	0.7568131028	0.7647303461	0.7491748164	0.7530822991
0.6284181616	0.7214399231	0.7576606544	0.7965305747	0.759608328	0.7630733136
0.6821837755	0.7149131583	0.7157044832	0.7276422231	0.7363681213	0.7724569717
0.507399737	0.7375908801	0.7447616468	0.7651655749	0.7735399558	0.7516809286
0.6291321555	0.7461517818	0.7556193981	0.7526434582	0.7678276468	0.7452445324
0.7320596045	0.6798464467	0.7832983038	0.7511486474	0.7574970545	0.7607921998
0.6370237508	0.7497937531	0.7458919312	0.7389434001	0.77045981	0.7440044468
0.5503670048	0.7000276768	0.7481078564	0.7050788402	0.7766916453	0.7789491354
0.7164669362	0.7558942691	0.7696009176	0.7668617191	0.7796925375	0.7581999915
0.6213942308	0.7779113855	0.7532944735	0.7440727111	0.7815307669	0.7763526543
0.6858687642	0.778515625	0.6944962929	0.7361569507	0.7997091822	0.7627655524
0.7318874008	0.7550129986	0.7928427925	0.6876962465	0.7613008253	0.7675101367
0.6720181406	0.7197995921	0.7863935573	0.7773236124	0.7830951778	0.77146423
0.7790761366	0.70014218	0.7060644221	0.7236069454	0.7439351638	0.7479931197
0.6389028432	0.7531912146	0.7832116244	0.7361445341	0.7738251545	0.8010892207
0.6252777778	0.656447989	0.7791273053	0.7746808399	0.7079581969	0.7463011179
0.6616865755	0.7456597918	0.7422468926	0.7325848068	0.7147636062	0.7587674924
0.7200448194	0.7698742298	0.7723634255	0.7562204441	0.7189449109	0.7513877809
0.7738317594	0.6958339774	0.7643251165	0.8094870487	0.7577111727	0.7839207691
0.6958214979	0.7612131469	0.7684269008	0.716798611	0.7693560037	0.7880795582
0.6977221846	0.6775525769	0.7792571016	0.7986900554	0.7520101734	0.7390813468
0.6297505669	0.8098890577	0.7631471181	0.7513523867	0.7678540567	0.7680673554
0.6312244898	0.7343619046	0.7182891107	0.6999059892	0.7475880036	0.7954158698
0.7752501327	0.7737396912	0.7289927572	0.7862332087	0.7689835268	0.7846490983
0.6654411139	0.6442558937	0.7561909827	0.7289079486	0.8134317431	0.7718177397
0.6270106169	0.7539391627	0.7697916747	0.7809691988	0.772443579	0.7606406784
0.7568351716	0.6470407662	0.7687457272	0.7582951354	0.7076693096	0.7786013148
0.7174514732	0.7265780561	0.7497841936	0.7527094348	0.7566787594	0.7823364768
0.7330831916	0.7370972118	0.7832406471	0.7466581754	0.7904536344	0.7490512853
0.6441780045	0.7474224456	0.7779198918	0.7246587968	0.7554705137	0.7731427344
0.5980045351	0.7180505924	0.7232188917	0.7990013476	0.752064583	0.7550994982
0.6435114121	0.7885070362	0.7620267621	0.7497025678	0.7242315928	0.7922952187
0.6939443623	0.7512209584	0.7353913068	0.6791336517	0.7119938709	0.7953320498
0.7317679989	0.7249596819	0.7415364619	0.7651921828	0.7773953844	0.7826971338
0.6478401361	0.6890931764	0.7452701968	0.7471999846	0.7141425371	0.7427329016
0.7122798923	0.7441457769	0.7626985582	0.7585835753	0.7411071906	0.788792928
0.7082098765	0.7654251686	0.7579089623	0.7259361496	0.7664372346	0.7973200811
0.7596176304	0.7422916728	0.7902722203	0.7586919294	0.7801417486	0.7526680502
0.6869708204	0.7521894705	0.786182437	0.7197440346	0.7681426716	0.748504034
0.6505371315	0.7802205058	0.7456988631	0.8175696948	0.7616731809	0.7908225353
0.6745226082	0.7687605188	0.7825360405	0.6902998141	0.751408542	0.7583285367
0.6475412311	0.7354088261	0.8110054468	0.7553432008	0.6822560995	0.7768187149
0.6991418064	0.7909244004	0.7428331312	0.7658318681	0.7753105487	0.7859370402
0.53573102	0.7316272991	0.823135139	0.8033108071	0.7482135831	0.7604522637
0.6455544926	0.7685309073	0.7473873617	0.770019485	0.7615274659	0.7758227336
0.7509385802	0.7248172768	0.7166967706	0.7592850079	0.7325748469	0.7691652253
0.6595036509	0.8126303622	0.751043058	0.757997849	0.7166759152	0.8051966975
0.454303023	0.7405254318	0.7813293365	0.7252110199	0.7649210904	0.8017048786
0.7340740741	0.7068706782	0.7636827928	0.7727805625	0.7616962367	0.7570964606
0.6524304319	0.6161302678	0.7452186194	0.698768662	0.7681677298	0.7661218549
0.5773062646	0.7106313587	0.7869356824	0.7814402946	0.7588589033	0.752583903
0.7281597222	0.7760426117	0.7903820447	0.7318070634	0.7714268926	0.7546069813
0.5924556884	0.7162643919	0.7454265088	0.7354375377	0.7567232341	0.7454820915
0.6758210972	0.7625359033	0.7229127939	0.7668076171	0.7811423842	0.779285143
0.5943533201	0.743905007	0.7994081734	0.7612505989	0.7134244292	0.7546477659
0.5892965155	0.6803894724	0.7265694865	0.7459914356	0.739725123	0.7576641559
0.6513267382	0.7513805516	0.7318887132	0.7643088129	0.7583032011	0.7625375958
0.6411337868	0.7261737043	0.7644022508	0.7824085407	0.765807002	0.7789266581
0.4943402904	0.7364366779	0.7748370679	0.8188933668	0.7472837474	0.7609207096
0.797178288	0.728257088	0.8049184302	0.7740765684	0.6963954448	0.7640597398
0.5726997726	0.7249153232	0.7613234035	0.7410330078	0.7775531264	0.7721701072
0.6254791759	0.6470510172	0.732276922	0.7859553868	0.7738073594	0.7363677218
0.6687755102	0.668810864	0.7682994775	0.7771453891	0.75555426	0.7618601476
0.644553932	0.7104510704	0.7725076773	0.7660999209	0.72238254	0.7466475173
0.7022458498	0.7519489657	0.7461083232	0.7188611974	0.767374705	0.7793846793
0.7232373158	0.7638296778	0.7377311011	0.7342897006	0.7441063037	0.735169371
0.738783305	0.7042164864	0.7908734648	0.7585934747	0.8103423766	0.8113210755
0.7408062484	0.6904068051	0.7334496434	0.7449258948	0.7549601054	0.7605095256
0.6979520436	0.7092322555	0.802872978	0.7589312323	0.7854513954	0.7562140183
0.6725173611	0.657960831	0.7551685487	0.7244821361	0.7119149755	0.7749467232
0.7649305556	0.7084746308	0.7301559589	0.745535562	0.7748385248	0.7908320595
0.7277256944	0.7118717432	0.8293551028	0.757456983	0.7808089053	0.7552643573
0.7044270833	0.7159392009	0.7328745205	0.7476739503	0.7125751644	0.7817291567
0.7752556709	0.763285108	0.7197188794	0.7470313232	0.8091527884	0.7654967053
0.6133373586	0.7215470907	0.7350584325	0.7932699706	0.762671071	0.7615505627
0.7520037758	0.7959777801	0.6851737727	0.7580698413	0.7704592477	0.7727938145
0.678042639	0.7337240815	0.7938855048	0.737647943	0.7464334016	0.7425237673
0.5368480726	0.7311488472	0.7562232615	0.7566481005	0.7903119265	0.7638305021
0.6803289614	0.7440071298	0.727493342	0.7630546562	0.7470928481	0.7414216781
0.7830304784	0.7503014295	0.7468997203	0.7513753958	0.7533327618	0.7883639687
0.7900897491	0.7184541158	0.7436854554	0.6993501366	0.7508032013	0.7780108695
0.6664009354	0.7430656498	0.715089436	0.7480558071	0.7760838904	0.7789636453
0.6166283489	0.804057017	0.7931216241	0.7676294003	0.7404749496	0.7524932699
0.6867777699	0.673571284	0.7022188503	0.7616761108	0.7788144625	0.7528102167
0.524213796	0.6819510164	0.7502035302	0.7825304113	0.7584651816	0.8073060304
0.6374829932	0.64955824	0.7229742246	0.7416810844	0.771071379	0.79192686
0.7714599553	0.7372173961	0.6719805348	0.7467016877	0.7571308953	0.7890099784
0.6877611892	0.7399207648	0.7478852584	0.778546015	0.7333735228	0.7835500385
0.6845254635	0.7097227643	0.7554060561	0.7752283927	0.7769540461	0.7736714115
0.746343714	0.7401313354	0.7848227056	0.7819038145	0.7238840364	0.77594587
0.6333282346	0.7476698272	0.8199283582	0.770241732	0.7291496081	0.7483774935
0.7590921479	0.7364598051	0.7409693813	0.7507782941	0.762786648	0.8006677412
0.6931916813	0.7923378151	0.738626639	0.8010989956	0.7497877618	0.7458717393
0.7481744855	0.7163377245	0.7761547304	0.7599318401	0.7848764475	0.7821334301
0.7757203359	0.6880948403	0.7501200371	0.7808785831	0.7742731537	0.7392210223
0.6439567984	0.7999821826	0.7287490108	0.7403688287	0.760970728	0.7717203618
0.6513151927	0.7703419417	0.7374726933	0.7111222836	0.7540839357	0.7580888019
0.7842086577	0.737737182	0.7647617211	0.7714907186	0.7959974601	0.7416320145
0.7166555654	0.6953860871	0.7425874861	0.7482314152	0.7364742524	0.7912038813
0.8194879974	0.7786454429	0.7171029737	0.7807610846	0.777292261	0.7430036639
0.7483333333	0.6918229966	0.7522996603	0.8111346982	0.7524255786	0.7511795995
0.6193007462	0.7642090182	0.7134189907	0.7507512599	0.7901744442	0.7701316881
0.7238784362	0.7313687968	0.7215558355	0.7685050335	0.7799780476	0.7577008127
0.7663423923	0.6911723784	0.7166158122	0.7814124632	0.7767560755	0.7753223827
0.6559375	0.7567921061	0.6262259038	0.7746337435	0.7880535082	0.7827676038
0.5783893203	0.7725369075	0.7468124048	0.7238510316	0.7710244466	0.7651200154
0.7786323157	0.5708646131	0.7747326549	0.7813076513	0.7324790128	0.8042088001
0.7317679989	0.7364994906	0.7429252716	0.7786660918	0.7458547505	0.7660443467
0.700476466	0.75535296	0.7456748775	0.7476960594	0.7439113115	0.7788479631
0.7145952513	0.7760474878	0.7718686471	0.7140300576	0.7178035039	0.7463463332
0.6763472852	0.6490987777	0.790410828	0.7450591127	0.7477707653	0.8108323966
0.5524030914	0.8020929847	0.7449969912	0.7287195158	0.730395724	0.7776871648
0.6126826994	0.7703811247	0.7247274838	0.7330079078	0.8056321214	0.7639096856
0.7313690476	0.7924972259	0.7619684651	0.7656012576	0.7470748356	0.7603896187
0.8007040895	0.7563254919	0.7624479931	0.7482847882	0.7427387227	0.767039689
0.6471042145	0.7372579689	0.7790280199	0.7015800953	0.7418951321	0.7562073634
0.5971123992	0.777321202	0.7877349642	0.7668080138	0.7303273151	0.7671476824
0.750141233	0.7532851478	0.8073378088	0.778007882	0.7695450737	0.7628123914
0.6413715278	0.6739547639	0.7475613307	0.7627673988	0.7764008019	0.7553930278
0.6591461168	0.7401625443	0.7037558489	0.7284696323	0.7277160845	0.7426949013
0.6809143204	0.7674367166	0.8014527151	0.7415306137	0.7208454752	0.7714218315
0.6870479025	0.7572817945	0.7028869054	0.7929136016	0.7406588506	0.7668068218
0.7284027778	0.7613505221	0.7241851394	0.7422878551	0.777162761	0.7541258229
0.6087009971	0.6348454044	0.745932669	0.7819951189	0.7572146513	0.8128278661
0.7039145854	0.6954095608	0.7812618207	0.7829988873	0.7264668009	0.7422379321
0.6147425269	0.7749157435	0.7316447445	0.7876091026	0.751267171	0.777165838
0.6109069009	0.7358847848	0.7766295303	0.700481924	0.7749686822	0.7868919506
0.6836263917	0.7468784481	0.749631355	0.7253231706	0.711460056	0.7699557044
0.6590047871	0.780704929	0.7915506686	0.7719833086	0.7429192992	0.7448063462
0.6937847222	0.7935869013	0.8023587537	0.7544329867	0.739712717	0.7681381598
0.6301086905	0.6622886513	0.765211608	0.74343452	0.7717952046	0.7723611014
0.6477018616	0.6591102006	0.7910140545	0.7707709007	0.7617334454	0.7608687956
0.6898302926	0.7324108424	0.7738211835	0.7999350994	0.7923279978	0.7684279957
0.7853280656	0.7413851786	0.6669659221	0.7709008179	0.7496256564	0.7301190446
0.7312475971	0.7586390618	0.7551299855	0.7162357339	0.7939599795	0.7721473646
0.7109599395	0.762525501	0.7669572276	0.6970903334	0.7916759541	0.7637497859
0.6425548444	0.7956971022	0.7917939797	0.7547655139	0.717990098	0.7430118789
0.6886886188	0.6986877276	0.7218069218	0.8011828044	0.7927824918	0.805855067
0.7934727963	0.7025865855	0.7686833573	0.7511937108	0.7891111167	0.7633471936
0.5770748299	0.7421810048	0.749525997	0.7602983227	0.7849695136	0.7257692003
0.6439828016	0.7712021414	0.7425649751	0.7664557217	0.7846369424	0.7907110029
0.7323090278	0.7123595773	0.7324605928	0.7676236846	0.7685666734	0.7751075956
0.6943173053	0.7501285392	0.7628363041	0.7533765624	0.7858265924	0.7452579443
0.6500628489	0.6622740091	0.7046064065	0.7955906881	0.7099652214	0.7693938502
0.5758379959	0.7589171222	0.7930349771	0.777663795	0.7827324687	0.7822517453
0.5726199869	0.7385254705	0.6988286032	0.7593273259	0.8126150289	0.8026453833
0.7974471357	0.8177554406	0.7255309692	0.7263537881	0.7722714766	0.761458333
0.6542107372	0.7310566139	0.7917155291	0.7627275321	0.7583084008	0.741050611
0.713877551	0.7136764045	0.7726802352	0.7911037027	0.761601153	0.7433574795
0.7822627315	0.7604673885	0.7684234313	0.775009004	0.7492923721	0.7908985464
0.7426740917	0.7344488885	0.7238558797	0.7400545224	0.7663963701	0.750458365
0.7724082574	0.7802280701	0.7730788476	0.6442855303	0.7662881751	0.7727780177
0.8170144896	0.6676706437	0.7740751241	0.7644139801	0.7643647839	0.7408355715
0.7531568878	0.7511569502	0.7936252878	0.7582608311	0.7377795275	0.7717784411
0.6962836154	0.7304843181	0.7612964421	0.7313790882	0.7512087317	0.779230384
0.6958538832	0.6849931296	0.7574675337	0.7402743296	0.8001830154	0.7747576981
0.5317634657	0.6743407305	0.7680980092	0.8021445526	0.7892194856	0.7239487524
0.7312289144	0.74294653	0.7657003685	0.8008587139	0.7878092509	0.72761982
0.6885898661	0.7505543138	0.7135450605	0.7775660886	0.8060323198	0.7614373073
0.7059385629	0.8039742171	0.657131045	0.7842010268	0.7653849201	0.774373431
0.6871014031	0.7313744873	0.7597872457	0.757339446	0.8257230856	0.7787497707
0.6759888208	0.7300512106	0.789868625	0.7540394681	0.7604692908	0.7904651322
0.7603472222	0.7188523749	0.7575445922	0.7566167538	0.6878631295	0.7426384911
0.6539250283	0.7280318671	0.7416752567	0.7717004044	0.7497793996	0.7794106345
0.6590533971	0.7222621166	0.7416959717	0.8027422746	0.7706816814	0.7817201277
0.7384698193	0.7659968693	0.7689602019	0.7506458458	0.7821694286	0.744448086
0.6011678005	0.7519024422	0.7692708967	0.7747749452	0.7355350434	0.7519634198
0.7236854301	0.707960161	0.6915378216	0.7677981711	0.7377773119	0.7799084975
0.6311731864	0.7364479702	0.7766955865	0.7063179185	0.7574047498	0.8057894692
0.6348526077	0.7868109561	0.7931895771	0.7425655143	0.7749314102	0.7677927243
0.7965614788	0.6125990816	0.7453346611	0.7440077079	0.7904282065	0.784825969
0.699265873	0.7653735201	0.80752525	0.7447912151	0.7740144024	0.7987644206
0.7004500624	0.7640961504	0.7790413202	0.7655017611	0.734370557	0.7657039758
0.5616085014	0.7252884555	0.7833821333	0.7946082188	0.7499362	0.7574400081
0.7171294069	0.7265101746	0.7782392883	0.7508219939	0.7911111745	0.7671319069
0.5379648526	0.7441693702	0.7558142266	0.756094126	0.7797702988	0.7635660238
0.6434060269	0.694047619	0.7427323185	0.772891553	0.811815393	0.7861898908
0.6600530079	0.6409161095	0.7536018002	0.7593955028	0.779309784	0.7998533964
0.6215098003	0.8061664125	0.7816664869	0.7723460944	0.7526860565	0.7380280823
0.7096527778	0.760708945	0.7570036927	0.7043419014	0.770204402	0.7973616268
0.6635147392	0.7609164144	0.7778374346	0.7391066491	0.763157859	0.8124962724
0.771429258	0.6621536625	0.7671990184	0.7488441536	0.7596133723	0.7884228577
0.5723468102	0.6952970907	0.7305045509	0.7803139637	0.7708512028	0.7560173543
0.6364433747	0.7256613442	0.7413693785	0.7632793226	0.7587386851	0.7628977692
0.7106737371	0.734600255	0.7908657539	0.7187816997	0.7940788422	0.7941379367
0.7475	0.7472268013	0.8100542129	0.7795572008	0.7389953093	0.7986422337
0.8357738009	0.7944225478	0.7144311075	0.7017423098	0.8032251475	0.7755894431
0.7893903413	0.7035563431	0.7242305892	0.7614941602	0.6912740479	0.7706284568
0.688834751	0.7637730604	0.7578350877	0.7706296214	0.7465210105	0.7708241798
0.6963194444	0.667152266	0.7684699273	0.7703588035	0.7061156723	0.7429281109
0.6839930556	0.7735627356	0.7436708631	0.759382435	0.7491565001	0.7515854719
0.5363604771	0.8365528535	0.6734607926	0.7419691223	0.7299422669	0.7716436928
0.6559537982	0.7838835557	0.7955901331	0.7485808058	0.7680901075	0.7781097055
0.7028720632	0.6897441575	0.7956592703	0.7911345993	0.7269297748	0.7506207034
0.5837726757	0.732429913	0.7793361866	0.7806428605	0.7487458638	0.7710264828
0.7198929989	0.7781413179	0.6932386775	0.7203923199	0.7917526583	0.754709794
0.6091269841	0.802089447	0.7841485627	0.7962121267	0.8080907778	0.792581829
0.7004402749	0.6807780717	0.7399643532	0.7627256213	0.7558030428	0.7702078384
0.6602732222	0.7390041096	0.7450185956	0.7641470661	0.7823594487	0.7774394272
0.6391418064	0.7877853833	0.6999119508	0.7795697058	0.7562816456	0.7917400119
0.7157481816	0.720046903	0.7046222272	0.7122123787	0.7739633172	0.7546426546
0.7121177588	0.7088596811	0.7408870738	0.7718601566	0.7383533772	0.7742332612
0.6812496851	0.7357600817	0.7599887179	0.7089409002	0.7961883503	0.7812027439
0.741869309	0.7588708467	0.7609821824	0.7872396284	0.6967550812	0.7801508545
0.6095278348	0.7113003106	0.7650600831	0.7791238124	0.7410690695	0.7811698155
0.7972030955	0.6466314801	0.7491359171	0.8000565971	0.7131781243	0.707253457
0.6650173611	0.6741775148	0.6787709984	0.7535880425	0.7257734026	0.7470466856
0.6605612245	0.6486683634	0.6960928091	0.6956220996	0.8045503397	0.7776150032
0.6202799036	0.7721981135	0.7425019775	0.7024862985	0.7907197808	0.7499936663
0.7905126757	0.728803942	0.7538940792	0.7299723005	0.7938069098	0.7969356362
0.7147453295	0.8059385279	0.783237933	0.7734597393	0.8059790984	0.7776802117
0.7264414038	0.7691558241	0.7846486032	0.7445744529	0.7427346798	0.7611025224
0.764511486	0.7262218552	0.8006782042	0.7523077612	0.7801339506	0.727115703
0.7207226777	0.747078368	0.7718832125	0.7743000974	0.737542781	0.8000195193
0.8005300738	0.7496362237	0.7035930804	0.7136627815	0.7294064782	0.756893917
0.6964115646	0.7199845417	0.7383013159	0.7709067016	0.7747047292	0.7674838276
0.6716152626	0.7625259193	0.7526548932	0.7207965056	0.7061926065	0.7675942385
0.6738708192	0.6373601243	0.7877516372	0.7548858836	0.7718306236	0.7623899131
0.7441138024	0.7370547024	0.6750183516	0.700828998	0.8105902426	0.7721035143
0.7400652381	0.782378015	0.7772320518	0.7800442349	0.7871284744	0.7828339623
0.807655943	0.7596916021	0.7526438379	0.7540085362	0.7515995521	0.7652527641
0.7650702921	0.7737519603	0.7202829515	0.7441923856	0.7867659331	0.7726042458
0.6606660914	0.6583233648	0.7570164624	0.7901840079	0.7850920273	0.7665615211
0.8018344907	0.7123047699	0.7745758226	0.7547971891	0.7595292337	0.7928385108
0.6848557965	0.7323871281	0.7452846195	0.7271247747	0.8062534451	0.7898495375
0.6940107845	0.7316869477	0.7706538185	0.7441446244	0.7333565583	0.7483871572
0.6895118343	0.7098307587	0.7869148046	0.7999620559	0.7719255897	0.7724030172
0.6701771053	0.72236375	0.7148344903	0.7651222323	0.7538525504	0.7497647772
0.7760789	0.7331311637	0.7513194095	0.7788860403	0.8189575333	0.780821125
0.6971008736	0.7660961401	0.6858075625	0.7419840753	0.7499118908	0.7578859651
0.7207281454	0.7207094559	0.7410021787	0.7590537457	0.796030034	0.7949865077
0.6158881778	0.7285022349	0.7986114517	0.768964873	0.729093724	0.8125248817
0.7135590278	0.8530558759	0.7073513007	0.7813414503	0.6880875121	0.7869062578
0.7638013024	0.7199773951	0.7811567013	0.7476789539	0.8387839531	0.7682022239
0.7174787231	0.7283613942	0.7897687971	0.7728532041	0.7680598799	0.7742386292
0.7448611111	0.7316852746	0.7588288995	0.6991976169	0.7808691857	0.7986151576
0.666429258	0.7606814925	0.7652941223	0.7441339544	0.7525242653	0.742268365
0.7134137429	0.737698097	0.7738998784	0.850185627	0.7257893781	0.7766927257
0.7283436083	0.8278335916	0.7993806664	0.7399999744	0.7684571125	0.7452323136
0.6628983139	0.7674788347	0.7427361676	0.7862682613	0.7538074225	0.7805975422
0.6738930866	0.7352003719	0.7740208187	0.6935756199	0.7729295456	0.7426042855
0.6593764899	0.7973721773	0.7266646091	0.7192979807	0.7483069589	0.7773940357
0.6927047902	0.7686039895	0.8210114332	0.7746696132	0.7714978301	0.7822580201
0.5277949821	0.5927348986	0.7822489647	0.7900728898	0.7825424681	0.7560154297
0.5949316185	0.7508459437	0.7653660971	0.7585601227	0.7814020739	0.7703219907
0.697043983	0.741593233	0.76547306	0.7878110551	0.7557718756	0.7392217815
0.7567447371	0.6792630609	0.7806477258	0.786522215	0.7268202647	0.7565071878
0.7366145833	0.681353458	0.7420686817	0.7264062199	0.7853502383	0.7691474087
0.6763580703	0.7411175083	0.6940016395	0.7311317948	0.7756561878	0.7821697457
0.7107740537	0.6621088467	0.726618239	0.7831076308	0.8149910985	0.7995200764
0.7432909573	0.7390333082	0.7464659542	0.7343607155	0.7403108493	0.7799518152
0.6149015023	0.7423556483	0.726901309	0.7628329324	0.7648481437	0.7632719267
0.5712596439	0.7390899589	0.7265990632	0.769127019	0.7992567988	0.7698794317
0.6444444444	0.7112143338	0.7487426711	0.7947540853	0.8104238603	0.7452485507
0.6888303777	0.7567605498	0.7578121457	0.7357279165	0.7328325182	0.7849876963
0.5738888218	0.7183481285	0.694558631	0.7331396401	0.7471530736	0.7858556776
0.7461831021	0.7273205399	0.7738889761	0.7498157931	0.7784283512	0.7883484087
0.6597539213	0.7632569799	0.7148136084	0.7430145833	0.7578229023	0.7785897873
0.7471180556	0.6993040202	0.7810702795	0.7599557443	0.7895478894	0.7797609088
0.6718392149	0.7399491157	0.7610933467	0.7452915295	0.7746286384	0.7781779197
0.7334826604	0.7458629378	0.8033213259	0.7106520826	0.7478785031	0.7717756675
0.6652444728	0.7608993008	0.7073093344	0.7469383536	0.7657026791	0.7593281524
0.6993995245	0.7652726433	0.7493871508	0.7522303012	0.7477278758	0.8168936064
0.6530409409	0.7105089707	0.7620506562	0.752219519	0.7296116292	0.7742936685
0.6882043651	0.7483713952	0.7107248413	0.7215841937	0.7422076478	0.7622375582
0.5996837755	0.6936805556	0.7759644291	0.7562074204	0.7442816601	0.7882214236
0.8190851742	0.7507172799	0.7600246986	0.7646466837	0.7775405354	0.7561865771
0.7234901792	0.7345685457	0.7239336681	0.7401301035	0.7702304591	0.730041957
0.5164612097	0.7974121575	0.7764017931	0.7824367455	0.7691522806	0.7563607024
0.7345119599	0.7083839467	0.731709907	0.781188468	0.7416600292	0.8052252021
0.6132879819	0.7065452469	0.6833624807	0.7072412808	0.7600704161	0.7903375424
0.6795110544	0.6625535027	0.7632287523	0.7567194491	0.7978459448	0.7959844687
0.541375393	0.7941245757	0.7651617216	0.7477655716	0.7555151993	0.7928292664
0.7382118056	0.7176416683	0.7951172465	0.7999101385	0.765107497	0.7627848657
0.7421354167	0.7264816411	0.6997503482	0.7855512246	0.7786529122	0.7587157839
0.7948694012	0.6712831708	0.7456979642	0.693199911	0.7547136351	0.756752237
0.6135342975	0.7418805842	0.7577245179	0.7773150573	0.7948608067	0.7585329085
0.8398464199	0.6900055348	0.7204117755	0.7221965158	0.7919381001	0.7809649181
0.6775298355	0.7627694246	0.7649596812	0.8002645701	0.7824936908	0.7543460179
0.6268480726	0.755109521	0.7828817413	0.7783368077	0.7564833238	0.7787696104
0.6413293651	0.7661007606	0.799291923	0.7737793869	0.7805215437	0.72066361
0.6363678967	0.6991616083	0.7396542935	0.768211852	0.7783518992	0.7855347308
0.6277449047	0.7053295081	0.7231352475	0.7181689704	0.752408522	0.7486553537
0.5890022676	0.7685918877	0.7142734515	0.8086823709	0.7614337407	0.7474676145
0.5515062719	0.6937883733	0.7795461583	0.7710946574	0.7635765629	0.7906981849
0.6689452374	0.7049720801	0.8093251616	0.767445562	0.7645587489	0.7421358788
0.7301525255	0.725811357	0.7697882151	0.7653011213	0.7825639689	0.7827379244
0.6678847852	0.7572502041	0.7622253206	0.7669755178	0.7717566668	0.7426028583
0.6356873562	0.7795694023	0.723251972	0.7913028585	0.754427253	0.78761679
0.7069193339	0.7615733703	0.7985856069	0.7322763337	0.7405744294	0.763838699
0.6742665816	0.7834872016	0.762008994	0.735935128	0.7423533619	0.7094567365
0.7687856356	0.7943123513	0.7531122838	0.7786342762	0.7890157349	0.7476404814
0.7601476289	0.7413079294	0.7404963088	0.778322918	0.7881047116	0.794468133
0.8365670989	0.7153593711	0.7886326064	0.7713164584	0.7761507826	0.7990599232
0.7051838861	0.6470050057	0.7424145601	0.7612003571	0.7661705094	0.767889705
0.7155555556	0.7722982331	0.6766847471	0.8137844573	0.7653764193	0.7629504831
0.7360913471	0.723317968	0.7483501203	0.7679917038	0.7880849125	0.7309889751
0.6009070295	0.7653486352	0.766151477	0.7773299208	0.7775006674	0.7539694969
0.7445054308	0.7346640415	0.802227906	0.7809984193	0.7906688859	0.7827951854
0.7488839286	0.7013769137	0.7634075098	0.7627634271	0.7999127999	0.7564120571
0.566714165	0.7918554498	0.7265034591	0.7829747051	0.7939826652	0.7742605311
0.7360432886	0.7682819667	0.7347061787	0.7932927766	0.778735464	0.7954309152
0.6857677926	0.6716255552	0.7676066258	0.677836663	0.7765016221	0.77638617
0.6573537873	0.7882050851	0.7250437105	0.7577051862	0.7937141215	0.7445147175
0.6201734727	0.7004562038	0.7622565142	0.7962913271	0.812841733	0.7488429963
0.6006122449	0.7540177529	0.8191164078	0.7732387131	0.7511514973	0.7421710569
0.7008685827	0.7502785981	0.720056279	0.7649638155	0.7693757075	0.7717146756
0.5727888473	0.7386669638	0.7689918118	0.7789208283	0.7326526158	0.7410977901
0.7173947704	0.7467109263	0.7136876869	0.7575540272	0.7270042088	0.8102271742
0.6471655329	0.7631478983	0.7468195266	0.7467792275	0.7464321656	0.7741089522
0.5164835165	0.7768097628	0.7587008886	0.7517529227	0.7719382149	0.8056611333
0.7085763889	0.7757362744	0.7352475308	0.7396923401	0.7258026047	0.7852611571
0.6677132937	0.7806104599	0.7267075025	0.7546683656	0.7523433858	0.8065734276
0.7026424383	0.6665081346	0.7195657306	0.770396395	0.7539892907	0.7580914374
0.6309529462	0.7458768404	0.7595746331	0.7435128636	0.7985846911	0.7389532759
0.8181498702	0.7641448554	0.7658724769	0.7322147089	0.7468148117	0.7562428647
0.7861648164	0.709597067	0.7310528503	0.7068832326	0.7526838198	0.77338619
0.7592962896	0.7416266055	0.7276846734	0.7962682695	0.7401266109	0.7348487481
0.7370088428	0.7361471066	0.7441513942	0.7885931013	0.7537752902	0.7589852602
0.7327259948	0.7537239665	0.8280610388	0.7429636225	0.7796864163	0.7683121478
0.6535694323	0.788810654	0.8054251865	0.7282622496	0.7854405137	0.7481356987
0.6966374001	0.666697393	0.6979774398	0.7198182457	0.7782566765	0.762313043
0.6312244898	0.7718767832	0.7407098765	0.7621549056	0.7626119984	0.7799918824
0.7118533837	0.7491245569	0.7459802512	0.7734463195	0.8158947829	0.7696829934
0.767726709	0.7247159414	0.7676490856	0.7696078545	0.7793583629	0.7742109556
0.7303993056	0.6627273574	0.7505032809	0.7212608471	0.7415669469	0.7587519549
0.8065997811	0.6952280886	0.7785374275	0.7964029472	0.7637712376	0.7613363819
0.6442435532	0.7552946242	0.7516444053	0.7628514193	0.7526838561	0.7292389895
0.8410493827	0.6810359249	0.7058397285	0.7129277213	0.7439904596	0.795487682
0.6428004908	0.7877462463	0.7119675241	0.750619352	0.7791740037	0.7895028989
0.7405825284	0.8069903336	0.7651913969	0.7977064481	0.7527058118	0.7415971266
0.7082853203	0.6857070084	0.8050537533	0.7232134414	0.7793678974	0.763945907
0.6935926018	0.7992902809	0.7242203792	0.757130772	0.7447481494	0.8171619755
0.7071180556	0.6561766127	0.7265843166	0.7663446958	0.800685549	0.7554584215
0.7495173415	0.6955168535	0.6844534024	0.7418405516	0.7203794853	0.7776764514
0.6134240363	0.7710959039	0.7296750473	0.736476012	0.752272896	0.7961816863
0.6717216298	0.8045952722	0.7806507953	0.7419335728	0.7326177718	0.7634679518
0.7636941921	0.7243155363	0.7376558224	0.7596807407	0.7133412061	0.759136527
0.6393937783	0.7747675934	0.7813628718	0.7656625405	0.8111424284	0.7694062825
0.6892134417	0.7504383373	0.7564180892	0.7910931245	0.7360833366	0.7942401356
0.606335055	0.6965952735	0.6922721357	0.7835025799	0.721165824	0.7805488847
0.6631785215	0.756558222	0.7751039771	0.800496303	0.7677555052	0.7303448356
0.7147060013	0.7508185503	0.7570200204	0.8002248193	0.7487526381	0.8087692223
0.6864930556	0.6941476964	0.8016895266	0.7815726607	0.7186409648	0.7735513192
0.634790023	0.7726901162	0.8089514494	0.7317202194	0.7766872549	0.7594765544
0.78652141	0.7491324133	0.7171186355	0.7178601488	0.7848415633	0.7484274001
0.6951944689	0.6949055768	0.8024752787	0.7952791516	0.8029519515	0.7732216586
0.6230639353	0.7633209201	0.7398753225	0.8229691371	0.7269307384	0.7568644849
0.697613006	0.814337226	0.6844142028	0.784783018	0.769415992	0.7572584349
0.7285416667	0.7342614087	0.7772967778	0.7526786704	0.7660287773	0.7965366086
0.6313807398	0.7911704971	0.8222059121	0.7842593164	0.7780514335	0.7531510609
0.8096146314	0.7609779327	0.7423685408	0.7653174922	0.744017998	0.7251788981
0.6141338888	0.751534821	0.7554191391	0.7326238542	0.8086125702	0.7966500098
0.7776937981	0.7288679645	0.7827864123	0.7964098378	0.811324459	0.7168494817
0.6150256465	0.7005814918	0.7301684947	0.785834832	0.8132951973	0.7776302531
0.7970382185	0.7536547849	0.750252772	0.786243543	0.7668504973	0.7729639818
0.5860711003	0.8394597729	0.7956296327	0.7950636273	0.7192529687	0.7700598825
0.7420862769	0.64486676	0.7289686931	0.7815266137	0.6814599296	0.7486999524
0.5992415033	0.7325066728	0.701740235	0.7812224672	0.7982950436	0.7306257379