0.704786352	0.6874414073	0.8030501515	0.7933242756	0.7951068969	0.8002904259
0.6792460317	0.7285458494	0.7410700555	0.8234760098	0.776495648	0.7623394351
0.7816671938	0.7673532334	0.7442677104	0.7842729208	0.7989996687	0.7956851554
0.7802636969	0.8061029774	0.8155896134	0.7033525031	0.7881075048	0.8030090681
0.6598687023	0.7613402403	0.7561887791	0.736803603	0.7926434544	0.7830086918
0.6612006371	0.7383909872	0.747123114	0.7267876451	0.7563517975	0.7830455527
0.6459474835	0.835231105	0.7445898025	0.7487337238	0.7700861051	0.741554927
0.7345718277	0.7482432848	0.75160508	0.7405884761	0.8413927371	0.8029941954
0.7191914096	0.8559291407	0.6847569258	0.7476598967	0.7179390701	0.804238084
0.79642387	0.743060283	0.7723288046	0.7922163918	0.805144378	0.7921186576
0.7810970798	0.8103273899	0.8324543427	0.7740888864	0.7472973103	0.7842118148
0.7289409722	0.7551467115	0.7823065321	0.8168248486	0.790137203	0.7800180714
0.6176948759	0.7542672118	0.7302157677	0.7676098012	0.7569031312	0.8039011744
0.585146386	0.7813446795	0.7543665836	0.8132355572	0.7664308388	0.7570462468
0.6923583565	0.7437285519	0.7662745334	0.7535997067	0.7776908556	0.7673387233
0.8698139459	0.7471709499	0.7386715321	0.7560707655	0.7587472519	0.7780469908
0.6138173899	0.7727933479	0.7975576996	0.775868135	0.8127860972	0.7880378534
0.6561493534	0.8284739472	0.7752184227	0.7636158361	0.7782072318	0.7731869178
0.7013464773	0.77820958	0.8025363964	0.7542583037	0.7741926054	0.8123581638
0.6976120977	0.8240594771	0.7750018931	0.7842861653	0.8197835773	0.7977797702
0.6297370151	0.784860734	0.7939376511	0.8314544128	0.7871292031	0.7636679013
0.8294862607	0.7482236539	0.7914393493	0.7702688738	0.7646365866	0.7916562649
0.7801228969	0.7852589565	0.7604260364	0.7659168855	0.8252074554	0.7981572835
0.633606678	0.7180265703	0.7849101162	0.7962958502	0.8273962023	0.7912994922
0.6579695152	0.7865676969	0.7798307528	0.7388197909	0.7706182315	0.7752528905
0.7517762661	0.7316631236	0.7271614729	0.7312393423	0.7709170864	0.8312057939
0.6968984556	0.7974461411	0.7793066316	0.7981068446	0.7807891957	0.7718240672
0.7342881086	0.7894959948	0.7954518797	0.7733475329	0.853566775	0.7829133914
0.7151098356	0.6826238132	0.7679275399	0.728422944	0.7718330676	0.7899739945
0.6770564516	0.7558389846	0.7517676012	0.7774221807	0.7685276512	0.79744738
0.7052444728	0.8950359951	0.793625234	0.7968546604	0.8019082763	0.7146942127
0.7790297014	0.8042678727	0.7284005854	0.83708402	0.7603334326	0.7771312546
0.7500919553	0.7376198065	0.759464177	0.8528514959	0.805003418	0.7445657531
0.6941982774	0.8391153157	0.7708239522	0.7801214679	0.7621769074	0.7909449006
0.8143694922	0.7940328098	0.8057602248	0.8232720886	0.7724790286	0.7933094262
0.6736288265	0.8138990799	0.7821989409	0.7996744024	0.7806960895	0.7959010382
0.5948476537	0.7942875021	0.8181211346	0.7605554207	0.8174518345	0.7829033749
0.8368888035	0.7648047342	0.7224473542	0.8075739126	0.782407067	0.7881826225
0.7330197704	0.7438532076	0.800250825	0.8010614054	0.7999817841	0.7812078896
0.7070251534	0.7227420456	0.7913000702	0.7570117913	0.8011568557	0.7682190371
0.7324617347	0.7848460679	0.7518309889	0.7739019759	0.729963675	0.7997464752
0.7506269567	0.7996451685	0.750184821	0.7779264811	0.7780600045	0.800851743
0.7238548753	0.7460811721	0.7287224094	0.7351357669	0.7659729287	0.7937268629
0.7232434149	0.8030376477	0.7693808544	0.784476762	0.7265457146	0.7857218573
0.78515625	0.8798854407	0.7734287959	0.8188454251	0.7240496659	0.8024239451
0.7667784313	0.7220183768	0.7788812253	0.8048368903	0.796764939	0.7866837205
0.7239837896	0.7242406407	0.8135566079	0.773988793	0.7523947142	0.7636527089
0.7250793689	0.8135855411	0.7771263548	0.7539887302	0.7598746931	0.7963698414
0.8349058373	0.7582525193	0.7347296173	0.7998282468	0.8111397855	0.7701636489
0.6857067719	0.7499341791	0.7914533012	0.8145072925	0.7089466834	0.7832530299
0.7408496226	0.7578821229	0.7669037059	0.7940572199	0.798025271	0.7659773739
0.7326120706	0.7377374045	0.6922958299	0.7845761933	0.7569580181	0.812845929
0.640006368	0.8019903325	0.8066939482	0.7642108916	0.7519728637	0.7756033708
0.7775394584	0.7351380056	0.7437523532	0.7231330306	0.7682143384	0.8313407832
0.7195737903	0.7080927547	0.7030152265	0.7992783581	0.8060694738	0.7600838668
0.7669513898	0.7149826929	0.758678434	0.8188701541	0.7104609993	0.7849392337
0.5948717949	0.7697475358	0.7917164079	0.763201256	0.8311577762	0.7958260704
0.6884845496	0.751171469	0.7905643215	0.7561365268	0.7905993226	0.7898046723
0.7846178741	0.7649799705	0.7720920435	0.8022305116	0.762431454	0.7442227016
0.7182628445	0.8124961286	0.7911246011	0.8625058851	0.8082100239	0.7864575781
0.6557946316	0.7301607844	0.8151963945	0.7776816894	0.7048499088	0.7778644138
0.6028379504	0.8151525555	0.7120963323	0.7505037305	0.807176109	0.7946832701
0.8228323933	0.7546553089	0.805168333	0.7686978633	0.7913411053	0.8138909847
0.781302624	0.7645263113	0.7204976666	0.8136202796	0.8053833997	0.8003682269
0.8024864969	0.7920519824	0.7429849845	0.8212969803	0.7272447908	0.7846950417
0.8443899582	0.8173938469	0.7838856335	0.8203354404	0.7892555026	0.7915063929
0.8244890787	0.7617706751	0.7427186006	0.7824545127	0.707962461	0.8066954619
0.840159203	0.746973753	0.7492607302	0.7556793374	0.7513189199	0.8074505292
0.7692742279	0.774617668	0.8107413283	0.8125426273	0.8145076508	0.7847976805
0.5867171442	0.6963560119	0.7678418318	0.8072785589	0.7811217767	0.7601350867
0.7118820862	0.7950415881	0.6707945834	0.7925938296	0.7851764975	0.7925205184
0.5995652699	0.7415021663	0.7273170126	0.7873952448	0.7374919344	0.8027236123
0.8215407691	0.7668574414	0.6956252959	0.7856498777	0.8238399565	0.8222654702
0.6954654817	0.8307882185	0.6697529423	0.7726428394	0.7705667686	0.795705781
0.6407500843	0.7508761955	0.8367739335	0.7519918472	0.7927773426	0.7876275033
0.8080985867	0.7891183084	0.7667703665	0.779641245	0.8122145994	0.7753630671
0.772046131	0.7433913651	0.7817180905	0.7896134376	0.7950893539	0.8124724768
0.8008623646	0.6690312677	0.7598288031	0.7650282906	0.7789446104	0.8193712375
0.7449076116	0.7271176074	0.7366644647	0.7635913972	0.7589450334	0.7836767863
0.7436899038	0.6895016238	0.735256006	0.8426585625	0.7565712292	0.809074072
0.7697655533	0.8122213211	0.7224179986	0.8147817255	0.8366420083	0.8076883804
0.8099217901	0.7792017989	0.7556649761	0.74643629	0.8057282313	0.8079649882
0.6040253749	0.7291840703	0.7967521795	0.7986427827	0.8039241156	0.7737546951
0.7199043027	0.6842747307	0.7492164591	0.7941539254	0.81176202	0.7996430796
0.6240136054	0.6727349646	0.7789230029	0.8499009291	0.8267016064	0.7919808579
0.7460117664	0.8618151003	0.7852961879	0.7754486275	0.7828628007	0.7524472123
0.8212348041	0.6500661784	0.7756898393	0.8347330905	0.7766351135	0.7842654179
0.808329214	0.7774015685	0.760351552	0.8009570189	0.7618490412	0.7470885801
0.7905126757	0.7812588288	0.7099428976	0.8031516661	0.7498120678	0.783557857
0.5752614834	0.7936223615	0.774049098	0.7678679468	0.8101643362	0.7970718988
0.6886458333	0.8222906392	0.784019435	0.8380992208	0.7588078207	0.8068672033
0.8385010697	0.7482666119	0.8149603324	0.8321276121	0.7992007945	0.7972507146
0.7981505102	0.7012950562	0.7403517225	0.7544085346	0.8250818642	0.8018677918
0.7107213719	0.7691944128	0.8101115387	0.7473139155	0.7846106501	0.8039303516
0.8367526238	0.7136886214	0.7446510784	0.826454577	0.7342895896	0.7763637633
0.7636307072	0.8133799362	0.7642124379	0.7988592512	0.7724000838	0.8059314941
0.7178194454	0.8072334442	0.776576441	0.7640197477	0.7751119466	0.7910929732
0.5986621315	0.7454139269	0.7513050192	0.8080615852	0.7826348578	0.7670351245
0.6936419359	0.8146029022	0.7608677268	0.8058118435	0.7846543646	0.7725159367
0.6855070153	0.7100757521	0.7683440595	0.8212060046	0.7950678135	0.7463386627
0.6682483329	0.7874984203	0.7601066175	0.8453083658	0.7998095393	0.8138525033
0.702576733	0.6963856644	0.7321124622	0.7854644414	0.7559964934	0.769510731
0.8006529482	0.8302827786	0.7866539462	0.7939935063	0.7960555127	0.8028707052
0.6629299186	0.7460999412	0.8367345842	0.8113337637	0.8126793143	0.7785003591
0.6854513889	0.6516268133	0.7492125817	0.8054626866	0.7881387733	0.7777884132
0.7022265159	0.8214005588	0.8196779486	0.8098443043	0.7890627211	0.7787434663
0.7212881123	0.712851592	0.8327024022	0.7804961338	0.886013474	0.7922933258
0.611984994	0.7803045329	0.7288818534	0.80943194	0.8311794001	0.8189166234
0.6202154195	0.7948196335	0.7741732061	0.8161986214	0.8216759596	0.7848886448
0.6755521757	0.7046436885	0.7033522855	0.8051141536	0.7687927987	0.7958769807
0.754845073	0.7342367873	0.7217514469	0.7309529298	0.7715445629	0.8245642767
0.8005391716	0.8093325635	0.7484566719	0.7682374712	0.7825573944	0.771310327
0.6509080987	0.8237954547	0.8179091653	0.7660572006	0.7965569943	0.7606416211
0.6750844142	0.6855936026	0.7830886474	0.7979646524	0.7947337083	0.7960508251
0.7153656463	0.6535896107	0.7430893219	0.8050650081	0.799450464	0.7865556871
0.7332898004	0.729587823	0.7478343443	0.7168388538	0.7827739035	0.8080655593
0.6679049379	0.7164332007	0.7915214475	0.763137568	0.7629379293	0.7656729833
0.7181529082	0.7703844136	0.7956366308	0.7950125461	0.7861678752	0.7736889778
0.7553125	0.7871124237	0.7656857565	0.8157322345	0.8190670697	0.7528258478
0.755253588	0.764600861	0.7602915362	0.7126617509	0.8190227386	0.7670276353
0.8118247299	0.833781772	0.7557031661	0.7601424673	0.785728659	0.8163751929
0.7558600072	0.760767619	0.7518505462	0.8219134676	0.7902538616	0.7928622141
0.7233314234	0.7145481012	0.7030698628	0.7390898671	0.7655680449	0.7765845771
0.8126942199	0.7972778104	0.8163149292	0.8043446248	0.8012970364	0.7757814973
0.7040665155	0.6637679516	0.83421557	0.7283796877	0.7829160929	0.7523065362
0.7134618739	0.7693525363	0.7717929137	0.7924551374	0.7752703404	0.8007428303
0.7636755094	0.7783356161	0.818338217	0.7228405429	0.7827361968	0.8015232607
0.7602951389	0.7946785951	0.7348616866	0.7863588907	0.8170543801	0.7990751653
0.7837268975	0.6774481373	0.7960492478	0.7857975191	0.7999935416	0.7779534436
0.7109177004	0.7315149658	0.8476981992	0.7547132967	0.7379570451	0.7551006578
0.6809070295	0.7554442266	0.7914562017	0.7823400039	0.7768581276	0.7582748937
0.7496871911	0.7795099441	0.7849395306	0.806219475	0.8231531837	0.7715542816
0.7370993208	0.7180994898	0.8117480656	0.8222515181	0.8249899945	0.783842769
0.6578674178	0.7894769462	0.747217044	0.7717692728	0.8028272108	0.7926058037
0.8082494714	0.7404175641	0.7740980622	0.7930464067	0.7390437228	0.7595561853
0.5553182318	0.7790184354	0.7254254262	0.769575142	0.7773294419	0.7579062066
0.7558604182	0.712907496	0.7112177655	0.7045749307	0.7631924565	0.7839042253
0.6770931833	0.7796931292	0.8219480729	0.7897109883	0.8042470992	0.7936880673
0.6852380952	0.719841076	0.8561118453	0.8308075916	0.7651649539	0.7996085078
0.6897692719	0.7174771429	0.7477072598	0.7787166471	0.7720630193	0.779947987
0.5940504808	0.757973011	0.8060498786	0.8175593229	0.7501541812	0.8209902922
0.7674310962	0.8153508377	0.6695993856	0.7560500948	0.7622397857	0.7925203412
0.7300347222	0.719948271	0.7824064494	0.7786801789	0.7603936851	0.7878774765
0.7071006944	0.6962375992	0.7756834979	0.7749450221	0.7517943571	0.7840264961
0.8741322448	0.7722008223	0.7699182974	0.750636151	0.7893130544	0.7884402532
0.8145027074	0.8574116058	0.8301972351	0.8063288465	0.7505981388	0.7530581861
0.7265462018	0.5612330792	0.8780217151	0.7501604046	0.8181032319	0.7656016921
0.7938271605	0.6790973841	0.721241418	0.8287351603	0.7691228917	0.7743986144
0.7153277169	0.8099805367	0.7021426051	0.8285424739	0.7682274387	0.7675514951
0.7429875283	0.7457812648	0.6551170431	0.7973959653	0.7405002874	0.739523706
0.769406997	0.8187148554	0.8120809792	0.7445499091	0.7963488733	0.7850603939
0.7392481271	0.7707474923	0.7649720462	0.764695566	0.7895492114	0.7648025084
0.8411631944	0.651441858	0.7622587875	0.802019779	0.7594521676	0.7954282794
0.7833880866	0.8175788866	0.7679863654	0.7622719153	0.7251769305	0.7360591063
0.7826530612	0.66011759	0.7629998211	0.8655118485	0.7506373573	0.7726959244
0.8203508425	0.7005652118	0.7355930615	0.7603613304	0.7647264737	0.7745188309
0.8512782368	0.7368961564	0.7015041331	0.8257233878	0.7744290864	0.7638010568
0.7909912053	0.7874861988	0.756621313	0.7726419523	0.8017090317	0.7356876982
0.5977237049	0.8264485501	0.7339234616	0.7915850228	0.7620704089	0.7961171574
0.6740406814	0.7640817896	0.7814764603	0.7909534809	0.7826706814	0.771694218
0.7617052863	0.78351255	0.830932072	0.7811213491	0.7571633441	0.7755122759
0.7111111111	0.7880022047	0.7399530358	0.819677848	0.7402667832	0.762561168
0.8684119583	0.8816206787	0.8203033143	0.7713304492	0.7151542461	0.8027787352
0.6852673851	0.8185744992	0.7482516335	0.8055105943	0.7819030029	0.7988190275
0.6567494658	0.7460606197	0.750612491	0.7063052448	0.7693816013	0.8009848488
0.6408022314	0.7714722257	0.8443100087	0.7398494784	0.8122594401	0.7634055376
0.7475149376	0.7886510322	0.7844085613	0.7536677558	0.7855190377	0.7770092392
0.7548297789	0.6977822973	0.7747640055	0.8128027899	0.7681433821	0.7514381324
0.7360326913	0.7569408996	0.8766351443	0.7987843022	0.808924134	0.8057131674
0.7643565051	0.7313324291	0.7927182827	0.7259479056	0.7677131381	0.7987360523
0.612670068	0.6795906429	0.787834908	0.7531492876	0.7923997174	0.7593302519
0.6757638889	0.7423470596	0.7436956949	0.8107502869	0.8134335889	0.7910071794
0.6828905266	0.8544272241	0.804433439	0.7317468685	0.8000325138	0.7757859905
0.8159196583	0.7935312112	0.6982898715	0.8270372319	0.7959629621	0.7727480862
0.7247028972	0.7169263282	0.7239416612	0.7846561001	0.7635786759	0.79640798
0.8412094907	0.8561814739	0.8453811277	0.794049091	0.7853315498	0.7744599216
0.7066439909	0.8057841198	0.771719498	0.7281671741	0.8600941175	0.7440741254
0.728887967	0.8093469569	0.7585587929	0.7901909202	0.7580541595	0.7624771031
0.7218956175	0.8228971289	0.7823439545	0.8033107998	0.7971034884	0.8069265595
0.7653737604	0.7657560969	0.8124962973	0.7605902546	0.7872484753	0.7843513989
0.8219717604	0.8224048009	0.7689846031	0.7850026477	0.7984288934	0.7846970752
0.7837847222	0.7523270773	0.8144738622	0.8106671343	0.7384300582	0.7975307185
0.7130917785	0.800791058	0.8037790682	0.8108860386	0.7957438302	0.770026565
0.768051313	0.7878902355	0.8224510041	0.7355429131	0.7733172411	0.8086167279
0.7534079317	0.7299459404	0.8125277221	0.7881881187	0.8134413773	0.7780454662
0.7049617347	0.7975549769	0.7627127723	0.7770187735	0.7985070873	0.7770261028
0.6036859478	0.7426421493	0.7773436599	0.7835073007	0.7614786314	0.7999215095
0.7383757485	0.7666639413	0.8767773007	0.7504564255	0.7881793018	0.8044883166
0.6992061962	0.7619831826	0.7669193699	0.7689907317	0.7590134223	0.7794905485
0.7219207906	0.7761434831	0.7553539167	0.7993738543	0.7777118488	0.8201024856
0.7979288706	0.784606436	0.7138474473	0.7993952984	0.7462185713	0.798526741
0.6008645138	0.6984827836	0.708203976	0.7867468156	0.7147292948	0.8063373136
0.7419240674	0.7866694189	0.7486579655	0.7675493017	0.7858207205	0.8263555525
0.7856285829	0.7507817994	0.7616077998	0.7430119651	0.7539652512	0.7740467339
0.8246944441	0.6905648699	0.7582442272	0.7592878566	0.6639462735	0.7931350608
0.803433642	0.7264990059	0.7779316264	0.805085142	0.7448147813	0.7689371616
0.7682776023	0.8355625616	0.8171182829	0.7468111043	0.7663946025	0.819885253
0.8246380121	0.8023166934	0.8080159861	0.7769721189	0.792550025	0.7538540484
0.7669309414	0.854913798	0.7659833737	0.7946099425	0.76001423	0.7900927432
0.7116062205	0.7421806413	0.7435402757	0.7786567365	0.7691395908	0.7728950859
0.5618397201	0.7111860473	0.7301669179	0.8119811598	0.7469706216	0.7909985423
0.8639448035	0.7520744686	0.7561849043	0.7813873542	0.8404539675	0.781231873
0.6531008483	0.77160792	0.8228606702	0.751994089	0.7849358876	0.7799477842
0.79296875	0.7789261308	0.7735316256	0.7523425614	0.7812434975	0.7823635802
0.7641967829	0.8316481746	0.7472895331	0.8600459004	0.7996342251	0.7835979952
0.7230864198	0.6578546216	0.7647537739	0.7226906744	0.7965102352	0.7616577447
0.8083992864	0.793726721	0.7299116428	0.7297992301	0.8011843252	0.7976350231
0.7622825956	0.8000615277	0.7310375957	0.714147999	0.8147137992	0.7899920832
0.6997930937	0.7146022446	0.764568946	0.8035452847	0.7643651231	0.7893690894
0.8012643014	0.7530591564	0.7765746823	0.8149194435	0.802930242	0.8049219561
0.729163562	0.7987234122	0.8298415592	0.7427804577	0.7678943937	0.7836619967
0.7313419534	0.7813423449	0.8031623433	0.806365796	0.8051199412	0.7585181159
0.7975344073	0.8118652167	0.7219555396	0.8543481259	0.7994558498	0.7569737774
0.5882852578	0.826120684	0.7641760278	0.7737725157	0.7559257272	0.8053152422
0.8457428032	0.7049687014	0.7890604082	0.8259510148	0.7959904965	0.7812035116
0.7449406097	0.7248398882	0.7664474907	0.7622827639	0.7321813723	0.8086479594
0.7291918227	0.7768218759	0.7444968772	0.7362800844	0.7745664226	0.7702565796
0.6810569732	0.778465727	0.8209084162	0.8041215825	0.7622145275	0.8119099054
0.8259822301	0.7527875266	0.7703043668	0.7931333719	0.7627030276	0.7767170067
0.5969618056	0.7983933892	0.7862712551	0.7639822786	0.7922708472	0.8117093898
0.774186145	0.809939076	0.7558209173	0.7986284402	0.7821828215	0.808339118
0.6782054734	0.7451244284	0.7908750184	0.7499885317	0.750913967	0.7853571596
0.7654333192	0.8061826345	0.7146176805	0.7986065924	0.7564889752	0.7891557345
0.856242858	0.6676254676	0.8253720988	0.8155246716	0.7876408126	0.7611157156
0.8006515547	0.8514874299	0.6684572487	0.7712174266	0.7433810703	0.7877994599
0.753295209	0.7916373076	0.861204963	0.8034811113	0.8010748384	0.787169016
0.8155278408	0.8051779665	0.7735794416	0.7239882074	0.7236026853	0.8078232298
0.8071334877	0.7367692953	0.7899430924	0.8449853092	0.7904630634	0.8026971432
0.7211136098	0.7227946258	0.7699141503	0.7577603649	0.8076507524	0.7910726101
0.5683181044	0.8067283408	0.7896233454	0.779237074	0.7590995454	0.7979503687
0.6367211421	0.8182321691	0.7244086327	0.7551802281	0.7576213507	0.7581088017
0.7377660035	0.7833661237	0.8090008176	0.7436430403	0.7155532215	0.7838186615
0.7812454468	0.7545216837	0.8126766807	0.7057578908	0.8270829581	0.7428377943
0.8470401471	0.8495568898	0.8055013591	0.789715949	0.7806819582	0.7919869398
0.7729852218	0.7595442258	0.7215579541	0.8317050022	0.7782079981	0.7553189463
0.6390726844	0.7507157335	0.7421887755	0.7527605755	0.8112725891	0.7738147187
0.7162627028	0.6877209326	0.7701571731	0.7179784822	0.7920298895	0.806370952
0.7559061678	0.7384536482	0.7522897841	0.7505411233	0.7511003289	0.7817096445
0.7840346923	0.7851142522	0.7819419963	0.7551690045	0.7935207284	0.8011160954
0.7614586106	0.8160692512	0.7376701707	0.6962335713	0.7834285103	0.7747442981
0.4792899408	0.7425263127	0.8346145051	0.7928890928	0.8230458244	0.8037696248
0.7606370786	0.6813194444	0.7768688117	0.8433421851	0.7728091052	0.7992435322
0.7330317666	0.7285163166	0.7353793254	0.7558044772	0.7821730234	0.8004443483
0.6889519437	0.7956641486	0.7155334622	0.8325141209	0.7240404018	0.797298699
0.7538517637	0.7546894831	0.8193143389	0.8006585188	0.726199196	0.827259767
0.7978731433	0.754134523	0.7814655779	0.7800221647	0.7460354175	0.7503271572
0.7255729167	0.7722804693	0.7394694664	0.7642393947	0.6904304846	0.7996627651
0.7615002598	0.751786125	0.7931790473	0.8011952255	0.787103322	0.7805304987
0.7220703968	0.8404041171	0.7909575081	0.736857277	0.7177930375	0.8016160914
0.765352846	0.7618101878	0.7618137323	0.7937680593	0.762845371	0.772757453
0.6636334535	0.7231645969	0.7452549174	0.7810169087	0.7993067261	0.7622563672
0.6982790699	0.7448830148	0.748187084	0.7861590259	0.7765255804	0.8230757441
0.8103605917	0.7503911493	0.8103677038	0.7211795859	0.7722874855	0.7662323667
0.8194393961	0.7387564273	0.713944657	0.839836817	0.7577793196	0.7857848256
0.7743266197	0.7877281447	0.7418746924	0.8232059714	0.814203053	0.7867129801
0.8073774172	0.8317937838	0.7272747539	0.7280076943	0.8312638499	0.8040422596
0.7472909094	0.7280279309	0.7953223338	0.783284631	0.7453797989	0.838269337
0.8010539941	0.8287457512	0.8034096366	0.8095750052	0.7435383092	0.7976986419
0.7400623583	0.7802448339	0.8110515079	0.8113486427	0.7698408644	0.7997953588
0.8380057906	0.6089802371	0.6472942175	0.8041066454	0.7388435634	0.8070781882
0.7578125	0.6925366348	0.7654776813	0.7921111908	0.7751405182	0.7458240176
0.7483908967	0.823799524	0.8025017722	0.8080255549	0.7553407223	0.7805523844
0.7879681108	0.7732578649	0.7500899413	0.732840798	0.8200686135	0.7935091795
0.8163761858	0.7060709892	0.7537992185	0.7800487187	0.7778264944	0.8037498699
0.6982451105	0.7872545666	0.7683133458	0.7607586571	0.7694375501	0.7779380947
0.598836486	0.7569273752	0.7974037461	0.801646304	0.7548056254	0.7818080803
0.7809726331	0.7405336095	0.8100502422	0.8472824404	0.7262937657	0.7860908742
0.7589846728	0.7827971675	0.7729039401	0.8141176475	0.7898164288	0.7767517233
0.7461955152	0.8152700795	0.7474912288	0.7572258055	0.7987319442	0.7760745691
0.6162601135	0.7156257313	0.8057500656	0.7866437563	0.779840679	0.75739868
0.7783790258	0.767549412	0.7114583557	0.7725743173	0.8397666699	0.8037333773
0.7352158971	0.8012712418	0.784311201	0.8063674134	0.7835262517	0.7616846419
0.7646173642	0.7858026026	0.8250996424	0.6573130965	0.7608034551	0.7735876445
0.7744253032	0.8264776555	0.7827923347	0.7847723823	0.7440741429	0.764688856
0.7832882574	0.697786939	0.7097428399	0.7547729454	0.7976605302	0.7581815971
0.7453808815	0.6996246166	0.6911372826	0.7812967992	0.7334548252	0.8192273072
0.7223956519	0.7695985536	0.7681326272	0.8101545256	0.8056639775	0.7818281106
0.7454184799	0.7832679455	0.7220821245	0.8119215024	0.8088046163	0.8372309411
0.7667881944	0.795619364	0.7717569032	0.8122751205	0.7697275858	0.8134884315
0.7418721655	0.8066645841	0.7583306478	0.7668182347	0.7857414356	0.810371969
0.8001214797	0.7465352576	0.7547732891	0.8426019633	0.7573641801	0.7944123475
0.8196254537	0.7533448536	0.7514890998	0.777853114	0.8149437536	0.8011226855
0.703987143	0.7119917272	0.7860654402	0.7927707918	0.7552394797	0.7895779346
0.8070280661	0.7566024161	0.73986861	0.7196494101	0.8647279188	0.7515727518
0.6983450255	0.7886753379	0.7687871583	0.7608833182	0.7931525728	0.801012429
0.6872057857	0.744980221	0.7736757417	0.778846281	0.7674950757	0.771746537
0.6572108844	0.781341242	0.7932565194	0.7854094797	0.7525215067	0.7654913827
0.5898054598	0.7192320819	0.8258562999	0.7634111833	0.8087910476	0.7943804244
0.795383716	0.8016725411	0.7823644983	0.7406164986	0.6974722368	0.7717241063
0.7552776597	0.7918665804	0.7949483819	0.7997965845	0.7533604783	0.8000658407
0.7268236688	0.8043366293	0.8341454898	0.7692274396	0.7345284396	0.8000983478
0.7877592042	0.7903525375	0.7977890903	0.7629223741	0.7903669458	0.7771000714
0.7815998712	0.6826473053	0.7489665489	0.7529453295	0.7489812636	0.7875510304
0.663796661	0.7364566799	0.728739143	0.7411692152	0.7744052253	0.8112073695
0.7081297362	0.6888222312	0.7957830128	0.7974892788	0.7498508417	0.818439132
0.7009952129	0.7400362378	0.8038231934	0.8406851531	0.7006346511	0.8054227673
0.7108577806	0.8034244234	0.7710043736	0.8067522307	0.7932057086	0.7371920625
0.5707369615	0.7315977422	0.716785405	0.6950667299	0.7393285307	0.7642048151
0.7548145597	0.6839393778	0.8098498645	0.7712468457	0.8145022651	0.7753010655
0.7197370151	0.7091298268	0.7617443886	0.7389609934	0.7890015192	0.7976431921
0.7535514992	0.8473416641	0.7525141883	0.7577064139	0.7484669099	0.8049916992
0.694071144	0.8525796615	0.8324777774	0.8512785976	0.7979156189	0.7931617101
0.6577469592	0.7927576276	0.8190754168	0.7782567397	0.7338232488	0.7775716168
0.6704071003	0.7936237727	0.8055038001	0.7849166243	0.8022187764	0.7949830131
0.662341566	0.7372391918	0.7878109315	0.7899893539	0.7999836747	0.831965611
0.8159538399	0.7765659729	0.7361314526	0.8068010067	0.7795996315	0.7800820561
0.616971052	0.8023004823	0.7584759955	0.8110770311	0.7809332726	0.777106414
0.8577420075	0.7511974716	0.7926091225	0.80580123	0.7811824322	0.798258384
0.8268418998	0.869296018	0.7769067324	0.7803666893	0.7608047522	0.7824073251
0.818688156	0.7899187445	0.7600717391	0.7911935942	0.7854557553	0.7814097396
0.7464923469	0.7864388544	0.7547671717	0.7494257458	0.7814144428	0.7983136531
0.6516711453	0.711567745	0.8069351415	0.7602354299	0.775297424	0.7805136284
0.7288329854	0.7800938169	0.8034826639	0.8180315006	0.8053605696	0.7943654491
0.7460820578	0.7633494579	0.7724689439	0.8114563191	0.8115709695	0.7824877584
0.7695392057	0.744866454	0.8520631507	0.8553940821	0.8178273167	0.7869483466
0.810617284	0.705501946	0.794185142	0.7542619848	0.7888182129	0.7763788493
0.6846614175	0.7910785311	0.7468018265	0.7008123875	0.7783555917	0.7627475166
0.7479947508	0.7908828826	0.7882521017	0.8300753154	0.7734951078	0.7905700788
0.7533956916	0.7886717465	0.8099869172	0.794835525	0.8038228055	0.7655279435
0.7139306973	0.7436817228	0.809354514	0.8079583533	0.8018067398	0.7637913983
0.7384718593	0.7747158558	0.7849361587	0.7353980138	0.7741014965	0.8002303465
0.7043679621	0.7534569768	0.7808702543	0.7335635726	0.7599116402	0.7820524775
0.7207081264	0.7967728328	0.8294801456	0.8058070875	0.7595869025	0.7999652585
0.6802825801	0.823205034	0.7616514634	0.7616805505	0.7475666769	0.7939323728
0.6840606489	0.8259763178	0.6782174839	0.728503775	0.8472692517	0.7820511432
0.7584931264	0.7958131267	0.7939514098	0.7940797577	0.7595040253	0.8041975515
0.8100980726	0.772131335	0.8263993638	0.8403468718	0.8010153651	0.7722030573
0.6055380917	0.7518605989	0.7995218778	0.7915497395	0.8228566434	0.7822940949
0.6693010774	0.7223845463	0.781167527	0.7301949933	0.7358000548	0.7214980263
0.6376151565	0.838440699	0.7664731279	0.8241761362	0.8122099801	0.8066509993
0.8388734568	0.7380373497	0.7637027533	0.7747215295	0.7666714951	0.7578766401
0.6214031525	0.8364294649	0.7976619035	0.7592342122	0.7900295531	0.7533181347
0.6782672789	0.8559174971	0.750656348	0.7763876221	0.7911545586	0.7651290547
0.6562840493	0.7713875202	0.7754527555	0.7262604223	0.8266377736	0.8355423146
0.5383751627	0.7201968865	0.689766551	0.7846409378	0.8698821115	0.8081539337
0.6729357248	0.7854160976	0.7916538675	0.7735178659	0.8195576295	0.8027073714
0.7651622502	0.8058365785	0.7392083084	0.7558292969	0.829508439	0.7584380545
0.6272789116	0.795261182	0.7988933474	0.744503691	0.8367630666	0.7735433019
0.7682196003	0.7636758868	0.8133591051	0.7959563451	0.798469677	0.7802657714
0.7506708566	0.7793740933	0.7654779459	0.8222424205	0.7504163332	0.7904515159
0.7915200617	0.7278858113	0.7600617525	0.7257334832	0.8134613662	0.8108018173
0.781478003	0.7526531855	0.8059591538	0.8077049303	0.8235410643	0.7967803236
0.6900506724	0.7315833725	0.7554293331	0.8329723668	0.8273080103	0.7972283764
0.7425355368	0.7220339834	0.8047721633	0.8262556919	0.7869930279	0.8047215013
0.8253609264	0.76132968	0.7690176788	0.7484807045	0.7798859806	0.7769682185
0.550295858	0.8351003831	0.8465254353	0.7764026252	0.7714602628	0.7584493547
0.6929209184	0.707320863	0.7315108598	0.8064102293	0.8113716829	0.838421658
0.7947912584	0.7943124563	0.8321683657	0.6681746198	0.8117415865	0.7996917853
0.6913017807	0.7786554379	0.8018389051	0.7848482297	0.7776663077	0.760184107
0.6463013747	0.7806135047	0.8051359273	0.8354655951	0.8384046815	0.7995137154
0.7172145518	0.7186866729	0.8070902082	0.7405432734	0.8105606635	0.7779229142
0.6819587869	0.6906047426	0.7101948737	0.7316873257	0.7252428412	0.7950279448
0.7779930796	0.7828764578	0.7822932119	0.7519862893	0.7852963897	0.7949158481
0.788979828	0.7129667517	0.7232774472	0.7848059648	0.8132613791	0.778123467
0.7433451027	0.786510601	0.7631361902	0.7165986542	0.7498509975	0.8163415838
0.6188872452	0.7532470553	0.6702709048	0.8151550426	0.7606001221	0.7591258698
0.8231484485	0.7317520946	0.7492313614	0.8024308049	0.8045131429	0.8026852418
0.8313580247	0.8536626137	0.8477421126	0.8048365749	0.7740583589	0.7837603813
0.7093402778	0.7415667652	0.7647625461	0.8067513839	0.8571469731	0.7683401301
0.8428203495	0.8054215986	0.7711553151	0.8070972886	0.8140322897	0.7804352256
0.8317439607	0.7842558084	0.7419933563	0.7666739917	0.7862665464	0.7919598449
0.8486118985	0.7382605139	0.8413026098	0.7484783521	0.7876855541	0.8099470453
0.8665047631	0.7324089717	0.8185199476	0.7718808601	0.8077999528	0.7836632665
0.7331657455	0.7279887729	0.7725390478	0.7925324344	0.7626040259	0.8026191312
0.7032162033	0.7342225959	0.791200772	0.757258833	0.7826078069	0.765764172
0.7323013117	0.8529394243	0.7879738921	0.7948267532	0.7463157661	0.7491259204
0.5912455219	0.7665128797	0.7792958045	0.7710574451	0.7621171387	0.7906993511
0.7193223172	0.720000795	0.8137100758	0.7831039979	0.7765389038	0.8018263214
0.8343534471	0.76226143	0.7324519617	0.8153097348	0.7647844362	0.7740183588
0.6513300973	0.8391005691	0.8038140421	0.7944512892	0.7807624891	0.7889917409
0.7958314035	0.751335178	0.7716382033	0.7036429972	0.7777880253	0.7732198281
0.7589949792	0.7671492201	0.7953476952	0.8120212336	0.7910915338	0.747432721
0.6796145125	0.8346153322	0.7862879168	0.7765329773	0.8327841894	0.7449956059
0.6685376162	0.7981033373	0.7017507979	0.7111946284	0.7875047796	0.7780075433
0.7051977041	0.7587127547	0.7025644152	0.8322833481	0.7655326489	0.822254722
0.7012640228	0.7333900817	0.8182958967	0.8386472285	0.7751074238	0.7975512871
0.7530328798	0.7702533065	0.809952841	0.7801084858	0.7772459774	0.7935725212
0.7547745458	0.727426843	0.8131889569	0.7839791746	0.7258730132	0.7734039157
0.6783269533	0.8196877122	0.8332407385	0.7598647959	0.8074350306	0.7410396997
0.8089773164	0.830212783	0.7506456566	0.766897814	0.7311558906	0.7616702574
0.9034324871	0.7750770536	0.66524011	0.7461351051	0.7939158957	0.7921314489
0.727473931	0.7693336899	0.7593867548	0.7331860628	0.7881558474	0.7908847119
0.6552777778	0.7457914919	0.7748854072	0.8137376292	0.8072646683	0.7601977223
0.6231214695	0.778400465	0.7919193674	0.6875308287	0.8239104575	0.7905611085
0.7723703948	0.7084043948	0.7856870483	0.8098743401	0.719299309	0.7720803554
0.680993487	0.8031548643	0.7897122899	0.8451700652	0.8060330279	0.7866181948
0.7188208617	0.8128201949	0.808727548	0.8248831264	0.8157264946	0.7802324797
0.5225398838	0.768196054	0.6685953335	0.7322707757	0.8145763129	0.7554795299
0.7402578485	0.7791129614	0.7312768351	0.7835863558	0.7961886965	0.7977406673
0.6459457057	0.7714066252	0.8148712608	0.754398553	0.7027102175	0.8071519987
0.6733843954	0.7612890039	0.766541065	0.7622217499	0.7447898014	0.8042982995
0.8246699987	0.7588549255	0.7770622556	0.7394086198	0.7681437563	0.8273063507
0.7282086168	0.7483871125	0.8253605691	0.7787931164	0.778967219	0.8290728715
0.7034452613	0.7734435166	0.8138819012	0.769362806	0.7758823127	0.779746589
0.7987422506	0.6687760831	0.86898483	0.8574788768	0.7480692872	0.798610411
0.7924961443	0.7751559356	0.7663890412	0.7481388111	0.7668436689	0.7750044156
0.7272108844	0.6682269102	0.7913306119	0.7020325223	0.818661166	0.7744303463
0.7625	0.7878574329	0.7517473247	0.7752769121	0.7837320048	0.7548826907
0.7831315279	0.7978345211	0.799304181	0.7980803634	0.7783529043	0.7497689707
0.7834559375	0.7070678743	0.765965354	0.7608293334	0.7718991164	0.8154845799
0.648922423	0.7361273094	0.7845985585	0.7277441624	0.8141350622	0.7924914176
0.8181481481	0.7893944231	0.851333955	0.7717761991	0.8082737378	0.7756880509
0.7370048447	0.8048016267	0.7590999051	0.7452462991	0.7756464029	0.801512319
0.7797488239	0.7429445344	0.8590123457	0.7723663532	0.8154110853	0.7934447274
0.6269528891	0.8198582176	0.7043818595	0.753185528	0.7543534109	0.7822033499
0.6909608942	0.7533562717	0.8063706072	0.7490560961	0.7923941792	0.7744294498
0.7545061728	0.7083427183	0.7427786324	0.7363922386	0.7729057679	0.7641972498
0.7802785281	0.6914054684	0.7487811861	0.7384360219	0.8115544904	0.772409203
0.6952903295	0.7510292345	0.7568547191	0.7227246499	0.7644854863	0.8155813288
0.8058144827	0.7782874431	0.7639714739	0.7079761805	0.7628867087	0.744336969
0.6076512163	0.7774805352	0.7776453093	0.6999419793	0.7647822985	0.8194111108
0.6087739546	0.7524131473	0.760822473	0.785480161	0.7471037344	0.778383477
0.5978737136	0.7540885769	0.7166339795	0.7914263454	0.8032362446	0.8241983595
0.7407936508	0.809599194	0.7378117232	0.7896272737	0.7768866403	0.8023311223
0.7715801615	0.7850842658	0.7559564835	0.7649798193	0.8107400091	0.8029649464
0.6020502506	0.8106225121	0.7520107759	0.7832783433	0.7909134701	0.7694723654
0.6598639456	0.7707353242	0.8590927181	0.7977148277	0.7541092284	0.7535583922
0.536229253	0.8401299894	0.6946962134	0.8193022277	0.7817239555	0.7894852305
0.7173013189	0.7505321472	0.7820777194	0.7850102475	0.8192197108	0.7555626831
0.6435719988	0.7929164264	0.7112246758	0.7541047485	0.7516801914	0.8067117463
0.7504659155	0.7507670901	0.7791859792	0.7594088075	0.7317879714	0.7766248284
0.6458521976	0.710592682	0.7778691413	0.7941551505	0.7748058306	0.7688582922
0.7555918998	0.7540595354	0.8039833208	0.7759690815	0.7385239747	0.8187871571
0.6985966936	0.7983500895	0.8193526138	0.7502860373	0.7861957323	0.7905867659
0.7014347236	0.7839554792	0.7897542565	0.7832325555	0.706025208	0.7903808221
0.6381104	0.841525529	0.7741801235	0.7189470923	0.8134593274	0.7565631552
0.7978250886	0.8058346924	0.7871292134	0.7721095508	0.7704362322	0.7760858629
0.6891832362	0.7139059699	0.7957406698	0.731367028	0.7752181119	0.774305905
0.8147973135	0.8285009825	0.7879957959	0.7958920113	0.7916333553	0.7861858153
0.7052404873	0.7563545168	0.8172117975	0.7784884197	0.7741212457	0.8059302536
0.7006538096	0.8166155555	0.7916790234	0.7297404177	0.731793678	0.7749286165
0.7571730825	0.8031622215	0.7830137457	0.7424108483	0.7952045641	0.7803367236
0.7457415675	0.7891948941	0.7631002148	0.7884971234	0.7739660233	0.7863030733
0.6824750344	0.6911319037	0.7663615521	0.7873564883	0.8022336734	0.7950692825
0.7069496712	0.8326861532	0.7724383814	0.7899204504	0.8398169941	0.7922675525
0.7323051698	0.7778004732	0.6999022183	0.7770787571	0.7812710429	0.7329010709
0.7271049596	0.6828454129	0.8307403807	0.7734127435	0.8495244917	0.7448184642
0.6327183399	0.7953595443	0.7397127666	0.693285081	0.8266214352	0.8108205895
0.5933425454	0.7838293994	0.7995717459	0.7672159017	0.8290481229	0.7971565785
0.6876361845	0.7523398875	0.7806414089	0.7559514097	0.7581232188	0.7942118358
0.6157436933	0.8250163576	0.7467377207	0.7599951139	0.7152694794	0.7577951314
0.6617006803	0.7962505215	0.8427114106	0.7666387244	0.7437151794	0.74570525
0.7660528563	0.7716710527	0.7401193994	0.7657495796	0.7717316528	0.7793649466
0.7284795159	0.6787584207	0.7736097122	0.819403362	0.8138856399	0.7586850187
0.6149730726	0.7701314326	0.7807935031	0.8238573782	0.7659932685	0.7902543481
0.7734037649	0.6538980104	0.8076410083	0.7713775907	0.792139555	0.7973840977
0.7785650904	0.7061934695	0.8223852321	0.7755847205	0.8095080657	0.7743543681
0.7174260858	0.7405142536	0.7835918591	0.7631041969	0.8148396085	0.8195633298
0.5646484084	0.7519106037	0.7695662914	0.8526633724	0.7751347584	0.7864507625
0.6653491985	0.7266904934	0.860051252	0.8162740046	0.7819711404	0.8283892367
0.7771276766	0.7603503778	0.7258275774	0.7901598449	0.7847469142	0.8053185557
0.7676188122	0.7203338954	0.7906201704	0.7455019682	0.7545013387	0.7752943359
0.7095549803	0.7987854236	0.7295489656	0.7911616053	0.7753394719	0.7732219038
0.7997935903	0.7258733741	0.7872674216	0.7233475988	0.7640243843	0.8033675576
0.6964399093	0.7137843956	0.8240478941	0.7904161953	0.7211203894	0.7884664095
0.7667850057	0.8358770505	0.7498541627	0.8012829883	0.7792461863	0.7726086598
0.7274357042	0.7629363383	0.7178024834	0.8353062556	0.7988152465	0.7483385253
0.7206008263	0.8072805195	0.6648101234	0.7348623464	0.7569837903	0.78865399
0.7581632653	0.6466754368	0.7847689814	0.7794043772	0.7907874402	0.7764115773
0.5510878987	0.8545046828	0.7749897666	0.7551719592	0.8085749438	0.751733278
0.7359693878	0.8079072441	0.7713915129	0.8060649147	0.7843044792	0.7792858597
0.7676902155	0.8015802192	0.786903167	0.8507434693	0.7363697385	0.7625367532
0.8066985679	0.730602672	0.7838848009	0.824882292	0.8377588713	0.7890562746
0.6251113241	0.7182315053	0.7154640974	0.7609948704	0.746920717	0.7847655154
0.5744217687	0.7703423485	0.7609638303	0.7892522125	0.7537172043	0.8109240135
0.6882185153	0.7997869179	0.8030824341	0.7286330379	0.8145646384	0.8002493896
0.6526656793	0.7454852131	0.8033437739	0.8152581191	0.7505726712	0.8153683944
0.7679409963	0.8399705375	0.7747948313	0.8247072866	0.7180128228	0.797928159
0.766690157	0.7227363622	0.7684282206	0.7715242674	0.7804070031	0.8144947253
0.6950566893	0.6652318948	0.7580955284	0.7900036702	0.8010438404	0.79727758
0.6262458909	0.7629503456	0.7680561554	0.7845718238	0.7863548862	0.8350902394
0.8305837397	0.8690116415	0.7820550189	0.7645203202	0.8272144645	0.8086198774
0.6968069497	0.7976896095	0.7847676121	0.7860781756	0.7492987251	0.8128704066
0.7815758775	0.781848864	0.7190950603	0.805933209	0.8033450367	0.7486280971
0.7777777778	0.7421208993	0.7899316897	0.7728423589	0.7753076393	0.798258132
0.7024305556	0.7216782194	0.8008213052	0.8144668986	0.7587770345	0.7397194109
0.7154871657	0.7984135801	0.8432357547	0.7525252387	0.776515498	0.8095126795
0.8226996681	0.7519044745	0.7736203509	0.8153576788	0.7752295935	0.7774722228
0.8156317344	0.8365198458	0.8151053519	0.7521361902	0.7929640467	0.782172257
0.8560324888	0.8238977864	0.7106474498	0.717640157	0.797784973	0.7741400661
0.6372187651	0.754038781	0.8350927796	0.7901814329	0.7849858726	0.7767845353
0.7904317977	0.8243711747	0.7170554029	0.7679681182	0.784138226	0.801831234
0.647002551	0.7800037733	0.7726158101	0.8198718437	0.7622999661	0.7767796168
0.6689744894	0.7767701254	0.736031419	0.7451949932	0.7357003112	0.8193281168
0.7530061181	0.7636756706	0.7515330026	0.7901638505	0.7658037435	0.7806891539
0.6786441668	0.7960466883	0.8066628539	0.8042609369	0.7375593601	0.7919486297
0.6766133506	0.7937556965	0.7224004221	0.8122008654	0.8597242109	0.7339770476
0.8068044926	0.7523065506	0.7037548712	0.7564960492	0.7857267031	0.7957373249
0.7092783924	0.7259438582	0.7484445075	0.7474077836	0.7305457409	0.8049107418
0.7191500914	0.7529092656	0.6697125476	0.7854005137	0.7488238905	0.7626123654
0.7634071386	0.7886371307	0.7713909764	0.8186708794	0.7722613697	0.7776032108
0.6759524582	0.7025494263	0.7720695493	0.748194055	0.8213747428	0.7885946932
0.7339350262	0.8212757944	0.7726744378	0.7268061308	0.7482098649	0.7588039076
0.6756439293	0.775301712	0.8465189406	0.744854189	0.7162534051	0.7811162937
0.8020943267	0.7669889992	0.7381711928	0.8363061331	0.8415987138	0.7798211749
0.6785152948	0.8242857923	0.799542686	0.754862711	0.750616364	0.7920409081
0.7926104265	0.722469854	0.8080518842	0.7832563483	0.8098844889	0.802586324
0.7625167714	0.7262034949	0.7817775556	0.7584165359	0.7364074635	0.8191941934
0.7276817602	0.7532500808	0.792652792	0.7898498463	0.7377328324	0.8293425138
0.7172299828	0.7179224537	0.735860591	0.7948043492	0.7688825437	0.8130631802
0.604900106	0.7873051863	0.7874276778	0.8197707282	0.7930118193	0.7945210073
0.8361898613	0.7876667849	0.7847948948	0.7334344606	0.7498091224	0.7820959656
0.775155778	0.8384530896	0.7026997621	0.8067452042	0.7550353186	0.8053611662
0.7450579389	0.7488879244	0.7998042756	0.8062329342	0.7570006578	0.8069721413
0.6470425942	0.7944197741	0.746218212	0.7997785358	0.7698732997	0.7669481697
0.7990434225	0.7917832384	0.8085631878	0.781003976	0.8335564475	0.775509294
0.6721729796	0.7397422891	0.7590860678	0.7308352762	0.78487418	0.8195233659
0.7203280896	0.6965175338	0.7401092972	0.8555091555	0.8034078976	0.7936529421
0.7519754421	0.7141452991	0.7682188817	0.8240142223	0.6975779783	0.8070557193
0.7137010321	0.6826339628	0.7810404146	0.8436222193	0.6822001212	0.7805460467
0.8217428489	0.7881042602	0.7536952228	0.7979928498	0.8246268489	0.789313157
0.7268431048	0.7543117198	0.7577734145	0.7597716152	0.7350533506	0.7672944888
0.4051199869	0.7846005763	0.8117683058	0.7541926418	0.7446957456	0.7893559057
0.7456085354	0.8192879575	0.7858097649	0.864643152	0.7872310699	0.7757058404
0.6480911383	0.8649640329	0.7772474161	0.7667735054	0.7165697267	0.798240189
0.7273676934	0.7916929996	0.7668218776	0.7694795875	0.7939776453	0.8043887601
0.8245579412	0.7799483401	0.6984380274	0.7234992239	0.7694213795	0.7821880136
0.588272323	0.7327277836	0.8131321764	0.7894407857	0.7973575499	0.7802631797
0.8115396747	0.7908067928	0.7460688135	0.7496987524	0.7740746656	0.8209416556
0.6599435119	0.6731234884	0.705347198	0.711107077	0.7611671416	0.8156557949
0.8686248771	0.7413897506	0.7770870832	0.7586292053	0.7864744505	0.8035710495
0.7410899262	0.8097656447	0.8340380895	0.7688210309	0.8039707412	0.7555251878
0.6093594104	0.7979388923	0.7426919494	0.8030352135	0.8010975987	0.7828704407
0.6820217722	0.7592106839	0.8257211302	0.7894447063	0.7782336423	0.7878864613
0.7338028129	0.7714413814	0.7857920979	0.738454821	0.8049444056	0.8042906123
0.7672453295	0.7376450801	0.8068281445	0.7792122027	0.7941572352	0.7978723826
0.7713715278	0.7361645243	0.8018575356	0.750655223	0.7960662822	0.7741570978
0.7653991772	0.8089739051	0.8318574987	0.793115218	0.7987077441	0.7801984982
0.6980063067	0.7871725566	0.8037031984	0.7998994981	0.7651905623	0.8059799857
0.6464229025	0.7704088411	0.8014668359	0.7893307569	0.8521339322	0.784233063
0.7536408646	0.6668050751	0.750067838	0.7873795117	0.7750268614	0.8252644183
0.8409815602	0.7886933082	0.7818564394	0.7797086277	0.8211934714	0.7617835719
0.7244138562	0.7662854149	0.758328812	0.7905659499	0.7493120828	0.7823505158
0.7384607227	0.6828609392	0.7822546884	0.7303844749	0.7632008673	0.7749121648
0.810812525	0.7100329954	0.7993529829	0.8474051914	0.7960584677	0.7968592679
0.7780479695	0.813778769	0.687647806	0.7385081241	0.7191128619	0.7508596178
0.7926019227	0.7399201131	0.826242777	0.7673142725	0.7906857669	0.7998709256
0.8029313512	0.7980984554	0.8829419556	0.7694309772	0.7440623722	0.8268173436
0.6585656359	0.6324856505	0.7598951308	0.7614166318	0.7984011337	0.7816806812
0.7995092829	0.7495040069	0.8644718088	0.7715587732	0.8278876755	0.7606479004
0.7744532164	0.7468038833	0.7566579665	0.8337299163	0.7596362316	0.8180631986
0.7604220233	0.7337387008	0.6866953527	0.7856928735	0.7675610636	0.7815960614
0.7223019416	0.6855921013	0.8193943757	0.7641925023	0.7750712262	0.76816855
0.6745236172	0.7923261165	0.7655956225	0.7776142165	0.820835967	0.7848811337
0.6395792242	0.7629705107	0.6973102098	0.7748322247	0.8249419534	0.8140471926
0.8020245181	0.8474161945	0.7596707295	0.8065334356	0.7552995585	0.8344181861
0.8023867623	0.6664547117	0.7072251307	0.7185217939	0.754479856	0.7551866155
0.6746398046	0.7264757626	0.7267891492	0.8317771781	0.7561047073	0.7643676654
0.7038249285	0.7021798942	0.8062341828	0.7805632182	0.8198789621	0.7671934117
0.7834117876	0.680809495	0.7628899701	0.7513681247	0.8146218623	0.775825263
0.8320042438	0.8280286315	0.8234391609	0.8068016238	0.7692439633	0.809111989
0.6022096893	0.7961814641	0.777463822	0.7917957539	0.7801127352	0.8312407716
0.8061087082	0.7825427585	0.7459943622	0.7596982944	0.8035010857	0.7631829914
0.6200434232	0.7597525776	0.7991442098	0.7348395611	0.7917218818	0.8250343666
0.6573395303	0.8063791015	0.7476380873	0.8104447991	0.8156513068	0.7755783849
0.6598185972	0.7965592141	0.6986297015	0.7807279831	0.7890655351	0.7713011745
0.7524710428	0.7448308676	0.7748118069	0.7277913676	0.8116999259	0.8164363085
0.832492284	0.8038960006	0.7145176289	0.7746724012	0.6972378272	0.7963123195
0.7995867367	0.6799049321	0.8169804808	0.8235568815	0.7789018193	0.770615536
0.7889039464	0.7589287216	0.7632565555	0.7967529255	0.7872412048	0.7898401382
0.8808767952	0.7073983202	0.8147499854	0.8089701478	0.7952377586	0.7936452846
0.7679056292	0.7559265487	0.7924159826	0.740413854	0.8379800905	0.7930789482
0.7370648319	0.7930776027	0.782456188	0.772845223	0.7704807696	0.7726859746
0.6016497668	0.7737280333	0.7859204818	0.7640696511	0.7792201671	0.7774447634
0.7317444967	0.6867162601	0.7265599432	0.8303058943	0.7418806715	0.7982310128
0.7978993056	0.7619326238	0.7098763115	0.7598273513	0.7722256948	0.7286374542
0.7375508071	0.743666943	0.733293042	0.802879729	0.7689461253	0.7917084813
0.7807948866	0.7674231903	0.7841937777	0.771878986	0.7591660283	0.7901072498
0.7049526408	0.760235186	0.7961831383	0.8289282331	0.7401402625	0.8344119826
0.7217467595	0.7741161148	0.7909491149	0.7787957963	0.7707369542	0.7880330943
0.8266666667	0.6920110882	0.8209122779	0.7842425031	0.7819553226	0.7832603964
0.6663822136	0.6550989502	0.7730061159	0.8038649559	0.8473522189	0.8283642886
0.7409538754	0.6928711617	0.826542414	0.8187401759	0.749971598	0.7696944862
0.7240331318	0.7979699955	0.7114639928	0.8029608906	0.7669992558	0.831120788
0.6024157927	0.7042795557	0.7545528737	0.7974728245	0.7932030894	0.7697278472
0.8634741512	0.7183175666	0.7639596891	0.6715794435	0.7769740187	0.7792316284
0.7678823554	0.8677397884	0.7543410131	0.7731965211	0.7812684387	0.8040717936
0.7915641602	0.6913146521	0.8188189776	0.7571903275	0.7899196162	0.8026129443
0.7477238802	0.7075842384	0.808320447	0.8511767388	0.756488072	0.7706075023
0.7785822885	0.7834517306	0.7402578107	0.7910797983	0.7922195363	0.7523103842
0.6860600907	0.7208438642	0.7618230437	0.7876981749	0.8043515732	0.759310292
0.714026297	0.7814192413	0.7902036644	0.7675168254	0.750320128	0.761819145
0.7875216263	0.7182465297	0.7749906289	0.8039457375	0.7281576403	0.8024071259
0.8003281313	0.7150218293	0.7484643396	0.7818347879	0.7851712331	0.7723079162
0.8159722222	0.7230007165	0.8103092014	0.7630892765	0.7160912682	0.8193214078
0.8282968089	0.8193838581	0.7888617961	0.7276322877	0.7448386007	0.7742984096
0.7270436508	0.7785544022	0.7700584498	0.7711478765	0.8309118974	0.8357693378
0.6902791866	0.7163963484	0.7501898819	0.772355625	0.7917525099	0.7498501068
0.7149311111	0.7758630788	0.6907998686	0.7135042254	0.8033599295	0.7743043214
0.8426215278	0.69204743	0.7703845543	0.7597857335	0.7225118235	0.7806620161
0.6114739229	0.6912654865	0.765257027	0.7372414942	0.7893970771	0.7804692379
0.6386099895	0.7987888134	0.8739062811	0.777705208	0.7542773954	0.7758906775
0.6496296744	0.7035133251	0.7679204902	0.7572618129	0.7962050799	0.7682615229
0.8627636606	0.8287872085	0.7804741216	0.8224559828	0.8190632507	0.7524155707
0.6352259113	0.7913747012	0.7356691995	0.8223208624	0.7780156566	0.7993029938
0.7033110119	0.7837416767	0.8007960587	0.7659373413	0.7764553039	0.7792040883
0.8100366459	0.8102861494	0.8117373433	0.7551563355	0.7749520406	0.75150147
0.7907902514	0.7419199064	0.8109141355	0.8356440525	0.8068303455	0.787216722
0.7485711602	0.7345400848	0.7735875826	0.772900957	0.799424777	0.7782147688
0.7190310438	0.7946483281	0.7837397364	0.7995616365	0.8107242865	0.7683874261
0.8600081108	0.8185257553	0.7539291213	0.7490562006	0.7452695612	0.7715354612
0.6553525431	0.8081285384	0.7721496068	0.7842983538	0.7724589874	0.8099706615
0.7118978868	0.8073140889	0.7530867776	0.8442409083	0.8129341922	0.7611225601
0.7645573121	0.8101689138	0.792086649	0.7392793993	0.7689764939	0.7637736788
0.6977076247	0.7911098441	0.7432292032	0.7768372337	0.8356045199	0.7525267958
0.7590574857	0.8219569663	0.7787658095	0.7801146325	0.7396486192	0.7566331188
0.8790489916	0.7892004173	0.8196870069	0.7635270435	0.7875286949	0.7383861648
0.7987703047	0.772391498	0.8116836041	0.8401369485	0.7782934822	0.7808673745
0.6420063897	0.6717973073	0.7780144237	0.7963719018	0.7701786639	0.7757893514
0.7338354623	0.664029254	0.7859512955	0.7599903973	0.8140331533	0.7688555456
0.813373879	0.7555182842	0.746314223	0.8122552122	0.8258158634	0.8004622648
0.7132690431	0.7539196708	0.726170026	0.7562405582	0.8082178369	0.77648759
0.8202816212	0.7498651616	0.8038002059	0.8241324932	0.7531678605	0.8185991071
0.5111646326	0.8174404893	0.731282527	0.734636226	0.705082868	0.8005573476
0.7864505206	0.810004468	0.7728982779	0.7697812915	0.8095600637	0.8106069249
0.680099133	0.665090824	0.789436317	0.8244531102	0.7862747839	0.807809329
0.7577858766	0.768750557	0.7405613282	0.8047563929	0.7865030523	0.7774981388
0.6175936884	0.7985186496	0.7626900759	0.7559089718	0.8007606998	0.8023837796
0.7711256378	0.7341015274	0.7873704998	0.7520701223	0.8275016027	0.7774127078
0.8626022377	0.7735479031	0.680056794	0.8233593791	0.8532555288	0.7584897025
0.6916853336	0.7603967463	0.7708817065	0.7443304342	0.8234379244	0.7816847576
0.7859091826	0.785101076	0.7944297162	0.6895058817	0.7143494722	0.8199690973
0.7253262359	0.7857253833	0.7951339036	0.7452686505	0.7754634362	0.7963972273
0.7488695988	0.7440070445	0.7466606468	0.8260485097	0.7563147975	0.7584082991
0.8024352317	0.7407822309	0.8056334703	0.7764991393	0.7271196509	0.7998345498
0.7107426304	0.7396336987	0.7875284405	0.7683436417	0.7365994388	0.7537113855
0.7231787053	0.787420694	0.7296835009	0.8028257527	0.7629124275	0.7429906903
0.7361299029	0.8238502953	0.7420417566	0.7116375729	0.8239381707	0.7798426256
0.5861082122	0.7463966443	0.7838638233	0.7889167262	0.8147532411	0.8155263603
0.821652879	0.7961711657	0.7419533228	0.7560416022	0.8408820643	0.782321051
0.8055814433	0.7398844441	0.7806245043	0.7981383856	0.7370856489	0.7771523596
0.7312589498	0.7984654551	0.8125740098	0.7320490399	0.7436700774	0.8033807027
0.7687962963	0.8187685018	0.7814271772	0.6963169206	0.7808554072	0.7939900771
0.6996010488	0.7101628911	0.837656145	0.8207061358	0.751524902	0.786091584
0.7066762784	0.7607658612	0.6892129575	0.7833221662	0.7409776558	0.7960466452
0.8061971691	0.7456800631	0.8425306275	0.7815636715	0.8123186127	0.788197084
0.7002326422	0.7208750744	0.7264470433	0.7845809796	0.7093269363	0.7806550402
0.7549571201	0.7726274867	0.7838324226	0.7924806629	0.7893222655	0.8071968005
0.7232997513	0.7754622212	0.7308564191	0.7685726787	0.7689299626	0.7799220844
0.7159863946	0.8472155908	0.775588878	0.7853343556	0.7678649657	0.7776644301
0.77530254	0.7785073495	0.7674992423	0.7920436096	0.8253606607	0.7873736202
0.8198341837	0.7120601472	0.7805208747	0.7888977441	0.768612269	0.776860904
0.6365748274	0.7213657364	0.7898476159	0.8314644917	0.7936558392	0.8000493514
0.6761062249	0.7461370937	0.7389255761	0.7531474652	0.7511406713	0.7858608516
0.5257272972	0.7671060288	0.7704540396	0.8093613344	0.7789927766	0.769547508
0.6401699503	0.7892418873	0.7739271951	0.7760964528	0.7907964927	0.7513750512
0.8366352485	0.7034983775	0.7974468003	0.7588620867	0.7784904235	0.7763033158
0.6937014598	0.8079578167	0.761975676	0.7704208109	0.7985634747	0.778154789
0.5554939185	0.7274851824	0.7622788519	0.7286813492	0.8025123036	0.8140914794
0.7926051902	0.7847416578	0.7641110576	0.8660742663	0.7889580759	0.7774558199
0.6937251984	0.8125887781	0.7712053542	0.7776749031	0.8023434276	0.789486759
0.7196742766	0.829370581	0.7514444	0.7414714889	0.8413369813	0.7880248785
0.7468027211	0.7811364331	0.8407537205	0.7030316891	0.7748912423	0.7829878266
0.6706193374	0.7574170678	0.8045861825	0.7975611941	0.7976763072	0.7925205661
0.8161951055	0.7238750364	0.7514585712	0.7656012968	0.7777823625	0.7623404419
0.6805354962	0.7792159763	0.811409127	0.7585127705	0.8082158099	0.8400391798
0.62843637	0.7303174821	0.7995586826	0.7814198617	0.7239839425	0.7677591359
0.761219939	0.8001937476	0.7317979171	0.7833730343	0.7327325257	0.7854149047
0.774021738	0.7947480637	0.8027589706	0.7814546759	0.7562297466	0.7591514083
0.763631497	0.7170032942	0.783632769	0.8518503697	0.779295502	0.8040456233
0.7083670431	0.7903112899	0.8059464722	0.7473708127	0.808687329	0.7997817399
0.7574146228	0.683900922	0.8132971539	0.8258410445	0.8058280005	0.763468385
0.6602958538	0.8404760116	0.7798505206	0.7500699751	0.8073289252	0.7864938831
0.6589254393	0.7499562864	0.766191142	0.7150821768	0.7685037065	0.8024606129
0.7954940041	0.7953350195	0.7452035768	0.8165887358	0.7870359685	0.7970111578
0.6808035714	0.7644689599	0.7653952056	0.7466248589	0.8273985317	0.7750338716
0.6303813281	0.7857297865	0.7888969912	0.7957152873	0.7985562263	0.7733330857
0.8192766204	0.6816799759	0.7852932741	0.808479531	0.7154417589	0.7784831874
0.7273204763	0.7689038736	0.8084250976	0.8014483485	0.7865750292	0.8024114075
0.791170272	0.7629088426	0.823705739	0.7619889559	0.8231486786	0.7433540623
0.6797681439	0.7653099529	0.7999966812	0.7223768424	0.7711151544	0.7912817702
0.6010685183	0.7313766095	0.8088932965	0.8162960765	0.7866332835	0.768447422
0.6938886709	0.7974046001	0.8117635445	0.7581435126	0.7431919818	0.8009232609
0.7161233942	0.7680963294	0.7553047446	0.6935539368	0.7312236953	0.8129794457
0.7750318878	0.7621477379	0.7459273777	0.7885176921	0.803842716	0.8016827822
0.705250842	0.7380645934	0.7688488918	0.7506763822	0.7333546078	0.7475452733
0.7894380767	0.7806774952	0.8041161236	0.7828432705	0.764587017	0.8030210041
0.7137894379	0.8114690764	0.7680273004	0.7692559393	0.7801085047	0.8061682444
0.7718264598	0.7818417756	0.8065438746	0.7734795506	0.7943744751	0.79710365
0.7207992398	0.759296851	0.7945067186	0.7420139475	0.7812323545	0.7670336172
0.6764999384	0.8337278039	0.7811871254	0.8332371539	0.7672777732	0.8243484821
0.6962283585	0.7911959582	0.8111965896	0.7078145141	0.7528999938	0.7693714242
0.6308158339	0.7460126185	0.8261616731	0.769586923	0.6940099269	0.785120601
0.8313428288	0.8072785997	0.7381369619	0.7799539866	0.7986819654	0.8101516834
0.5573071625	0.75868339	0.845950134	0.8224752494	0.7519291754	0.7864887074
0.6556122449	0.7816102564	0.7961916166	0.8370747201	0.7777609325	0.7947181861
0.8672145329	0.757876615	0.7234634765	0.7828738613	0.7649804178	0.788363866
0.6933637855	0.82352652	0.7903328497	0.7821905107	0.7517653644	0.8294302446
0.4981575964	0.7795200778	0.8200189892	0.7492245498	0.7962874976	0.8208798091
0.7561860434	0.7368456336	0.7773506425	0.8216729458	0.7608704707	0.7659582369
0.6844946975	0.6614181495	0.7408784128	0.7145881379	0.7737817921	0.7726220369
0.6287114874	0.7206170637	0.7980292909	0.8026990475	0.7920143692	0.7830538683
0.7759661769	0.8075367707	0.86923415	0.7470919536	0.7849003213	0.7754736842
0.6351686508	0.8132641592	0.7721558972	0.7592995363	0.7698240694	0.7697111291
0.7226057418	0.7817825064	0.744202241	0.7828944073	0.8234622697	0.7932639289
0.6256179138	0.8104765088	0.8199931325	0.7714289064	0.7677593914	0.7745219835
0.6423746461	0.7294555838	0.7351309188	0.7499033485	0.7641023911	0.7664665624
0.658583561	0.8328024543	0.7933707604	0.7788234718	0.7813652326	0.7759547927
0.6317778337	0.8151783579	0.7723366376	0.7941476802	0.79158606	0.7863440334
0.5209525739	0.8165502523	0.7848771073	0.8238689165	0.8061204538	0.7682912849
0.8042013889	0.7518916902	0.835237588	0.7887507459	0.6969810848	0.7841655012
0.5755636019	0.7390174189	0.786459573	0.7571953548	0.7919412729	0.7807177042
0.6135775291	0.6877596652	0.7578711066	0.7885632331	0.8066902819	0.7530121818
0.6794095189	0.6947605305	0.7886381017	0.8005331054	0.7834653922	0.7829069577
0.6925728345	0.7372062415	0.7845096395	0.7748007748	0.7726773862	0.7931627454
0.7421285931	0.8081144051	0.7789892956	0.7422916097	0.7780338479	0.798733421
0.7172186791	0.803563325	0.7765323024	0.7701863825	0.755173143	0.7591026364
0.7475775803	0.7229502925	0.8168074258	0.789772523	0.8383706986	0.8200324374
0.7495521542	0.7399420706	0.7433099733	0.7628040575	0.7939555457	0.7822591431
0.6998155011	0.7607202522	0.8035657067	0.7621377706	0.809586086	0.7568679929
0.6966840278	0.6790657318	0.7586878739	0.7657079375	0.7257615428	0.8058750074
0.8359686706	0.7352736946	0.7685653248	0.8048679012	0.7752804811	0.8011493784
0.7498273125	0.7158839842	0.8767088408	0.7865560712	0.7999352764	0.7808370726
0.6931581924	0.7914255088	0.7498004498	0.7561282565	0.7506306608	0.7920617864
0.7700709652	0.8140056855	0.7394913066	0.793802365	0.8186254666	0.7896678581
0.605338593	0.786101825	0.7666927862	0.8004527557	0.7833849542	0.7758036126
0.7401428383	0.8166954556	0.7025356327	0.7701998561	0.7913559908	0.783491438
0.6821838018	0.7709708005	0.8460259426	0.7660730897	0.8004525575	0.7596225701
0.5332387393	0.796861361	0.7604239079	0.7749412652	0.8326168581	0.7795632591
0.7418732199	0.7603683741	0.7701370598	0.7837556596	0.7589976523	0.763057688
0.8231666907	0.8090037829	0.7789700558	0.772244526	0.7781594727	0.7973149013
0.8105190311	0.7334663331	0.746706006	0.7184433771	0.7574412701	0.785063154
0.7107911313	0.8128775141	0.7533665482	0.7787876958	0.812189289	0.8137219526
0.6722762323	0.8539947669	0.8068505519	0.7787133416	0.7677575034	0.7619985889
0.7201052296	0.7178844258	0.7636795093	0.7886225677	0.8093663227	0.7647060117
0.5620810691	0.7352034295	0.7650041491	0.8126176651	0.7764967133	0.8073035019
0.6859201389	0.6465894368	0.7427376197	0.7505805414	0.7882265826	0.8115533236
0.8095138889	0.7411278434	0.6727460307	0.7828643325	0.787447687	0.8152687226
0.7712053571	0.7973832336	0.77965257	0.8344713655	0.7402800729	0.7851481425
0.7503051455	0.7122455419	0.7993401006	0.7951892057	0.7862849763	0.7867401174
0.7743455656	0.777011398	0.8307343841	0.8028557654	0.7451491214	0.7853767157
0.6651020408	0.7567617985	0.8458148738	0.806064451	0.7354032594	0.7781737706
0.7792010346	0.7785476219	0.7415711852	0.7913259082	0.778901872	0.8235894849
0.72	0.8262941839	0.743548181	0.8480995966	0.7943404736	0.7561409187
0.7564233134	0.7597088039	0.7858843911	0.8183251986	0.8077568867	0.789938009
0.7845868946	0.7357004206	0.8167546231	0.7894706619	0.8107276477	0.7481983559
0.6985383052	0.85345122	0.7454584397	0.7497937361	0.7874666264	0.7906230944
0.6669164541	0.7857045745	0.745304112	0.7292520682	0.7639808962	0.7690027098
0.8016314926	0.7511048918	0.7945603722	0.7882702901	0.8038020782	0.7743530485
0.7828490111	0.7177265111	0.7648742866	0.763864303	0.7516258851	0.8098582162
0.856730276	0.7908770507	0.7436129373	0.7876909035	0.7901230755	0.7665601062
0.8116666667	0.7391603393	0.7677712661	0.8260260894	0.7563200745	0.7609099159
0.657304405	0.7934143446	0.7382153386	0.7666429965	0.8216488972	0.7985531155
0.7221707617	0.7807289994	0.749844091	0.7883946858	0.8168509069	0.7789283881
0.7796149403	0.7210763239	0.753598824	0.7920787285	0.8038321132	0.7931027999
0.6849330357	0.7761447312	0.7123487335	0.7912986002	0.8066852386	0.7923261983
0.5877941176	0.8102856743	0.7742521101	0.7582502459	0.8027224743	0.7820563116
0.8147189074	0.5844123428	0.7827118415	0.7920476213	0.756959617	0.8197374142
0.7971532466	0.775008992	0.7570806574	0.8198191318	0.7805728774	0.7788069001
0.7529230358	0.8108459965	0.7642723983	0.7626167288	0.7632415228	0.7868699348
0.7428146687	0.8780697027	0.7923321317	0.7271253647	0.7420542504	0.7654716842
0.7162408667	0.6743561149	0.8190880242	0.774513343	0.7624550117	0.8516460187
0.5840437279	0.8372430676	0.7703280875	0.7949154576	0.7479399962	0.7861991801
0.7088242287	0.7942482581	0.7692155789	0.7717092998	0.8136500411	0.7774479033
0.7401942656	0.8420313879	0.7847233629	0.7825915677	0.763420458	0.7829369661
0.8500169587	0.7499872354	0.7690520388	0.7666961362	0.7601254671	0.7795772721
0.639785092	0.7712436022	0.8102026815	0.7185860433	0.7617819445	0.7725094713
0.6181016785	0.8100780618	0.804936098	0.8033288341	0.7321575493	0.7821234276
0.7688888889	0.7900117605	0.8310170522	0.7839730957	0.7824246549	0.7717677646
0.6808723526	0.6673821655	0.7608961671	0.7739283946	0.8062241409	0.7722793785
0.6867864229	0.8535020411	0.7310285802	0.746772893	0.7443619875	0.7499708609
0.7136042495	0.8130102071	0.8112184377	0.7786524758	0.7233491833	0.7760642163
0.7163133294	0.7834807517	0.7381057429	0.8252978741	0.7768871226	0.7800514762
0.7382018629	0.7950440784	0.7291233225	0.7386369553	0.7897249329	0.773428873
0.6161662952	0.648934449	0.7545892367	0.7910165084	0.7639170418	0.8281399995
0.7227129268	0.733382405	0.8084110205	0.8091573863	0.7428086287	0.759780527
0.6889826398	0.8128286661	0.7875955287	0.7984918199	0.758589613	0.7881383889
0.6665147313	0.7653392061	0.8410310019	0.7503019338	0.7862230359	0.813255874
0.7417091837	0.80813807	0.7822522895	0.7332162193	0.7302085337	0.7785055801
0.6946393707	0.8581330849	0.8377438351	0.7896092221	0.7797983736	0.7525488173
0.7087258474	0.8760064946	0.8271129178	0.7680432684	0.7487032245	0.7934588914
0.6819257115	0.7352228009	0.7657833579	0.7575077241	0.8034125156	0.7958744838
0.7029045344	0.6855667268	0.8040506641	0.79050948	0.7766184221	0.7774783389
0.7494376993	0.7720970986	0.8194214384	0.8277608213	0.8318433312	0.7818027906
0.8125366446	0.7727855519	0.6810463881	0.7730261005	0.7546317483	0.7419377879
0.7604915128	0.7901790438	0.7959710528	0.7194546767	0.8117316154	0.7778490402
0.7576530612	0.7936584077	0.7924168845	0.723397399	0.7975665785	0.7767296031
0.6845419908	0.802505561	0.8382192159	0.7806193003	0.7385429448	0.7667548774
0.7384633783	0.7685847709	0.7446524025	0.8084427734	0.8153982398	0.8362765558
0.8037877133	0.7754309901	0.8499501687	0.7620744005	0.8294666648	0.7748233972
0.5889722373	0.7632332277	0.7526116148	0.7572810319	0.8125071171	0.7466214794
0.727064555	0.8102431637	0.7690618241	0.8342999683	0.7913749381	0.8135606793
0.7406418931	0.76808397	0.7536057561	0.7907916041	0.8028510872	0.7925003759
0.7819986563	0.7886138708	0.7670247022	0.7847891528	0.8236732063	0.7516702919
0.6751767265	0.6631472963	0.7123075501	0.8056407089	0.7228891827	0.792348955
0.5832265691	0.7909157536	0.8527169951	0.7892965884	0.7943633213	0.7927943706
0.691168277	0.7631934428	0.7199809799	0.7814646805	0.8285263538	0.8158010792
0.8621824539	0.826721734	0.7815645567	0.7611480454	0.7897377238	0.8118879861
0.655188209	0.7398302469	0.791732403	0.7828061099	0.7540803863	0.7535666085
0.743384186	0.7612677154	0.8128836802	0.8054313172	0.7792724714	0.7486288438
0.7981462648	0.7926609108	0.8132167602	0.8101776523	0.8002507507	0.8136385171
0.7713638117	0.7915631582	0.7523020871	0.7691512248	0.7691967782	0.7737676597
0.8477915872	0.8037883821	0.7885133838	0.6667655576	0.781577322	0.8039113458
0.8216128002	0.7142775495	0.7963412277	0.8121304416	0.795484494	0.7690902394
0.7873519778	0.7779769733	0.8270548602	0.7616304713	0.7397938506	0.7763903714
0.7266098596	0.7299964768	0.7648479883	0.7687794804	0.7643684919	0.7818736719
0.7407434481	0.7256565138	0.7617764524	0.7624203843	0.8198473684	0.7809300289
0.6000357914	0.6923711228	0.7758043831	0.8204771923	0.7980716948	0.7416412193
0.7310606498	0.7438235616	0.7769052176	0.8258945113	0.7927055934	0.7554930672
0.7592244324	0.8623946797	0.7625180019	0.8002225735	0.8292201079	0.7851400665
0.763209144	0.8080691921	0.6748109519	0.7830823495	0.781268849	0.7865889313
0.7117346939	0.7553676771	0.7790376899	0.7886076902	0.8559731976	0.7997249504
0.7508980429	0.7506106696	0.8371241432	0.7622031682	0.7851103855	0.8186994591
0.7772717373	0.7410582669	0.7922473781	0.7809085093	0.6895401486	0.7591533785
0.6943785431	0.7303749907	0.770631466	0.811037397	0.7968121404	0.800071882
0.654242536	0.767229975	0.778339597	0.8113328691	0.8412349472	0.7911690468
0.8328273405	0.7967647059	0.7975850554	0.7849490684	0.797683773	0.7765313699
0.6071936374	0.7949568676	0.7868204598	0.8203531319	0.7471862949	0.7620406856
0.7312060874	0.7287169972	0.7031699799	0.7856972705	0.7368167416	0.7877274329
0.6807969675	0.7749738463	0.7913889521	0.7500810963	0.7484616024	0.8237322367
0.6952030187	0.8247430676	0.8303725538	0.7895788026	0.7929185509	0.7825370777
0.8141726516	0.6467864229	0.7628976024	0.7278472746	0.83713434	0.8112104697
0.6945595947	0.7780080235	0.8211111698	0.7382642063	0.798813105	0.8165093105
0.8021241759	0.7946047555	0.7841977414	0.7873230907	0.750349938	0.772565849
0.5723946383	0.7884812311	0.8567696152	0.8169479083	0.7776826957	0.7886974124
0.7418614635	0.7965504372	0.8177568106	0.7802575014	0.7966099632	0.7769696621
0.5675510204	0.7757731967	0.8063829223	0.7856037034	0.7958543641	0.7743756925
0.7277083333	0.7262469884	0.7555534007	0.7879925006	0.8729451976	0.795975974
0.6731023955	0.6887714118	0.7668901016	0.767391239	0.8091880403	0.8273275625
0.7194484426	0.8666485546	0.8483094569	0.794377758	0.7698434937	0.7596812474
0.7003282175	0.7847121595	0.8083350987	0.7249665971	0.8074506502	0.8000631742
0.6625256612	0.7742520477	0.8017021098	0.7850057283	0.7744580664	0.82943378
0.8421393374	0.6968715178	0.8216873678	0.7628456956	0.7679112621	0.7930769676
0.7221397313	0.7360977477	0.7606914633	0.7946424659	0.8090908232	0.7851500356
0.8446011154	0.8292541009	0.7407495481	0.7929205968	0.7728545993	0.7890838831
0.7344120016	0.7919762856	0.8136938968	0.755839577	0.8303891499	0.8000101053
0.7844387755	0.7885033434	0.8475080376	0.8216907174	0.7894387382	0.8244428826
0.8236548977	0.8315152644	0.7469069063	0.7267727266	0.801243492	0.7877704968
0.8190892479	0.7329438707	0.7567226584	0.8060818705	0.6987432132	0.7921352462
0.7345344388	0.8314284336	0.7820340507	0.7974988665	0.7685221506	0.7936449964
0.7039940682	0.7173820688	0.7874245811	0.7834011741	0.7215111222	0.7601795549
0.7672108844	0.8474416557	0.7657605267	0.7695850318	0.7761333917	0.7797501035
0.5871695582	0.854484927	0.6721306004	0.7451713919	0.7314836149	0.7773710001
0.6904149471	0.8312813038	0.83562401	0.7636610267	0.7910779082	0.7968337693
0.7914583333	0.6917384093	0.8063892692	0.7988021164	0.7371622147	0.7692188203
0.6281160186	0.7429896051	0.8140216014	0.8164328407	0.7727386747	0.7784936697
0.7574763461	0.8503629413	0.7626134914	0.7537430191	0.8083596228	0.7830872464
0.6656037415	0.8497693015	0.8068290065	0.8018935481	0.8372377501	0.8192952475
0.8274228662	0.7357332468	0.7862285866	0.7839185333	0.8083980453	0.7758722159
0.6663035215	0.7703370357	0.7632122763	0.8106705272	0.8027231506	0.8037846864
0.6246716043	0.8373581401	0.7200300835	0.8242549137	0.7714770262	0.8115406896
0.7609722222	0.7258657038	0.7311058045	0.7346475158	0.7924110084	0.770612596
0.7312535613	0.7568321287	0.7641875157	0.7892276461	0.7648505786	0.7839973752
0.72497723	0.7962214112	0.775502225	0.7152026605	0.7990821306	0.7945159533
0.7661514802	0.7806323235	0.7696030285	0.8158189655	0.7072821197	0.8125539872
0.6049624701	0.7379684846	0.7815088411	0.8133959394	0.7650645344	0.7903664269
0.8185996055	0.6457676184	0.7837205661	0.8070460126	0.7184274185	0.7236340872
0.6929263178	0.6895953363	0.6956473763	0.7738226781	0.7366306579	0.7645809197
0.6514965986	0.6582931906	0.7226185009	0.7235524011	0.8228932168	0.8006064924
0.6760679666	0.7948066373	0.7507184447	0.7241046437	0.832180033	0.7758962458
0.7904429638	0.7451321779	0.8072941717	0.7586938277	0.8092905294	0.8028837606
0.7426736111	0.8441998383	0.8093574898	0.7945723549	0.8248770322	0.7991698181
0.7450520247	0.7841001002	0.7942307246	0.7914932515	0.775296511	0.7785963959
0.8057664478	0.7464190756	0.835392394	0.7731697102	0.7954062004	0.7299638818
0.7960226495	0.7628102525	0.8033026912	0.8089087588	0.7617320665	0.8108044026
0.8351805796	0.7817030765	0.7227602688	0.7204507408	0.7655222437	0.7598134373
0.719796073	0.7612908687	0.7543978782	0.7820962485	0.8048625552	0.7792081125
0.8461514802	0.8009817805	0.7715667588	0.7195458	0.7035177652	0.770484719
0.8233757716	0.6482737219	0.7973126427	0.7686996011	0.7808731296	0.797362663
0.7999479167	0.7576145985	0.6916168977	0.7141055291	0.8244222731	0.779940649
0.8086440633	0.810266504	0.7914271772	0.8100618664	0.8098958735	0.8003378983
0.8482860449	0.7882119107	0.7777731649	0.7649702933	0.7689352476	0.7883978244
0.8286272841	0.7835033811	0.7343850638	0.7697818879	0.8096433847	0.7863536374
0.7248263889	0.7140332233	0.7880100192	0.7999941026	0.8167207356	0.7820373944
0.8276456995	0.764938658	0.776723574	0.7502312485	0.7691922834	0.8032324332
0.7587744289	0.7882312018	0.759902493	0.7626476293	0.7963476585	0.7954684068
0.7128481468	0.7593128842	0.7896184879	0.7652859381	0.7512487884	0.7594429123
0.7106820437	0.7180377599	0.815556739	0.8296637389	0.8149977933	0.7824208488
0.7112794076	0.7519768866	0.7329127372	0.7831970722	0.7480171515	0.7606904221
0.7785059209	0.7708191568	0.7928961848	0.8056299621	0.8621349398	0.804784561
0.7351311395	0.764977315	0.7044315161	0.7560470092	0.7659087514	0.7769182742
0.7819266855	0.7619679312	0.7671174126	0.7938854055	0.8057478278	0.8053576838
0.6104024943	0.7763278151	0.8391425198	0.811141793	0.7442697829	0.8293409977
0.7806597222	0.8947265541	0.7307135287	0.8103143836	0.7303571292	0.8011994969
0.8500496059	0.7269620833	0.8076480004	0.7676200038	0.8586133044	0.7844499565
0.7843325284	0.7602772034	0.8436716078	0.7852987944	0.7706415402	0.7854803556
0.7855381944	0.744702517	0.7502184452	0.7145453237	0.8204340979	0.8215903788
0.738384708	0.7751419535	0.7888434196	0.7990748756	0.7561855133	0.7492473879
0.7926144416	0.76642661	0.8070171626	0.8615356852	0.7336173772	0.798997409
0.7635546789	0.8565625801	0.8088351811	0.7370902804	0.8043055944	0.7727806242
0.7492244583	0.806606919	0.764636546	0.8311414531	0.759632091	0.7803762713
0.7814052288	0.7989335743	0.7897508102	0.701619936	0.8061549445	0.7820620584
0.7174381039	0.8106706428	0.7371929982	0.7377460129	0.7590177441	0.7939149136
0.6865587168	0.7763041817	0.8463108604	0.7910229225	0.7881642544	0.7970523852
0.5237098726	0.6065015395	0.8622736239	0.8217832373	0.791620883	0.7846447235
0.5933724729	0.8124259115	0.7875772678	0.7787061038	0.8221764416	0.7793838008
0.737654321	0.747891311	0.778340762	0.8095708776	0.8018985642	0.7728182973
0.7708323764	0.7374768348	0.8211272625	0.8316603173	0.7278032923	0.7639544471
0.7537792895	0.699766102	0.7730017878	0.7436219773	0.7850649649	0.78558967
0.7511082865	0.7760657793	0.7068150915	0.7371938034	0.7875564988	0.7883407764
0.7629758141	0.6710713399	0.762113889	0.8291774914	0.8404380026	0.8300086765
0.7816485969	0.7683862277	0.7943470824	0.7522781198	0.757405981	0.7892255362
0.6290234184	0.7782356423	0.7466680378	0.7791813006	0.7669416205	0.7686787187
0.5994331066	0.7397039962	0.7417512979	0.7879128157	0.8160367163	0.8152170353
0.6787308673	0.7340957565	0.7608281398	0.7965591292	0.8238015633	0.754504832
0.743864801	0.8110363001	0.7620977538	0.753254529	0.7419497374	0.7992215037
0.571609709	0.7740273371	0.7636779526	0.7485797531	0.7631658549	0.8440117441
0.8099682214	0.7662435493	0.8009192265	0.789516018	0.7798107842	0.8199671377
0.6836093165	0.7776302083	0.7244379717	0.753553515	0.7876581008	0.781177762
0.7351881929	0.7092101568	0.7857482998	0.7675127892	0.8236576091	0.7982457686
0.6833913272	0.7345973561	0.7844743126	0.7775887736	0.7891949814	0.7948130459
0.7683140192	0.7772202767	0.833161169	0.7473926207	0.7534024123	0.7896589559
0.667009392	0.7736132129	0.7218775377	0.7670957531	0.7796767675	0.7770911444
0.7129570578	0.8077875864	0.7837818713	0.7837399547	0.7812517439	0.83471074
0.6519292092	0.7333896481	0.7856496881	0.7846111982	0.7564541075	0.7933328388
0.7548060942	0.7751095689	0.7205800214	0.7307647703	0.7676045807	0.7809724974
0.6368559509	0.762853933	0.7822206629	0.7407951651	0.7678387426	0.7905502979
0.8018291761	0.7595232324	0.7923417911	0.7957982179	0.8095722887	0.7637790604
0.7313776873	0.7730058256	0.7400525989	0.750343399	0.789436904	0.7420218432
0.5506903353	0.8616011904	0.8040181794	0.833530179	0.796508369	0.7627035892
0.7948666979	0.7520120221	0.7423872541	0.8144044057	0.7608991577	0.8353589057
0.6286177193	0.7247534003	0.6928925959	0.7401430956	0.8035260117	0.8161649581
0.6873948795	0.6763215577	0.7650613895	0.7762220929	0.8221708877	0.8049708417
0.7295481909	0.8183873957	0.7887888314	0.7655075627	0.763038115	0.7967511723
0.7387808028	0.7927767359	0.8227439808	0.8553753798	0.8163365488	0.7755808576
0.7724669392	0.7938065914	0.736525501	0.8191305037	0.8091587156	0.7661135688
0.7941477497	0.7258059328	0.7547594404	0.724393531	0.7826309106	0.7775008778
0.6096938776	0.8199070818	0.7734509478	0.8225242071	0.8229548957	0.7665144035
0.8612953427	0.7118615327	0.7318994996	0.7453760285	0.8222833077	0.7893161216
0.7549001479	0.8132347385	0.7899603176	0.8104244354	0.8097862692	0.7748186415
0.7927391302	0.8484723753	0.8210556416	0.8065551691	0.7818505462	0.7906895075
0.6562535788	0.7840719008	0.8228729406	0.8278711873	0.8240023644	0.7268491751
0.6945625374	0.7486267761	0.7941983832	0.7917112472	0.7868772671	0.8124551282
0.6420068027	0.7596674204	0.783752501	0.726041787	0.7812656207	0.7493065789
0.6129694481	0.8125452129	0.727640737	0.826516699	0.7811320693	0.7588240625
0.6190249433	0.7139892661	0.8119212963	0.8464455273	0.7752210229	0.7968347062
0.6507927762	0.8227556114	0.8322541828	0.7862762774	0.7627542208	0.7630532748
0.7343159486	0.7501739573	0.7932715335	0.7945616352	0.8145020006	0.7918850903
0.7244763322	0.8329245505	0.7908091684	0.8033420582	0.7844859752	0.7488147185
0.6826303038	0.7932356616	0.7421624281	0.8122746233	0.792701337	0.7928708978
0.7597569444	0.7703895348	0.8127571009	0.7613520188	0.7507719441	0.7769143262
0.6832426304	0.8306873558	0.7612229443	0.7602627369	0.7684756548	0.7335212725
0.8050660195	0.8301049836	0.767421242	0.7909853524	0.8217883986	0.7557643752
0.806809505	0.7630058776	0.7745316983	0.8103419357	0.7908992634	0.8140289843
0.8664576125	0.7334464161	0.7978423503	0.8151704657	0.8036630212	0.8114938338
0.7033641582	0.6970920115	0.7903841779	0.7808527089	0.8059855266	0.7755396246
0.7109842687	0.8426603749	0.6883453886	0.8363909621	0.7927670876	0.7649741611
0.7574147306	0.765224076	0.7628466367	0.7868950865	0.8022177162	0.7367279251
0.6045947415	0.8030422731	0.799660528	0.796565106	0.8111487082	0.7596140016
0.7932668325	0.7266620713	0.8168135955	0.8216300412	0.8134306025	0.8066600928
0.737490788	0.7788136738	0.7742598704	0.7887137526	0.8217977774	0.7591917387
0.5921422995	0.8166671233	0.7548199857	0.8025970379	0.8079469449	0.7855009674
0.7493370631	0.7900805259	0.788652736	0.8209649247	0.7985422677	0.820576184
0.7103853345	0.6786749854	0.8155661463	0.6892080819	0.8292636039	0.7825969849
0.6650147758	0.8051986215	0.7765963535	0.8010220192	0.8070232641	0.7652027288
0.6929209184	0.7134183083	0.7803996702	0.813052709	0.8295487526	0.7618008005
0.6102543934	0.7859435098	0.8416034696	0.8047021915	0.7848880493	0.7549888495
0.7025104159	0.8034429573	0.7423638054	0.7878647465	0.8275091255	0.7782565771
0.6025019791	0.7999358064	0.7933639843	0.8400995649	0.7654075931	0.7449669456
0.8213906843	0.7711442059	0.7312058971	0.7875451334	0.7489802153	0.829173053
0.6485546377	0.769503876	0.7613794234	0.7467502811	0.7669759837	0.811322038
0.537488952	0.7777351222	0.7643792104	0.7670477209	0.7945591761	0.808588167
0.7251196775	0.7995534096	0.7498006073	0.8102699252	0.7619155861	0.8083713694
0.7288888889	0.8422410503	0.7297594725	0.7649103983	0.7677133901	0.8169065207
0.7351420043	0.7350765689	0.7358651346	0.7921876339	0.7628460012	0.7928152094
0.6493851832	0.7750731323	0.756898523	0.7797171976	0.8130584474	0.7595972268
0.8534268084	0.7766120522	0.7732067421	0.7665392054	0.7525113931	0.76639617
0.8392017378	0.7432305796	0.7591137025	0.7180091516	0.7749037355	0.7992089636
0.7937929767	0.7862994108	0.7458714739	0.8158991675	0.7525915517	0.7646434671
0.743597608	0.7503016102	0.7696884812	0.8252178752	0.7651550398	0.7864252358
0.7500706165	0.7908209983	0.8443765067	0.7506560518	0.8162961836	0.7900105072
0.6545716191	0.8080056931	0.840206517	0.7482978577	0.8205978944	0.7679595397
0.7957431036	0.6857172282	0.7267285563	0.7214095229	0.7891514243	0.7756058745
0.6391666667	0.8195772425	0.7992000918	0.7707328619	0.7776403428	0.7901883089
0.8640992004	0.7760591621	0.7803863595	0.8083167315	0.8340486537	0.7761249055
0.7973103114	0.7659682362	0.7996176524	0.7922476081	0.7903208001	0.7801814405
0.7218839388	0.6798110707	0.7615422362	0.7502234103	0.7460322033	0.7715647107
0.8118570038	0.7276532215	0.7850097159	0.8420530512	0.8054421659	0.8116559681
0.6762705169	0.7846741865	0.7661461719	0.7826978868	0.7825846132	0.7404475013
0.8909292032	0.7439672403	0.7186291609	0.7430128363	0.7494274263	0.8050102053
0.7425906737	0.8271473371	0.7556629041	0.7791639282	0.7785763783	0.7996296484
0.7567550942	0.8456674275	0.7798564093	0.8026166567	0.767027334	0.757008804
0.8374244142	0.6937542335	0.8315581792	0.7226316898	0.7842958787	0.7681720347
0.7034418253	0.8369152667	0.7761365735	0.7611536644	0.7483559572	0.8353547548
0.7135816387	0.7066239168	0.7633072979	0.7986194638	0.8311078853	0.7731504205
0.7855556745	0.7188483429	0.6949656777	0.756701945	0.7318575517	0.8057808802
0.6140816327	0.7949523443	0.7726547277	0.757998208	0.7631196736	0.8156781532
0.7388665675	0.8281535326	0.8294611098	0.7761841576	0.7546798708	0.7681761602
0.8193498895	0.7594362095	0.7553717418	0.7796219033	0.7239326374	0.7853604692
0.6779371158	0.7952509246	0.8429422476	0.7969174686	0.8381194848	0.7943916265
0.7026534155	0.7593354604	0.8238676455	0.8436781443	0.7542201746	0.7939032322
0.6756140081	0.7206235786	0.6903525071	0.8242850357	0.7333428078	0.793166754
0.7673106498	0.8177436033	0.7903519524	0.8314486061	0.7794094985	0.7313589157
0.7420986777	0.8277891944	0.7772206129	0.813540216	0.7475658478	0.8115101666
0.7259916698	0.7056551145	0.8250679292	0.8126757193	0.7480287083	0.8047670928
0.6389839127	0.7834773991	0.838905273	0.7459403048	0.7784567622	0.7586547524
0.7879783683	0.8013392797	0.747100621	0.7309908611	0.821542452	0.7542048841
0.7067329996	0.763660036	0.845183414	0.8240293524	0.8236984623	0.7909444074
0.6512623274	0.7810985031	0.7637667465	0.8486193839	0.7428023685	0.764582812
0.7196770473	0.8161190167	0.6965263838	0.8069682883	0.7876006576	0.7865061716
0.8165013456	0.7615636511	0.8211390086	0.7713720072	0.7817216936	0.8248939318
0.6752465986	0.8034474791	0.8500897095	0.8239592544	0.780510007	0.7614328143
0.8366873051	0.7892342207	0.7752656442	0.7899304293	0.7553279775	0.7406666473
0.6226961373	0.7807203342	0.7880059722	0.7412951371	0.8470312899	0.8223234419
0.7769591679	0.7282563652	0.803819128	0.8011038233	0.8211467621	0.7304555157
0.6437388131	0.7171442535	0.7456127688	0.8007833268	0.8432799292	0.8148502085
0.7998532214	0.7855891154	0.7484837918	0.8156461966	0.7767667518	0.8147539303
0.6314132609	0.8767640818	0.8376814849	0.8197264347	0.7252905477	0.7718909837
0.8059548611	0.6646638025	0.7397970489	0.7922334556	0.7032991533	0.7773311498
0.6663620977	0.7677816936	0.7521609039	0.814436733	0.8384628893	0.7444597466