873	486	715	493	942	871	576	881	743	572	699	210	325	694	167	810	236	614	593	407
633	650	98	360	21	346	448	505	508	231	690	821	287	550	86	834	344	156	787	429
661	431	357	816	728	857	107	430	497	720	490	398	422	843	870	314	439	116	657	7
8	128	859	598	572	817	169	61	544	752	22	545	239	397	854	789	697	529	462	703
119	261	303	118	43	626	904	506	210	538	867	584	129	267	141	817	739	723	180	448
657	595	560	679	334	61	427	213	803	24	608	349	320	325	63	122	477	668	459	416
682	319	683	17	30	501	49	190	300	739	721	552	604	738	283	925	85	356	895	407
859	162	116	169	222	7	873	795	634	93	697	89	384	827	145	811	924	493	253	427
926	243	363	524	257	100	634	164	830	272	280	728	67	367	533	189	690	318	228	473
754	120	462	411	3	243	423	718	908	312	652	23	888	187	260	772	827	930	413	818
500	720	347	88	101	480	641	706	478	362	115	199	173	553	75	67	264	140	90	834
563	880	338	841	171	557	608	421	158	93	300	164	138	490	828	305	44	883	849	314
611	485	491	521	763	4	724	292	65	209	105	681	435	527	504	862	545	448	518	184
726	382	760	500	694	492	639	809	328	60	439	213	201	796	733	141	258	234	175	541
416	122	699	551	729	451	840	110	537	515	497	260	792	203	218	172	796	15	350	202
598	129	15	316	879	676	423	26	131	889	926	337	455	700	623	526	497	686	76	692
70	492	520	326	476	24	249	866	834	173	829	518	694	695	376	4	236	76	149	311
417	744	161	288	759	220	751	837	760	497	617	221	553	336	529	915	702	747	248	656
44	635	841	124	672	601	454	178	310	696	529	452	482	801	15	379	62	763	637	639
288	444	502	806	925	922	64	374	546	261	76	786	210	512	358	154	657	132	582	340
645	521	823	636	273	296	525	426	801	928	188	407	376	536	911	560	207	502	23	200
30	362	590	798	932	245	598	116	849	295	768	150	786	759	357	755	241	278	28	682
233	427	125	660	649	338	744	399	516	718	62	212	50	402	73	80	131	646	157	724
16	542	179	934	492	279	77	581	939	362	6	481	549	890	66	138	408	223	280	309
635	248	796	213	149	935	105	132	711	73	480	198	786	219	914	471	467	504	714	273
527	356	569	274	242	456	873	33	116	333	125	336	485	109	34	101	701	742	113	878
730	410	763	564	178	747	522	257	239	922	919	363	253	832	407	837	648	87	938	237
384	461	631	55	689	199	881	941	410	937	562	382	201	694	69	243	321	50	697	744
550	418	135	444	891	316	518	229	714	310	901	494	482	615	235	367	133	172	131	320
564	497	393	61	269	282	209	665	832	924	490	25	663	340	236	743	90	751	553	796
778	192	626	282	154	322	386	702	263	784	210	228	776	249	308	775	620	624	722	850
166	15	825	491	775	26	190	512	665	2	747	390	44	19	272	854	655	579	433	312
4	210	469	540	359	781	510	195	219	231	579	278	539	163	660	608	179	373	132	562
695	29	740	140	386	686	540	803	551	924	545	573	789	188	701	4	13	101	226	425
191	808	637	310	498	461	225	342	315	157	441	884	192	54	257	731	781	491	26	671
698	743	440	930	291	212	652	873	502	417	210	544	72	49	193	936	907	434	172	792
914	549	412	444	635	201	350	244	427	144	592	307	503	797	744	566	700	677	234	600
175	617	848	311	749	504	499	162	659	41	524	745	937	607	248	10	803	479	463	548
777	422	477	874	400	369	111	71	176	234	884	48	872	131	525	146	810	127	502	459
457	924	439	915	764	373	213	409	814	74	757	810	571	296	718	544	350	676	216	556
429	924	223	580	342	141	492	207	789	871	242	384	628	255	765	692	808	82	201	330
865	429	714	414	522	93	86	174	531	462	699	279	767	220	598	280	588	441	719	904
347	384	495	585	859	222	429	749	542	758	262	797	354	242	804	369	613	683	161	610
78	297	179	257	545	557	570	421	625	926	160	85	422	405	664	136	436	433	413	582
669	320	740	97	511	585	403	228	402	879	484	681	257	896	309	785	232	491	630	323
671	784	775	855	670	761	71	486	250	344	490	264	856	770	203	409	400	495	180	729
257	127	622	155	584	182	719	783	817	699	876	68	234	96	263	581	704	734	551	762
896	377	184	212	648	696	15	735	785	761	183	398	171	506	18	157	282	586	85	616
754	340	92	64	427	542	320	892	390	230	220	485	751	144	22	798	684	858	102	51
839	888	13	182	943	82	30	211	641	290	403	286	42	79	625	321	400	936	183	264
707	440	830	709	89	156	933	287	564	871	536	836	550	685	241	328	521	320	383	815
133	941	627	532	282	883	877	469	305	676	593	566	547	183	52	747	872	233	691	247
569	780	721	541	54	858	901	133	427	880	551	604	361	320	883	582	59	913	440	428
112	780	782	472	904	625	638	92	693	348	763	10	253	878	196	439	62	708	454	497
549	260	326	373	86	283	406	308	721	315	826	575	441	604	14	335	532	212	591	300
188	633	616	183	602	670	749	100	840	789	818	330	921	147	523	911	164	33	820	360
586	536	800	937	922	308	245	712	130	576	587	132	388	322	821	262	29	143	918	713
33	142	631	544	163	538	463	118	200	418	137	724	773	336	535	860	904	594	393	446
332	335	326	100	551	366	781	602	709	848	528	570	13	263	273	63	313	226	36	513
827	583	410	348	903	524	326	445	442	205	154	497	828	318	504	643	169	848	165	680
174	29	127	114	57	904	516	243	398	385	303	71	814	758	408	25	477	208	639	532
668	515	646	598	304	669	131	581	940	104	865	584	148	90	182	280	57	547	762	476
216	734	447	283	537	194	463	662	592	27	335	731	270	485	264	855	248	794	375	854
882	635	824	37	345	159	614	522	771	914	594	743	478	39	237	230	746	892	514	171
634	47	666	524	337	662	573	513	663	489	695	328	803	367	25	110	442	159	877	758
630	16	417	336	641	284	507	208	899	745	913	548	305	914	314	719	402	313	900	588
791	525	869	221	860	217	403	877	192	327	478	101	223	234	350	356	622	882	671	363
586	377	430	349	420	232	20	107	934	119	269	286	920	140	155	425	216	554	312	726
734	76	748	230	290	692	765	181	483	496	147	799	215	673	743	726	406	888	235	197
139	738	458	67	167	644	624	770	827	839	123	452	655	659	734	321	591	152	485	144
499	876	111	366	699	154	792	204	180	512	617	787	763	852	823	289	830	105	236	675
836	253	418	344	191	67	70	907	534	726	683	485	306	517	419	572	58	743	558	110
342	270	185	514	34	458	617	611	529	287	469	879	433	138	909	919	72	652	452	601
632	3	693	187	574	295	117	925	48	776	681	808	397	180	446	331	750	231	517	670
141	724	371	882	627	718	793	303	753	38	8	293	329	252	301	836	193	225	114	828
160	552	938	646	309	818	352	262	16	727	657	676	438	728	902	279	489	255	353	305
589	23	487	13	916	34	688	181	162	789	594	810	202	896	291	175	388	367	495	841
244	630	614	126	293	367	11	113	279	552	560	199	437	146	584	653	718	754	894	15
346	825	591	731	726	620	426	521	497	619	372	852	755	407	280	775	238	34	811	681
75	210	875	68	700	516	851	211	485	397	690	911	899	403	262	90	116	360	9	937
215	363	84	694	94	39	824	473	565	237	773	678	42	484	700	23	764	490	611	446
325	151	385	655	127	906	542	143	228	803	749	117	266	316	170	933	114	340	614	652
112	720	774	571	910	678	100	207	492	208	143	537	122	613	270	355	268	631	516	805
647	425	787	458	841	697	392	102	612	654	848	2	536	507	738	195	482	145	179	600
204	838	245	493	240	670	340	331	750	874	580	697	142	418	147	288	122	455	157	890
530	676	254	318	115	364	480	661	542	162	204	804	888	818	11	828	677	102	646	849
731	728	532	536	237	775	235	906	886	710	567	436	784	332	85	239	662	212	393	183
730	284	96	451	552	330	257	801	538	517	407	278	397	572	48	64	910	562	23	934
319	474	179	484	426	285	227	113	230	191	707	779	564	225	316	784	143	698	510	180
271	56	854	699	224	840	170	745	620	834	137	126	652	514	553	655	229	469	856	340
101	830	486	178	201	555	31	609	877	768	855	717	223	159	816	505	883	506	861	643
56	133	527	807	53	371	373	744	806	796	403	792	320	568	410	210	739	493	766	857
125	164	261	368	441	509	86	399	700	695	779	656	562	404	128	641	559	789	251	891
143	50	656	744	385	653	405	226	675	851	292	808	422	902	521	509	858	210	651	844
633	787	479	821	889	381	69	890	579	620	370	416	113	818	217	885	45	200	512	940
797	919	155	497	788	669	241	539	137	603	508	817	495	401	498	829	325	127	784	239
660	640	574	28	32	322	264	857	428	661	148	312	458	104	662	125	274	121	823	571
325	100	812	559	60	3	77	414	207	661	820	128	454	419	576	289	527	864	150	900
419	313	768	322	771	114	466	470	100	766	858	212	186	254	764	376	919	433	449	916
626	358	261	643	795	374	285	817	562	83	394	84	266	79	467	498	478	590	125	764
613	698	873	577	608	442	142	108	879	506	45	87	74	425	312	119	373	391	507	324
132	195	745	208	654	81	10	188	133	1	626	628	631	694	795	51	714	120	147	338
322	184	414	493	707	390	290	881	226	885	732	173	806	182	581	769	532	513	688	888
303	750	908	240	715	89	121	211	751	437	774	832	943	730	662	297	618	503	667	530
447	647	338	554	506	622	694	117	227	686	699	857	928	456	346	376	245	549	120	169
872	489	853	415	810	704	695	191	4	692	177	425	482	867	252	777	213	48	72	708
736	790	526	506	544	116	108	713	230	138	324	240	618	438	752	515	741	124	357	392
392	284	589	516	486	65	527	601	51	312	718	376	436	552	425	280	692	117	664	911
245	713	81	782	766	131	795	751	244	255	227	193	935	619	145	571	230	790	905	135
276	81	515	719	194	411	616	722	146	656	98	911	17	269	776	653	526	460	196	775
435	762	439	334	349	499	127	710	97	689	936	858	665	476	939	448	475	41	761	803
706	477	496	428	834	187	234	76	643	532	610	709	404	403	424	191	430	133	378	784
902	275	701	722	880	261	143	559	134	759	469	793	127	910	240	718	348	535	790	308
683	473	5	770	761	663	585	887	762	290	729	409	679	279	810	43	446	213	438	542
917	904	489	168	902	364	891	826	864	605	326	302	875	79	381	316	563	531	901	272
548	609	109	407	545	143	214	193	338	712	167	581	616	23	561	723	809	24	427	156
864	43	296	254	655	14	606	681	392	22	391	736	829	219	506	238	518	778	785	346
633	660	885	273	770	358	183	257	884	45	369	368	824	693	919	248	439	131	835	870
807	350	492	339	704	283	912	687	535	89	622	682	342	462	216	248	926	846	536	358
157	791	282	652	144	501	151	32	894	109	489	699	473	336	450	233	801	77	924	774
487	213	831	228	641	53	249	847	114	797	302	290	285	885	128	34	144	837	856	599
777	400	770	243	32	499	177	482	319	249	315	221	38	500	210	555	518	754	463	891
802	576	29	41	913	839	940	456	424	75	94	821	604	832	116	567	161	282	521	338
172	643	712	454	602	69	178	57	546	925	262	148	122	802	927	383	203	599	940	142
400	587	896	90	103	675	780	770	796	500	471	529	460	911	628	625	852	856	542	509
130	565	722	515	248	212	584	368	824	8	432	116	30	771	258	249	41	192	450	705
303	277	891	35	893	297	929	601	170	315	13	378	525	425	685	857	441	717	91	820
483	440	629	635	656	120	473	128	691	296	155	720	740	896	596	206	509	352	39	508
698	876	46	807	918	84	158	707	658	342	862	204	871	757	214	154	725	883	440	830
634	129	315	869	875	208	498	72	22	70	181	362	582	897	932	702	105	47	136	557
601	383	664	761	372	659	534	58	16	592	843	835	365	214	326	208	151	25	138	528
606	700	298	898	235	748	806	702	205	393	283	786	901	790	229	288	208	258	342	260
502	204	681	402	753	831	618	410	190	337	127	615	344	112	646	216	124	931	452	153
377	199	564	190	583	25	935	550	170	696	108	29	350	187	409	844	449	675	361	682
681	683	835	939	905	913	275	847	183	230	1	10	336	685	834	561	756	942	605	475
274	826	432	931	93	79	645	164	758	913	147	894	632	760	392	454	363	186	643	423
555	540	163	587	11	212	545	254	421	118	487	14	94	342	888	715	559	578	679	384
870	161	434	764	927	24	502	79	562	936	463	711	750	335	86	514	885	81	848	288
492	55	224	354	684	826	245	282	129	486	1	61	366	583	399	526	240	370	617	390
198	720	853	635	903	192	772	156	70	746	500	538	683	422	376	234	744	856	157	653
481	523	571	109	833	159	370	227	810	735	292	907	854	489	65	664	192	733	339	829
737	880	518	353	395	370	852	511	439	169	76	817	488	833	377	411	877	581	361	590
285	502	8	613	374	702	30	716	65	302	849	740	288	47	189	371	536	844	768	879
545	182	671	862	658	446	833	453	592	259	601	642	840	302	153	754	198	158	726	670
309	585	427	688	171	153	649	563	557	880	311	414	569	637	144	794	160	386	408	732
926	943	167	551	274	148	484	741	248	518	345	290	505	191	74	552	119	702	101	534
164	833	156	518	657	692	680	591	551	178	224	117	664	187	535	728	708	804	32	322
91	502	788	329	513	477	164	290	175	691	442	869	872	791	122	90	180	782	574	194
489	936	849	507	349	181	312	226	147	670	96	361	500	540	811	942	805	529	759	925
79	310	564	714	15	745	785	394	211	330	665	158	760	73	613	850	505	275	912	170
67	443	202	389	869	374	544	471	595	856	356	131	386	914	348	714	637	68	250	292
503	161	235	756	112	883	478	467	284	96	424	654	382	543	694	520	841	354	768	860
298	732	749	821	141	331	411	595	474	700	778	165	862	51	119	914	336	597	637	584
176	564	120	931	277	856	504	913	384	395	794	650	385	936	432	768	461	695	525	773
189	66	92	750	25	691	139	641	448	176	4	155	258	18	339	332	274	420	51	439
915	690	793	718	906	248	122	245	517	689	541	101	606	244	119	296	788	234	133	503
941	923	647	719	350	837	269	163	791	293	184	190	813	524	463	714	880	843	526	890
672	247	775	411	316	551	349	487	225	701	846	308	754	66	595	314	745	562	89	760
747	469	21	671	883	425	267	222	713	30	656	423	366	578	590	310	66	362	8	496
689	623	71	127	450	497	412	281	721	389	474	582	597	709	647	657	639	264	937	186
870	581	771	444	466	495	277	150	385	585	795	747	768	878	638	717	371	882	791	637
293	32	624	323	40	564	78	861	275	516	415	581	772	2	887	794	263	251	942	797
917	792	98	703	803	868	257	585	937	866	921	736	196	561	63	861	853	146	200	311
207	502	80	464	893	595	579	246	134	657	344	74	897	655	588	247	695	677	857	921
151	109	179	732	30	491	838	235	800	728	832	730	913	197	62	888	629	86	886	601
388	108	869	15	670	930	756	417	775	883	618	754	747	653	102	920	593	695	332	773
516	44	256	865	505	270	129	18	891	886	787	589	817	119	60	174	463	784	587	343
520	27	815	346	393	702	169	793	830	336	784	683	819	602	258	674	552	889	506	800
700	125	45	856	327	113	707	146	426	204	247	355	630	402	159	363	687	797	860	313
856	791	372	70	69	471	495	898	489	668	245	878	719	726	847	772	448	204	817	214
199	197	902	749	764	105	460	849	890	621	17	701	425	37	262	90	599	111	566	362
140	712	394	405	170	270	705	94	21	608	105	656	421	720	367	357	277	135	620	604
900	17	700	797	25	428	99	732	459	882	824	761	832	630	256	695	407	348	437	470
154	46	327	160	431	340	599	712	220	141	114	523	137	508	42	252	290	185	711	478
58	732	261	543	597	705	502	168	180	854	25	162	714	465	47	205	297	930	820	716
742	636	614	899	291	193	201	872	98	308	579	440	664	559	271	844	466	767	784	425
844	410	621	746	660	147	89	663	716	534	715	486	249	710	29	430	783	268	605	425
30	277	595	782	482	191	6	369	650	712	594	824	758	771	475	524	621	98	404	427
259	461	38	385	728	906	195	29	16	200	867	631	640	939	438	815	561	235	724	140
471	416	799	399	348	111	243	764	323	144	833	587	770	79	851	517	384	31	50	582
857	418	566	546	601	322	525	272	931	413	746	536	99	56	602	684	291	314	751	115
706	306	164	709	310	606	216	632	593	111	79	183	410	475	226	630	47	731	920	203
565	186	648	190	770	754	509	686	870	353	313	594	57	33	393	458	59	90	736	718
942	620	370	395	230	37	802	234	489	556	591	549	619	89	516	688	161	377	787	261
855	214	71	106	185	124	719	776	251	486	642	300	771	203	573	51	63	33	791	490
232	884	766	462	574	253	127	610	596	550	121	352	27	313	354	923	402	41	396	100
752	259	557	792	415	817	577	512	305	902	55	626	411	888	492	337	893	349	382	711
892	722	566	704	45	583	61	399	284	191	168	875	928	425	753	338	99	286	195	696
386	489	840	228	325	868	514	387	122	632	434	362	623	102	390	441	542	714	664	442
547	103	492	344	708	711	847	859	574	780	866	481	844	736	311	768	44	517	15	393
766	775	349	257	433	501	918	902	195	639	1	845	769	173	681	691	259	23	291	197
212	47	864	41	597	579	751	450	757	685	503	18	778	505	694	161	66	192	65	357
409	781	449	577	755	179	919	247	895	131	118	315	344	425	756	347	110	355	43	263
735	774	643	159	846	805	578	66	936	190	76	49	921	172	683	794	459	809	421	338
133	526	597	276	9	252	650	735	750	765	648	901	372	816	638	842	6	476	55	103
258	546	723	71	557	711	636	280	716	213	96	320	612	248	646	239	824	790	570	492
115	753	669	670	276	931	498	255	819	606	495	636	149	310	64	496	543	690	4	816
419	861	108	352	150	193	615	468	302	429	506	894	328	83	348	312	249	576	724	129
722	332	444	627	479	173	771	342	520	624	508	1	80	757	210	311	208	769	811	188
281	228	551	184	575	302	594	680	419	164	928	588	761	926	474	257	842	336	846	53
506	1	175	841	232	465	254	724	164	110	590	442	347	625	264	211	355	867	744	891
891	795	126	110	59	56	50	687	325	665	655	659	649	703	462	125	348	351	23	123
445	188	224	750	653	625	163	489	407	713	929	451	336	541	520	507	923	832	276	177
102	66	21	70	679	925	171	634	312	380	244	502	790	185	676	654	48	486	710	283
545	503	389	837	853	598	262	731	248	215	281	822	19	297	80	466	237	813	199	328
138	223	422	2	405	319	902	875	560	743	885	449	750	765	85	168	259	452	231	774
889	298	297	436	137	540	646	232	912	382	852	384	679	592	283	287	848	435	819	761
802	670	919	658	253	762	803	524	249	86	732	284	635	576	630	579	436	780	63	553
891	743	928	248	812	119	495	883	468	545	617	538	127	478	471	461	863	747	868	723
575	832	458	215	629	288	690	908	260	626	712	469	134	350	428	743	10	547	850	534
11	352	282	218	703	541	787	61	892	572	513	636	425	549	177	241	180	616	361	351
921	520	745	93	812	273	270	190	365	293	292	115	883	677	833	650	834	313	468	25
229	757	316	249	673	397	318	464	904	171	942	69	167	775	534	576	144	80	751	152
299	333	816	434	913	909	507	615	935	44	2	632	756	592	911	189	385	367	700	914
326	40	256	523	657	738	567	277	767	148	380	594	502	915	8	88	497	1	438	884
703	218	424	141	81	875	136	825	346	170	70	259	324	111	232	493	115	221	367	637
402	181	727	688	660	32	566	145	197	803	201	643	169	653	242	143	258	601	219	786
384	756	869	456	213	811	615	267	356	62	33	380	52	155	77	740	489	891	686	617
414	334	396	756	45	822	156	886	446	25	335	837	101	774	549	374	943	455	661	589
436	623	939	225	621	206	539	542	269	597	728	502	464	581	447	853	100	114	888	852
479	658	326	199	666	52	283	644	318	390	531	724	159	473	327	298	737	939	529	721
365	788	505	158	461	934	662	405	104	929	942	593	96	182	803	66	363	397	316	838
776	373	61	555	704	663	600	827	631	621	651	530	18	468	611	496	119	710	399	365
542	307	567	268	527	17	348	228	238	535	10	103	805	88	632	134	677	520	223	743
207	732	758	639	497	576	98	385	60	855	526	511	683	20	773	489	664	633	807	213
888	27	430	81	796	450	33	69	594	931	862	128	390	634	222	218	438	54	325	235
107	33	251	445	308	274	387	442	372	860	552	793	323	24	321	720	260	357	194	356
135	821	242	526	277	42	72	353	692	505	721	339	789	403	940	690	865	927	656	840
175	211	131	38	296	339	413	432	382	631	512	802	885	233	783	660	194	630	416	713
295	616	377	892	582	168	790	638	14	57	382	639	738	403	926	433	506	644	225	198
371	249	914	942	380	500	609	321	104	346	416	145	100	276	731	130	35	428	893	62
362	320	727	100	861	545	723	702	200	668	468	752	644	554	274	619	725	121	208	54
581	780	759	474	243	518	735	536	559	124	591	618	211	133	170	696	510	756	771	928
441	706	191	739	246	436	444	542	684	817	912	899	460	47	599	61	179	586	498	208
157	623	943	305	41	142	684	370	726	852	897	148	277	803	20	539	860	602	92	253
816	755	287	156	198	529	583	371	788	301	686	857	493	384	46	738	201	372	219	796
778	306	427	193	938	117	608	866	682	548	922	600	15	95	577	482	153	550	332	524
191	542	233	138	93	101	609	474	907	76	786	587	390	308	801	291	102	334	683	875
783	711	684	150	708	702	595	158	569	917	918	852	678	547	897	28	31	421	234	925
150	401	865	639	844	94	907	12	849	673	54	767	833	93	746	408	131	177	129	473
369	39	222	605	477	530	583	75	747	501	240	348	101	232	269	123	615	649	397	857
206	781	904	126	612	609	749	459	724	632	444	89	424	546	873	891	139	842	690	729
393	111	454	794	114	126	37	675	943	458	71	663	138	552	752	820	213	935	15	519
314	299	496	293	433	48	381	563	677	379	597	1	205	693	600	488	920	798	39	785
378	928	277	703	284	645	927	773	692	45	77	389	936	534	811	557	323	370	208	943
260	739	710	147	212	942	135	897	756	25	872	635	467	453	392	391	18	889	416	446
120	625	859	396	458	470	112	293	500	12	400	594	875	601	133	656	714	861	351	344
756	47	505	934	95	427	539	124	147	940	800	135	667	752	216	817	409	425	459	441
628	853	795	781	216	453	432	481	691	420	555	935	176	158	683	826	553	325	456	343
80	177	344	467	867	889	90	417	404	263	920	744	553	485	651	529	241	859	785	533
78	316	686	918	167	258	910	716	136	710	942	834	346	144	306	591	425	160	263	605
246	464	4	46	656	613	642	521	598	231	247	176	724	462	882	825	574	6	262	662
783	452	38	43	70	742	757	730	897	804	87	762	49	235	144	409	523	776	702	853
802	838	122	422	520	902	399	746	880	475	82	898	603	208	724	395	207	919	623	775
225	149	601	543	6	329	234	123	643	703	56	487	411	791	787	266	476	919	2	370
299	89	151	90	938	412	19	499	134	93	631	233	172	656	349	508	216	194	125	384
550	482	808	910	103	609	630	473	637	152	634	896	678	694	755	28	768	705	576	762
914	424	79	663	143	626	491	809	540	737	368	85	793	385	608	395	159	56	258	592
192	773	582	518	441	596	365	20	29	50	205	180	841	327	557	830	301	198	328	387
801	478	519	163	862	336	445	56	10	390	205	342	385	381	677	266	778	467	373	473
682	888	831	254	495	2	389	359	583	747	784	496	436	760	446	452	201	490	97	468
824	369	839	29	250	162	5	725	111	943	417	757	401	307	509	318	653	287	603	326
773	571	150	130	808	270	611	863	756	144	669	713	16	96	302	600	934	585	501	416
511	372	42	866	322	736	706	883	29	174	864	734	491	166	170	597	116	660	679	462
299	673	221	431	422	817	394	460	286	39	407	54	911	868	563	888	518	896	583	277
811	494	650	849	19	98	656	574	348	599	607	588	212	460	600	713	272	507	628	577
513	483	515	111	43	889	63	877	436	186	582	176	860	739	730	783	114	858	344	249
764	487	562	836	379	347	289	898	512	91	432	804	546	827	56	574	323	85	264	291
277	94	41	399	125	623	655	509	27	323	917	530	673	384	422	284	190	56	140	608
563	383	584	113	351	64	511	754	856	516	932	553	821	802	501	902	120	1	18	600
941	275	408	375	437	271	410	812	135	144	442	511	147	125	253	55	828	448	640	849
918	377	260	799	473	730	936	368	811	894	304	502	286	38	326	821	833	830	549	234
555	665	324	446	104	603	53	126	250	940	293	520	765	898	807	586	9	495	830	567
192	168	794	730	611	120	196	698	45	855	348	343	97	579	771	451	18	275	613	178
24	518	371	723	411	530	261	637	333	930	57	247	758	414	105	328	763	520	51	397
907	581	156	714	307	633	328	521	115	802	11	444	659	923	274	478	263	211	873	215
352	554	841	564	392	886	728	750	158	881	774	325	797	837	240	415	594	710	917	559
378	669	115	926	144	86	834	870	878	531	788	578	314	933	440	704	228	301	364	675
539	872	10	433	712	96	55	909	320	370	521	608	16	374	580	810	769	409	72	792
133	654	196	108	146	793	800	2	737	466	879	234	914	866	157	287	828	529	455	235
671	55	96	893	508	327	600	18	192	924	901	190	288	675	265	162	728	925	498	651
935	190	859	836	346	493	942	841	339	19	340	367	618	524	399	514	165	468	461	900
126	54	860	429	756	630	293	662	516	618	794	314	632	52	793	789	557	390	289	856
382	738	635	233	829	648	832	546	806	205	162	881	932	50	43	630	235	77	520	688
265	759	559	719	664	457	625	31	210	198	471	305	866	165	681	804	318	443	173	421
110	608	751	146	188	719	860	858	627	402	926	880	182	212	813	4	779	343	138	516
259	920	376	832	369	20	307	381	341	220	214	102	760	284	279	28	817	411	931	21
290	662	936	61	920	326	647	487	148	38	333	386	343	280	115	865	445	309	470	771
690	862	681	442	630	553	815	907	701	465	222	448	91	133	817	67	96	902	308	430
167	827	582	901	120	781	403	622	180	102	61	669	82	813	625	184	307	3	896	423
594	434	253	395	192	230	71	6	214	238	219	588	899	324	890	932	279	136	448	771
303	434	533	771	653	148	567	280	45	594	168	684	415	892	569	858	547	174	111	742
648	743	419	144	800	2	50	307	724	667	566	940	226	378	799	568	887	661	835	394
934	407	820	604	569	26	317	850	551	181	417	246	190	894	878	786	757	854	54	534
154	903	862	431	857	183	583	550	901	320	184	827	211	253	710	85	170	374	545	423
932	756	52	799	140	365	560	403	301	821	495	239	110	167	247	604	71	697	850	910
354	759	64	333	601	774	537	557	558	256	884	856	920	890	355	409	830	727	321	408
248	750	282	869	334	698	16	153	244	348	477	138	504	781	938	521	733	64	57	738
347	913	610	592	915	867	307	578	341	504	406	925	368	722	806	680	356	386	228	241
178	26	696	68	880	359	460	600	798	361	189	663	370	942	115	36	225	782	451	159
800	55	496	427	808	684	150	391	142	830	562	53	7	1	845	326	405	731	90	707
583	305	93	137	133	282	589	649	893	168	494	274	632	238	485	782	325	323	15	492
407	238	145	839	925	890	231	906	334	605	853	76	518	267	899	501	777	285	902	640
719	529	267	10	22	341	730	473	183	525	319	862	369	941	622	77	796	437	927	162
116	815	535	855	373	396	426	608	633	110	767	214	181	715	754	338	229	172	80	867
943	429	405	156	696	773	6	668	499	263	290	237	898	726	719	760	454	73	676	377
901	617	13	221	281	448	43	877	795	791	237	78	6	870	406	929	360	146	902	700
892	245	82	843	869	626	242	154	90	334	922	479	857	465	675	289	251	269	529	666
809	110	799	349	786	876	795	347	902	416	866	617	196	453	613	46	743	108	819	159
582	31	923	296	225	695	83	526	397	50	444	530	289	202	35	283	590	119	643	881
359	541	846	935	480	647	734	330	309	751	580	653	220	594	609	794	460	190	877	499
321	166	477	466	188	305	220	930	866	739	924	241	403	697	65	642	638	561	609	907
496	909	2	339	184	770	471	675	727	98	801	813	316	388	315	922	870	814	275	405
46	419	449	532	659	177	215	358	255	751	336	469	192	492	38	331	290	907	884	504
832	476	609	898	355	445	131	30	206	174	495	425	580	525	256	472	912	475	280	769
697	253	741	696	448	610	423	701	311	4	282	802	883	548	684	760	495	658	301	304
167	830	622	120	253	494	617	734	397	339	125	614	499	97	3	756	391	890	564	21
871	208	656	786	385	430	252	417	941	691	441	587	758	510	389	751	919	667	161	302
338	45	197	575	814	240	127	453	437	569	754	400	832	396	394	586	176	430	919	613
104	5	522	454	490	738	501	250	753	586	742	138	438	688	458	379	636	361	266	528
851	358	759	36	454	755	934	370	346	684	69	293	210	161	626	329	78	904	279	4
786	338	647	838	461	635	242	348	682	238	368	714	528	33	26	250	546	201	502	54
717	569	143	266	685	735	348	926	507	495	870	310	243	422	2	928	466	75	932	845
557	40	377	821	227	279	441	351	229	506	244	720	47	661	84	744	513	36	489	841
779	667	549	135	452	236	698	277	740	269	130	761	870	572	606	350	884	75	44	744
781	504	23	415	671	205	200	588	368	614	36	458	257	700	914	8	714	296	434	442
405	525	929	292	673	431	381	793	338	790	772	549	228	396	704	706	474	421	483	101
162	398	870	303	154	416	703	434	564	397	686	158	404	699	859	65	531	147	782	384
63	12	571	681	633	626	194	935	716	18	87	759	828	2	494	527	535	132	368	15
897	197	28	845	287	77	567	652	785	81	660	833	828	744	631	713	600	316	454	198
589	54	531	219	380	547	519	56	817	300	598	83	402	323	145	176	627	910	500	79
878	309	752	323	189	174	443	159	890	829	668	792	304	677	751	767	687	910	214	761
338	178	816	869	830	424	439	120	138	60	504	877	675	204	673	109	42	313	129	615
289	849	363	883	8	899	333	852	367	126	689	898	587	55	380	95	197	390	356	810
281	573	383	157	505	547	619	677	856	472	510	155	492	574	425	905	72	110	597	342
241	610	277	71	237	86	450	328	389	289	279	144	738	710	110	249	512	227	359	734
359	807	624	323	66	675	636	563	117	123	715	487	327	915	703	265	526	914	652	149
915	665	520	571	84	808	813	318	833	59	522	50	113	169	98	294	240	729	859	120
347	295	91	140	468	532	17	459	139	708	681	502	40	13	220	533	802	406	460	867
609	69	113	231	242	578	505	512	271	480	654	329	929	111	426	150	498	880	305	30
153	481	8	437	450	88	864	246	748	112	348	198	42	584	131	426	425	558	828	844
737	528	420	575	507	510	456	415	145	254	272	270	781	690	394	319	189	6	457	229
461	651	814	840	108	283	150	194	496	340	766	759	212	304	655	361	335	69	504	391
815	428	90	856	650	179	157	110	499	574	846	651	689	716	189	76	929	235	590	690
723	154	92	932	313	512	52	765	910	586	679	273	595	264	560	455	280	353	7	704
666	917	537	374	566	610	435	665	808	180	773	668	587	255	165	191	601	335	190	365
446	363	385	531	306	158	869	140	79	763	761	839	134	896	341	220	870	697	834	378
929	462	326	260	140	584	560	354	562	788	410	536	404	861	89	70	633	460	406	547
933	384	425	685	668	860	881	104	39	222	457	76	430	574	512	73	627	765	625	353
291	690	21	905	425	317	215	722	687	165	745	840	796	476	354	115	132	572	74	310
332	386	490	841	598	198	935	524	261	337	475	279	529	251	13	782	645	56	581	104
259	598	267	90	369	81	854	312	302	532	815	447	813	818	877	93	331	841	786	103
24	561	461	30	697	248	493	445	600	920	701	573	623	736	813	633	25	166	4	870
423	787	98	707	166	734	922	580	252	343	13	133	925	668	806	817	131	816	203	114
143	750	403	547	883	501	942	666	637	200	654	62	411	715	352	783	588	43	78	274
848	762	333	676	740	401	580	295	349	128	727	150	360	593	249	481	350	588	408	100
669	872	496	168	449	556	312	392	752	782	162	750	673	470	139	71	771	743	330	323
131	289	557	449	485	506	182	613	748	621	2	674	228	238	525	82	822	41	399	778
567	508	292	261	114	71	915	843	532	806	343	434	116	306	536	470	747	113	764	229
306	273	726	912	913	743	329	797	935	512	210	222	503	507	244	3	115	375	28	108
793	588	786	204	852	834	676	941	803	878	126	723	712	23	414	435	26	846	451	498
654	509	918	535	153	490	293	258	340	707	174	376	848	1	325	415	237	903	302	680
850	435	281	391	679	937	332	764	891	340	330	99	209	440	275	802	509	94	501	581
251	823	637	144	521	923	209	334	232	364	670	760	838	402	71	284	93	97	901	825
599	609	826	483	535	666	563	936	674	510	611	847	190	700	328	771	191	671	522	144
924	245	747	448	927	820	709	819	33	531	938	675	152	517	529	428	458	809	164	262
625	290	836	521	495	534	807	214	500	115	406	544	21	450	890	441	136	750	143	506
867	914	650	763	760	275	920	772	325	196	202	289	43	505	478	813	184	338	337	220
275	482	492	512	330	673	469	442	490	593	533	428	88	97	168	939	850	255	207	907
906	787	941	551	90	374	939	775	604	888	87	474	828	659	832	584	5	131	851	453
98	299	426	488	28	806	31	55	729	168	523	679	707	851	116	566	526	107	706	850
929	749	487	758	492	797	272	262	859	44	876	661	778	877	460	384	692	645	81	913
887	510	156	250	8	339	144	468	483	890	45	423	42	931	125	86	734	187	207	829
219	745	116	821	341	582	675	242	568	327	214	883	54	158	880	87	754	452	897	937
889	121	614	187	350	312	441	531	497	665	209	438	661	666	32	133	149	29	652	643
335	220	153	910	533	89	75	761	504	693	853	917	191	928	923	810	465	636	385	223
644	356	243	636	24	838	391	303	815	276	481	673	560	304	488	187	435	461	370	678
179	916	798	194	513	776	277	802	477	707	716	224	781	348	135	26	733	548	940	939
666	907	836	109	593	337	741	887	155	438	595	409	467	302	717	488	738	321	184	251
875	435	87	889	236	336	99	591	822	474	705	35	502	1	505	704	189	930	928	266
914	795	186	601	393	793	323	882	761	52	170	682	102	162	385	868	246	569	839	454
851	756	621	49	835	340	556	205	723	188	118	884	896	624	794	509	648	411	77	820
796	241	731	397	60	403	852	502	443	576	901	495	426	390	873	906	438	583	932	503
379	156	147	501	539	370	763	934	244	390	556	489	496	223	709	447	629	737	628	503
669	550	66	160	564	210	510	883	110	566	571	523	189	877	157	10	501	776	590	930
160	502	707	393	93	576	281	434	404	312	28	635	18	661	307	759	292	775	897	181
643	87	80	383	915	679	56	280	356	808	556	380	712	250	698	336	395	570	37	544
855	782	764	128	282	533	897	143	767	126	324	441	896	742	158	79	438	149	339	266
538	532	383	646	51	358	485	385	769	35	545	96	176	313	841	160	477	691	634	924
565	430	171	777	34	534	909	13	213	786	845	566	215	789	405	382	421	551	167	841
389	338	890	255	83	577	112	147	573	501	831	1	891	878	872	334	581	249	666	148
708	441	252	76	120	582	548	470	39	739	597	870	431	900	32	248	793	676	228	636
260	599	69	888	542	292	899	557	845	798	115	415	85	323	295	928	374	7	732	717
120	268	720	907	423	291	771	637	464	819	159	334	433	121	573	91	68	305	612	228
28	574	908	207	397	719	168	487	430	275	336	589	473	412	298	241	4	212	765	858
87	238	44	681	113	361	573	659	532	909	787	40	431	63	490	429	597	508	722	940
779	700	328	645	233	20	207	131	654	295	916	853	810	170	203	592	915	126	143	920
626	713	200	813	182	456	615	217	453	688	724	178	304	90	120	637	672	595	94	351
301	897	634	903	707	454	167	739	308	669	240	657	415	121	745	81	70	405	508	635
763	601	107	609	53	336	456	798	224	515	559	707	240	453	97	337	784	360	738	321
283	542	745	779	61	467	136	460	25	642	761	336	846	93	267	677	389	224	764	328
539	352	328	638	255	156	900	232	350	669	885	782	419	830	195	263	707	383	83	527
828	155	790	653	737	642	46	691	336	184	403	607	145	786	57	179	269	93	529	391
552	127	481	644	46	742	706	673	297	344	32	71	467	443	700	454	930	38	73	221
441	678	276	891	895	106	331	273	924	491	661	9	902	833	534	406	369	47	328	879
466	725	156	919	813	856	467	482	779	568	412	661	295	192	81	884	606	394	688	393
344	569	616	486	213	465	435	584	395	349	648	197	756	842	551	726	391	680	265	374
518	461	740	134	841	788	663	41	397	110	617	634	36	503	847	887	199	581	177	222
914	791	534	736	560	383	347	91	131	465	680	83	447	938	678	516	812	110	703	771
470	627	319	672	928	698	565	796	801	498	58	487	616	201	465	558	239	216	177	493
868	736	516	812	905	686	872	826	602	856	333	650	524	358	364	211	82	108	695	309
565	243	3	37	604	622	924	715	365	791	818	354	907	397	823	894	410	595	7	197
400	788	937	100	306	293	834	191	547	378	223	60	662	222	213	536	12	559	874	11
656	714	14	623	96	293	565	608	723	849	115	150	112	458	362	844	543	191	10	848
454	597	746	694	101	772	692	92	184	857	810	760	439	42	893	366	422	233	280	836
831	560	729	81	867	382	127	513	933	649	440	823	908	439	862	23	481	600	576	881
396	701	128	902	900	286	582	828	868	826	216	388	166	703	69	45	577	792	50	774
487	227	272	155	254	51	290	589	41	604	459	824	634	509	792	628	606	535	127	184
184	234	681	896	887	778	524	583	123	415	389	455	472	933	340	764	314	831	891	228
794	205	463	521	561	934	825	695	34	865	839	642	183	548	452	922	563	69	940	596
752	257	523	902	176	304	121	26	248	4	551	445	122	564	816	167	160	462	201	185
610	222	819	630	90	443	895	396	40	605	63	143	645	782	415	332	395	859	512	793
267	722	924	238	349	507	184	640	456	685	395	159	635	210	550	935	773	467	282	473
708	35	735	158	845	67	588	285	414	20	362	757	258	8	218	402	102	910	931	211
455	831	191	67	65	214	62	670	942	638	345	835	497	689	105	641	539	665	579	639
376	198	125	105	184	865	145	172	935	343	876	587	284	849	755	544	659	231	829	535
662	355	546	582	403	632	398	445	219	337	340	413	647	540	780	810	455	353	231	153
78	560	118	88	491	322	932	430	65	350	352	319	925	189	401	449	105	31	850	862
660	202	137	814	321	925	841	22	76	820	401	103	345	349	52	346	324	567	357	179
75	215	739	81	363	888	360	429	383	119	546	344	844	176	869	543	202	421	136	276
230	739	536	281	835	789	860	672	816	358	805	28	664	48	852	778	1	512	555	299
56	356	708	691	233	181	455	816	501	189	15	927	650	572	578	207	338	232	341	235
943	301	415	32	451	382	934	626	243	87	156	858	271	816	643	682	796	147	379	599
236	917	403	600	519	924	559	368	521	113	209	843	485	437	20	934	623	758	415	72
146	743	746	476	631	50	545	752	409	254	234	840	656	196	350	94	546	382	839	587
594	320	431	917	280	435	849	288	745	6	600	236	861	18	650	716	213	246	759	728
584	309	124	347	536	515	385	870	48	732	90	59	105	184	210	88	791	653	23	546
837	551	311	264	177	136	687	394	748	660	890	361	823	901	355	578	838	240	235	851
251	569	49	937	386	323	95	63	338	184	494	801	132	11	708	562	385	616	602	364
85	257	771	875	265	611	201	784	136	92	54	9	428	861	294	292	699	637	213	633
456	674	405	273	36	254	505	346	838	860	332	641	739	286	279	272	399	760	461	277
179	758	207	646	127	634	321	51	495	584	47	728	46	396	217	754	716	587	745	121
261	824	357	320	444	396	607	806	531	119	845	812	69	868	151	355	224	872	252	528
530	630	341	375	390	399	844	421	273	671	353	547	287	783	91	657	329	670	700	791
469	749	156	544	642	615	604	304	925	882	133	765	149	380	666	631	193	139	733	480
771	395	699	146	587	196	883	391	203	342	187	396	813	697	912	763	360	108	459	272
610	157	117	24	196	240	782	110	46	56	278	816	156	69	770	257	86	638	282	241
509	124	893	363	661	602	895	564	270	595	229	428	652	479	152	419	717	723	83	913
753	612	842	232	523	545	216	635	657	943	721	141	556	567	805	789	673	149	581	289
305	204	795	476	665	455	3	444	357	583	822	88	525	577	137	26	629	18	442	779
436	769	499	572	713	503	375	782	622	617	802	376	712	189	294	904	513	488	48	221
202	224	271	107	385	843	414	424	226	6	518	227	178	736	289	883	78	528	765	785
94	721	335	411	598	851	805	67	417	888	622	432	313	424	910	407	423	34	139	772
558	574	158	121	332	53	319	525	228	401	916	599	529	755	530	95	186	665	282	458
540	574	639	75	902	706	125	660	409	113	356	647	503	822	787	145	229	147	246	62
485	54	894	263	670	357	282	443	118	286	708	918	937	267	72	71	78	5	276	60
415	529	633	881	758	111	426	839	361	890	397	518	128	538	262	133	411	382	602	791
85	732	805	881	915	83	817	176	414	717	855	139	461	16	88	673	112	275	61	39
672	902	55	78	894	866	503	168	419	423	372	783	539	494	519	257	8	453	598	744
309	219	329	365	602	775	774	198	734	260	858	291	671	168	95	738	41	281	521	772
449	860	788	862	313	614	214	284	564	876	731	67	232	516	380	264	193	268	481	899
751	867	548	843	646	445	232	777	801	789	414	535	736	182	637	578	315	741	239	155
108	940	859	554	495	898	663	673	563	658	816	916	804	452	359	366	570	748	610	180
793	71	708	897	73	613	456	278	1	231	820	157	803	25	150	321	674	485	342	929
146	724	914	439	390	41	723	17	136	519	278	399	692	611	720	533	9	753	575	880
47	429	440	505	304	482	673	426	721	562	568	95	679	768	627	225	52	538	862	427
345	630	801	243	693	706	306	203	320	205	923	378	262	180	510	862	532	617	803	737
427	681	881	917	121	33	331	815	548	204	324	88	378	405	657	162	304	30	166	163
930	668	813	522	51	161	274	40	400	159	86	222	456	20	467	548	501	537	399	131
561	750	41	21	305	471	587	742	352	932	591	264	492	267	710	237	143	585	245	367
58	711	399	880	61	629	313	762	776	741	583	4	269	333	804	110	447	184	64	755
937	804	764	98	298	420	676	29	175	106	840	391	779	202	118	508	26	428	932	774
15	636	671	274	709	240	157	184	569	553	875	726	558	522	778	7	800	11	884	903
51	628	501	417	267	644	372	19	502	825	196	349	292	782	230	336	546	941	82	340
287	577	886	931	358	710	236	784	34	453	723	154	591	201	673	845	401	608	387	424
81	19	636	942	264	722	491	204	347	288	547	729	146	105	922	409	905	91	477	3
704	791	165	27	540	384	305	621	618	221	18	374	23	505	320	52	127	480	893	654
178	437	941	557	594	854	463	574	601	540	636	779	98	153	721	723	375	626	554	7
189	437	175	488	508	417	902	228	414	831	454	423	450	23	918	36	427	800	777	407
362	437	647	752	106	86	289	87	602	926	556	339	442	582	46	173	237	904	797	863
113	167	564	119	234	357	936	872	620	744	367	3	639	481	173	203	255	676	692	429
136	758	611	89	321	851	31	664	337	659	441	112	155	940	80	599	703	479	255	676
247	939	509	278	817	702	503	441	75	859	65	89	595	478	391	747	600	144	526	370
789	666	830	213	184	253	243	221	271	507	410	647	929	921	340	813	349	809	546	590
719	529	911	42	290	373	209	568	197	404	430	718	633	756	749	264	930	248	531	379
510	701	479	332	207	12	414	771	721	569	134	570	819	196	674	213	226	369	613	444
155	120	178	573	547	727	749	247	194	312	753	108	645	596	321	167	99	169	486	509
548	628	208	662	473	362	910	58	877	734	836	54	308	513	343	779	722	855	844	785
364	114	801	59	190	51	924	648	669	211	563	165	204	115	276	498	357	43	316	28
80	372	296	249	919	743	440	285	685	120	1	721	521	426	813	793	550	409	118	348
421	642	745	940	530	802	580	38	668	155	290	778	860	101	903	536	338	337	188	788
689	45	335	109	352	108	521	569	47	806	683	427	313	277	651	724	545	678	364	630
88	374	318	113	37	184	371	54	702	625	178	358	431	542	720	231	441	289	75	799
828	672	608	76	842	422	255	365	10	540	400	18	840	635	605	681	110	632	158	690
50	380	569	344	323	672	172	684	823	599	265	253	641	375	929	158	151	919	779	337
140	249	26	237	797	43	227	134	745	668	791	458	585	23	223	128	233	868	818	159
489	407	326	293	695	501	744	433	783	931	73	548	386	700	844	437	685	226	471	444
775	282	841	477	432	133	868	815	823	554	519	494	898	803	706	460	517	365	840	331
816	943	557	789	456	366	526	259	649	864	520	225	104	536	425	244	723	921	818	239
789	436	95	290	899	305	816	47	304	352	695	648	712	171	238	791	701	243	628	454
761	330	696	862	927	493	721	445	21	583	783	841	232	302	600	566	198	433	314	384
276	263	745	736	798	99	871	557	567	167	228	910	291	525	676	384	425	362	183	11
497	828	310	611	715	695	805	28	347	73	178	775	602	625	713	791	666	97	614	874
46	928	790	166	714	159	331	250	931	447	867	268	57	761	498	306	808	756	442	843
650	109	114	353	288	608	503	593	446	889	550	723	45	94	585	154	476	252	134	810
776	416	538	487	590	834	323	404	911	746	424	499	244	919	393	569	123	899	347	169
361	470	716	43	199	526	568	131	708	594	158	566	686	771	428	886	312	426	431	411
736	918	131	230	823	407	656	95	676	642	81	512	790	349	570	6	76	557	478	580
518	827	805	107	92	858	132	365	498	22	645	934	84	367	723	579	572	455	195	942
401	801	169	111	554	548	292	551	573	255	191	675	325	118	519	399	396	723	917	818
169	501	250	924	128	508	440	754	821	669	113	864	758	914	711	447	124	390	58	253
285	67	653	100	79	272	791	359	429	677	130	722	441	907	838	633	106	760	418	371
751	597	625	559	714	544	789	109	934	727	307	12	586	820	529	91	926	702	375	801
372	558	887	809	826	713	566	776	289	128	378	541	246	326	921	353	562	120	814	576
603	550	212	54	752	662	334	490	339	256	809	1	874	537	661	614	237	265	512	665
177	265	529	702	667	66	519	328	286	108	384	226	482	622	430	516	564	18	147	836
155	540	644	663	170	254	445	549	312	676	111	724	920	705	197	684	171	430	351	222
534	68	164	874	122	427	195	898	536	766	225	318	21	316	112	374	197	611	424	811
599	936	819	185	907	254	672	543	329	668	874	279	499	117	720	84	33	80	795	76
769	800	114	740	391	778	544	7	433	514	799	854	717	427	593	856	620	927	341	484
784	595	268	468	521	943	520	238	35	882	217	752	939	271	220	670	861	851	736	216
520	831	521	151	39	34	741	120	805	646	868	762	162	452	698	881	436	779	448	456
310	171	463	772	69	843	669	43	115	670	905	426	321	650	840	471	59	724	322	188
592	862	165	720	205	494	824	322	845	712	418	395	225	224	218	893	689	514	686	21
370	129	316	99	163	235	483	385	438	482	677	212	669	95	80	470	374	676	908	897
295	627	389	282	499	96	61	899	11	849	236	13	445	205	588	723	251	586	196	608
318	180	854	153	436	696	235	897	129	110	607	743	649	196	571	915	932	400	562	601
304	761	254	210	536	772	4	161	922	20	861	503	411	323	850	316	771	393	456	585
547	127	18	932	631	469	208	268	513	829	531	47	13	297	698	100	368	173	158	670
446	284	186	571	574	663	254	272	262	876	645	615	346	834	563	400	618	72	498	116
563	197	10	52	811	313	558	923	577	336	81	808	882	643	937	118	343	902	592	356
218	584	240	810	580	708	369	692	294	314	588	799	49	610	492	268	707	163	922	553
723	563	281	865	587	262	521	488	588	572	329	154	716	174	866	117	505	860	266	408
881	242	408	265	701	801	776	108	791	598	884	283	823	427	824	179	886	868	130	546
789	290	867	569	542	645	770	95	194	482	311	217	354	784	320	806	578	468	769	863
723	490	100	447	903	227	299	267	326	923	904	895	758	522	533	233	838	164	334	680
248	590	487	453	217	587	120	65	144	714	536	21	241	201	517	752	622	508	141	687
518	198	636	74	585	845	739	776	773	311	12	262	49	597	620	804	615	768	470	828
464	202	145	508	596	211	22	615	683	336	69	650	419	190	923	389	28	103	594	111
836	15	425	5	145	14	470	906	44	519	115	485	733	300	706	476	146	728	693	646
229	100	635	18	433	525	180	530	296	529	898	819	332	334	645	291	20	434	543	408
802	719	146	820	680	206	555	761	631	462	577	238	827	689	110	496	7	191	845	563
525	815	417	293	524	875	321	733	663	16	217	103	569	519	147	324	60	735	895	856
783	127	142	132	605	571	469	588	710	916	84	580	611	194	871	386	181	788	233	720
937	742	107	728	621	278	284	915	212	930	4	629	91	925	78	45	182	881	169	139
619	910	916	114	862	159	433	803	760	468	225	378	206	369	296	623	436	19	84	323
489	761	13	331	885	279	842	487	39	533	105	346	594	162	554	384	874	129	239	203
255	630	625	468	820	37	778	242	451	78	103	573	330	70	892	681	422	397	227	519
536	560	216	911	421	211	206	839	884	313	662	637	806	39	407	279	687	582	832	725
441	149	910	45	737	766	758	337	925	63	124	49	268	34	577	937	645	230	214	823
653	373	881	215	65	734	203	626	188	863	677	642	141	658	822	384	340	695	307	785
2	583	684	268	499	868	282	192	46	453	606	218	780	277	821	343	683	910	66	515
509	38	142	527	511	468	603	927	594	510	369	8	482	472	687	646	694	632	189	505
141	328	197	650	588	395	696	693	509	606	26	249	665	423	480	641	109	428	41	551
93	734	78	860	718	415	938	652	594	266	65	570	711	469	885	471	873	598	918	233
671	706	365	76	661	262	138	446	481	196	881	176	705	110	837	175	82	245	827	367
650	742	580	142	761	428	236	931	288	857	935	50	109	453	624	918	922	911	585	555
180	678	111	78	773	214	792	101	934	830	599	603	832	801	841	758	34	192	377	633
560	218	329	153	266	76	464	25	108	119	902	638	104	180	858	897	730	714	917	357
932	42	66	613	324	789	933	942	546	55	469	348	59	929	155	537	281	211	5	171
303	348	195	609	353	630	685	408	52	706	71	492	457	668	366	471	253	791	59	109
468	750	576	73	493	545	619	613	282	665	467	228	869	87	280	392	314	728	163	667
337	179	379	336	628	385	9	193	560	943	453	303	914	400	413	842	579	602	701	68
819	105	284	637	258	822	360	117	86	307	6	922	165	820	251	772	868	448	334	908
274	853	882	658	739	442	759	910	387	683	909	556	398	251	785	801	147	847	424	696
616	415	193	857	452	116	520	571	304	855	265	943	267	268	558	414	824	209	921	186
789	48	710	854	464	623	336	483	629	551	773	219	424	403	183	108	156	337	940	82
571	356	599	569	84	406	812	640	706	733	573	743	904	623	139	305	36	580	208	564
42	922	185	764	591	814	174	659	153	122	243	942	849	656	68	297	747	320	595	877
235	672	47	854	447	692	780	203	48	275	344	821	554	407	115	655	897	518	60	575
431	639	248	511	213	175	192	426	72	930	723	628	865	129	443	560	94	468	667	649
8	50	265	53	549	241	633	350	304	609	884	752	700	786	570	749	537	140	205	745
916	290	66	173	543	787	363	75	595	79	723	230	333	472	816	257	725	795	887	268
611	311	408	293	895	583	753	636	926	41	703	929	170	351	467	822	414	905	153	706
892	93	760	2	332	363	364	705	665	236	452	228	503	608	133	906	368	326	815	917
253	570	475	769	448	85	176	388	584	628	740	72	366	651	107	39	387	250	910	138
17	449	395	620	642	633	491	717	489	404	803	684	366	227	130	871	72	131	584	75
119	823	236	332	486	247	469	51	908	565	498	306	395	155	36	655	411	827	32	704
425	26	246	706	905	83	438	714	416	935	164	786	799	605	682	881	901	943	243	593
738	159	298	933	239	698	40	466	910	224	73	785	427	268	164	329	721	905	384	487
459	681	204	498	642	212	69	772	810	53	218	436	473	773	514	614	62	683	163	220
36	711	164	639	608	422	709	623	31	332	928	30	361	276	666	799	512	290	173	292
461	17	595	710	503	299	576	325	412	899	603	185	775	226	157	553	572	647	620	800
599	817	102	2	66	388	101	143	876	20	97	65	19	34	353	617	413	499	623	866
625	360	365	650	191	484	508	434	653	13	724	57	581	479	752	543	943	61	203	79
47	466	823	557	893	279	77	784	357	832	593	467	858	257	75	103	822	884	384	635
812	138	476	477	894	132	375	485	873	688	154	797	500	869	272	73	614	155	490	665
760	258	188	446	813	58	506	289	684	220	421	519	449	198	236	62	92	844	168	291
811	338	874	148	86	89	184	472	726	753	778	388	47	531	438	220	411	348	929	729
118	87	354	632	113	671	283	633	701	576	856	840	130	29	786	827	360	782	415	574
802	37	222	161	366	23	142	911	288	836	597	325	688	136	600	689	34	623	508	247
594	550	4	57	529	104	907	687	404	510	478	708	782	681	508	175	666	570	184	790
901	766	910	868	417	9	197	610	312	554	715	74	41	588	578	890	247	703	473	768
499	685	917	800	300	33	673	163	798	181	649	59	50	629	934	465	132	546	729	349
416	175	43	267	675	340	731	790	626	770	435	720	502	249	139	76	345	87	192	180
644	83	608	397	177	329	66	230	938	472	493	711	53	810	346	250	82	807	848	570
497	575	420	901	326	791	176	291	340	923	915	812	175	510	144	815	767	595	261	332
529	736	377	611	388	110	581	541	508	735	120	9	446	834	478	859	589	437	474	745
813	772	187	4	752	193	267	801	453	355	438	701	663	909	480	521	103	840	261	165
96	596	81	364	879	690	483	125	652	779	230	579	827	787	240	655	721	338	31	197
334	447	883	272	91	329	40	824	705	518	624	831	37	521	924	93	632	535	857	305
262	108	742	498	748	556	393	275	825	39	279	565	639	885	477	346	481	27	665	269
669	278	12	245	182	840	911	336	649	397	116	33	574	868	609	48	229	296	40	396
405	197	12	892	132	558	698	476	876	107	203	196	741	174	287	37	41	459	724	537
266	806	263	435	634	932	291	844	355	737	772	16	57	612	411	283	384	425	836	933
575	66	230	588	261	669	897	41	129	785	499	1	774	574	405	687	637	726	883	286
905	102	896	408	120	803	543	843	67	725	276	446	337	279	450	682	208	149	461	930
318	447	870	279	921	843	112	49	97	890	124	697	243	723	362	225	538	133	881	436
15	634	289	17	140	99	931	148	718	533	200	692	403	858	40	496	842	529	333	273
752	543	597	50	502	937	217	612	201	337	564	483	283	769	184	852	18	145	587	402
359	840	567	399	888	238	603	310	95	108	889	531	135	401	727	267	652	691	562	730
592	524	390	888	308	630	143	492	215	328	845	465	10	552	443	615	609	613	136	341
145	63	793	306	758	367	75	512	872	188	677	783	92	420	749	59	415	314	239	901
111	654	777	76	489	3	455	613	803	556	844	102	213	23	756	615	926	260	815	349
444	475	131	350	481	690	441	634	142	31	844	337	873	39	457	557	554	57	404	490
201	869	830	63	906	381	520	339	318	415	428	728	272	721	141	639	715	64	726	312
146	532	741	5	864	927	740	65	688	352	401	12	343	260	552	746	402	514	311	830
318	658	262	246	86	69	673	214	42	747	39	438	381	581	225	593	513	858	173	18
450	283	790	486	649	419	187	216	109	316	20	538	915	68	607	921	711	185	652	472
661	428	29	782	590	115	313	204	224	547	549	250	430	326	833	240	881	566	181	459
113	515	34	40	631	654	628	575	937	779	899	52	251	496	366	920	12	505	410	828
196	88	478	503	701	318	564	142	347	129	531	724	430	42	563	417	59	756	754	73
306	749	871	640	908	776	214	471	506	232	712	854	189	676	703	431	824	923	230	449
369	309	363	111	805	54	468	828	88	541	462	112	186	523	89	624	880	765	925	258
422	200	739	942	569	471	597	248	718	824	217	112	921	318	182	441	798	467	611	683
70	341	801	699	796	862	442	728	729	828	817	569	385	76	279	11	500	467	80	520
910	555	790	130	800	139	34	519	496	879	168	684	129	830	851	400	560	778	316	349
75	937	602	108	379	909	93	21	471	221	155	11	293	761	215	635	175	810	455	481
890	411	880	613	691	295	22	857	155	242	780	610	556	323	50	486	782	520	73	239
936	770	386	202	112	707	660	36	586	339	621	747	569	583	370	692	330	744	762	355
561	933	632	29	649	98	702	489	42	537	647	355	577	229	51	574	455	827	755	816
677	419	859	814	578	199	647	270	863	868	503	943	445	720	541	20	232	183	310	724
416	605	260	117	250	863	52	379	170	461	178	8	213	853	846	265	669	482	322	161
603	926	204	664	406	421	216	236	500	467	471	700	189	275	726	640	146	844	9	46
535	332	758	277	749	206	769	56	434	14	126	536	782	440	143	572	188	72	436	550
936	94	551	370	17	421	298	640	794	437	344	95	719	371	536	188	293	459	43	548
680	666	785	928	860	553	633	556	200	468	79	172	208	316	238	41	426	388	85	724
102	473	60	868	765	591	570	517	338	454	216	589	35	930	246	147	920	464	829	936
520	443	8	827	781	190	274	754	605	402	92	17	529	620	229	192	296	359	389	844
335	905	325	128	241	414	487	75	94	309	906	441	68	371	591	266	357	522	195	239
858	715	123	95	493	900	131	823	19	450	790	867	435	809	779	433	173	177	628	235
636	451	648	779	861	341	82	311	875	491	358	543	110	732	819	443	301	593	579	201
609	857	883	772	924	106	245	589	942	367	522	476	907	330	412	761	739	513	303	383
477	839	97	586	350	651	29	30	520	758	463	186	390	826	201	22	695	625	510	146
243	847	427	895	684	689	527	770	543	854	315	341	223	531	710	529	387	480	23	547
568	698	191	499	441	764	307	29	633	864	289	352	661	896	287	401	48	831	756	140
120	687	839	490	474	892	217	664	760	762	277	564	634	566	871	438	303	754	682	674
204	718	10	599	546	109	142	393	216	454	707	117	876	281	586	62	602	608	341	901
531	360	161	615	787	313	501	926	649	364	162	857	434	132	886	661	622	177	371	46
41	137	246	860	348	439	297	184	885	851	388	52	140	614	386	285	893	357	304	373
527	89	899	906	282	859	762	802	820	851	391	939	470	74	127	153	746	810	109	385
701	37	108	293	212	420	567	610	279	775	327	709	6	694	713	441	23	400	472	372
753	801	787	123	824	545	46	122	16	341	802	440	611	45	937	669	295	278	595	35
230	55	884	887	421	830	51	526	692	482	296	102	602	300	494	428	265	155	329	140
642	868	155	815	613	575	929	309	931	259	688	60	420	692	477	905	273	686	189	683
904	607	337	319	121	357	99	568	910	458	585	549	456	336	868	179	200	446	205	580
11	327	714	524	566	485	324	128	434	389	723	52	301	242	701	288	515	179	399	836
176	380	788	901	671	550	581	173	16	490	457	379	524	25	103	18	862	506	250	389
608	185	112	551	653	184	733	191	196	883	123	903	665	852	895	623	28	898	927	857
575	369	882	370	135	619	515	520	672	875	347	757	48	87	395	538	753	105	95	186
750	197	754	471	488	244	920	305	875	805	234	810	292	96	633	57	859	89	928	134
595	769	230	144	633	847	275	455	343	497	191	178	525	413	395	239	640	235	785	202
922	833	906	383	568	858	782	407	17	455	310	233	491	464	729	701	603	637	940	335
246	80	642	358	733	736	373	101	3	658	930	862	445	870	802	269	25	401	416	309
291	921	352	568	689	624	692	133	141	419	680	231	476	191	469	91	541	859	934	406
419	193	177	98	771	136	922	791	116	594	586	768	689	810	666	492	72	750	826	603
731	183	728	174	460	756	59	797	732	707	82	509	255	545	673	382	164	608	156	473
414	189	341	904	112	867	323	83	740	469	71	550	619	617	791	842	566	920	531	135
659	861	657	490	297	655	182	787	735	186	405	618	524	85	82	584	395	519	699	804
223	869	216	884	431	289	579	757	382	661	438	559	240	940	561	133	585	113	640	324
377	288	906	746	660	639	455	409	827	669	842	40	617	31	326	111	881	558	862	225
859	75	251	895	30	158	195	152	630	521	579	103	928	506	575	164	794	708	97	694
243	852	84	263	353	261	57	426	794	248	795	399	658	681	4	462	589	827	714	554
273	776	607	495	342	420	66	365	858	6	47	412	635	105	391	294	418	484	421	772
928	607	237	94	112	799	353	889	120	942	130	658	393	244	528	510	737	540	171	845
92	44	520	730	461	153	117	391	431	867	566	315	352	765	526	36	755	430	466	424
751	94	455	121	12	81	6	822	456	256	293	142	895	421	593	93	338	882	886	43
332	648	267	560	373	137	300	582	693	740	76	98	384	456	406	274	388	509	686	868
388	329	482	570	512	331	697	750	839	143	760	161	85	579	486	86	132	41	309	173
10	864	409	74	691	461	85	775	887	152	291	132	734	901	750	712	686	594	843	682
313	85	504	548	573	624	823	509	198	267	653	662	5	748	747	933	68	97	787	73
206	845	7	305	716	830	153	372	168	812	703	715	560	846	544	844	896	477	324	495
186	833	351	870	769	478	825	411	22	192	723	800	322	860	783	594	810	47	405	527
609	922	611	135	732	509	416	44	188	799	831	270	554	228	123	585	792	82	375	839
42	10	906	776	520	740	793	523	403	446	17	352	391	206	95	239	818	3	930	656
578	194	814	931	854	637	426	378	509	519	60	502	38	687	212	322	104	192	700	371
597	896	777	140	907	690	137	698	536	565	144	116	676	494	37	365	799	817	199	935
194	883	785	787	577	217	16	507	370	771	731	813	432	522	721	553	69	936	621	696
176	224	625	924	338	537	418	265	128	918	417	906	175	737	865	64	863	461	897	760
53	862	230	785	108	617	819	219	469	270	25	843	73	763	436	367	12	557	516	370
736	858	128	254	578	193	660	560	622	156	473	914	123	467	904	49	271	431	683	372
578	226	43	390	628	191	146	651	665	5	913	934	527	621	834	854	850	190	409	634
56	878	279	67	20	370	6	80	46	557	802	706	375	362	105	100	536	352	777	608
689	710	882	773	363	644	807	660	932	479	911	928	658	186	485	253	502	635	458	56
494	432	426	654	8	246	937	210	941	708	468	776	880	465	695	142	19	429	322	891
801	101	331	202	154	716	489	838	122	777	720	291	199	131	344	511	352	73	845	460
256	900	622	929	640	334	418	564	152	437	377	275	874	472	829	348	789	942	114	282
513	402	90	362	97	141	127	775	552	84	75	867	287	595	8	150	296	28	821	841
482	320	876	74	520	543	308	824	939	884	166	605	759	269	907	480	525	426	156	431
900	915	375	305	497	344	320	252	7	463	406	517	67	350	251	827	139	788	359	491
53	731	249	787	71	444	554	625	789	140	765	573	595	79	501	366	409	613	846	69
242	118	871	509	782	380	844	499	115	690	874	422	367	599	469	295	450	92	292	146
48	190	378	84	929	435	286	323	795	365	124	563	238	934	73	173	63	862	659	648
75	784	779	609	54	846	307	376	787	247	485	155	925	709	771	404	179	564	696	113
45	221	326	257	732	555	269	826	607	276	721	139	185	663	266	432	515	784	909	372
294	597	381	289	871	502	943	382	127	613	373	210	678	483	722	6	193	214	846	173
242	101	579	711	479	518	319	669	566	508	530	506	377	313	528	13	277	122	583	648
7	64	306	303	903	374	523	669	352	857	489	90	293	193	185	836	74	420	460	339
74	214	785	250	711	740	397	890	524	734	99	842	203	101	358	114	827	109	439	41
903	215	630	258	149	158	343	710	879	330	415	249	303	458	760	92	78	22	578	129
23	817	47	798	145	675	244	80	38	166	316	174	371	9	248	664	110	413	484	338
259	468	807	558	743	120	839	844	260	72	756	412	449	887	130	799	2	762	818	427
637	160	811	678	355	858	941	704	46	164	928	575	393	715	906	629	683	10	586	461
554	796	463	616	886	210	275	637	798	512	564	433	327	114	604	857	56	86	150	50
907	465	95	446	929	265	900	472	868	381	627	397	677	143	847	49	587	203	839	17
879	43	56	650	305	686	376	433	331	852	451	173	447	63	721	236	207	774	476	515
492	431	295	660	574	276	718	715	273	892	771	390	173	385	681	790	359	485	711	455
42	399	464	487	751	840	81	417	608	843	71	724	46	468	927	295	834	618	879	308
570	805	519	113	905	919	734	265	314	651	224	513	646	409	817	203	866	717	827	12
563	682	479	345	900	83	86	558	874	762	655	644	46	609	768	714	247	557	28	286
144	783	371	290	807	29	195	413	551	86	571	540	293	151	538	503	507	487	57	890
445	754	322	498	295	345	860	788	846	189	812	929	85	28	194	439	610	602	607	248
177	617	546	935	548	82	184	132	280	282	753	711	314	583	764	562	264	122	46	366
391	742	447	618	505	175	467	362	564	423	365	575	610	744	609	48	6	380	592	107
439	867	113	154	808	114	168	400	53	126	886	224	595	739	764	896	847	422	755	840
114	547	137	559	833	815	81	584	396	583	215	808	324	788	532	614	273	683	505	35
546	420	3	52	661	172	360	202	757	464	244	706	713	241	826	319	136	15	705	722
77	535	354	624	491	854	522	925	373	397	402	635	516	916	418	798	481	471	357	609
883	564	104	77	547	742	274	475	445	27	278	705	724	909	311	127	226	155	535	893
187	599	57	471	157	273	147	60	853	673	178	444	303	62	512	90	838	173	245	511
244	389	581	684	726	317	110	342	393	376	666	183	62	40	882	276	137	815	542	224
827	2	359	414	555	492	848	77	730	243	83	381	519	225	17	143	430	605	429	684
709	38	255	310	826	653	297	519	787	912	335	475	91	401	36	600	268	654	250	487
68	101	544	708	667	723	327	617	543	802	372	162	138	604	741	734	410	495	8	114
284	571	673	265	404	332	452	76	313	101	228	569	845	724	527	395	757	268	184	393
63	175	200	267	801	743	507	163	20	467	866	620	586	487	72	936	694	505	813	644
881	562	253	633	309	911	146	659	515	818	686	170	837	838	486	193	654	299	145	847
124	695	896	454	574	705	719	505	888	265	862	208	134	177	279	584	547	338	27	145
374	39	787	610	779	434	529	686	880	408	33	270	720	802	470	863	904	282	933	216
242	749	260	124	802	30	339	934	57	84	295	737	445	141	32	201	108	553	311	320
149	806	215	432	551	591	628	526	571	359	388	654	483	207	336	125	823	489	886	553
115	423	418	258	134	191	863	55	263	297	251	572	943	452	259	235	165	4	355	927
97	492	271	60	285	804	278	138	543	525	242	702	364	315	406	642	178	362	650	128
393	65	245	818	476	217	106	918	780	892	419	797	301	824	448	70	68	817	35	552
98	582	79	687	532	761	734	43	415	490	653	70	596	68	293	26	340	693	629	446
484	692	799	624	924	129	719	837	667	841	673	865	7	443	764	36	326	342	935	4
727	541	476	439	499	109	763	63	334	72	716	932	114	485	902	535	382	195	833	397
391	606	699	258	236	750	228	680	927	938	33	370	460	739	842	377	499	536	251	807
292	789	681	729	95	148	78	44	214	418	594	191	884	77	833	67	205	513	359	653
490	859	366	563	353	73	521	190	493	330	489	531	347	910	139	753	254	700	445	41
163	38	671	108	150	212	164	384	816	805	704	331	631	691	818	722	808	109	292	930
21	79	178	548	347	607	36	493	732	926	426	2	734	291	211	923	63	31	4	234
596	219	240	791	836	769	865	152	638	514	597	750	566	143	719	817	58	131	462	255
431	316	798	65	558	137	280	771	866	826	697	874	259	117	52	864	130	920	58	710
670	204	679	109	113	829	150	324	742	520	216	673	480	645	283	139	83	28	784	633
755	824	2	330	397	828	706	336	725	710	254	9	739	784	752	656	59	654	113	550
403	42	657	717	758	905	196	188	836	223	748	333	441	757	654	187	886	11	529	43
262	633	396	907	250	232	17	588	451	440	875	388	391	338	225	862	191	736	669	180
791	28	23	521	145	352	735	722	881	472	715	582	268	449	379	296	425	924	54	498
864	772	601	800	841	439	638	692	57	662	508	834	217	26	157	454	799	832	3	25
371	311	596	180	278	730	922	496	803	241	495	95	395	135	372	787	94	656	530	604
760	292	111	91	877	537	788	566	356	841	427	570	854	717	592	186	703	10	736	659
555	416	4	696	336	717	603	649	672	714	162	785	417	181	36	820	915	878	671	47
450	197	865	73	868	715	684	394	610	497	384	606	662	821	591	146	134	797	395	677
463	477	488	899	829	873	680	637	827	855	427	375	106	174	675	142	38	842	719	500
336	632	338	153	30	848	621	221	12	529	60	714	546	909	752	434	564	386	505	553
537	691	555	932	225	942	758	837	476	216	801	111	410	74	683	914	293	560	333	507
634	540	435	740	693	68	220	633	19	616	308	905	661	721	513	674	579	327	885	903
259	1	240	569	757	629	742	40	45	52	850	230	508	356	729	298	408	282	668	500
501	42	411	101	201	194	866	858	256	220	802	49	785	199	875	498	859	773	163	867
618	542	614	498	167	344	560	846	761	66	815	477	70	913	109	471	758	507	107	813
31	183	462	329	476	281	658	544	716	739	746	343	49	226	354	19	588	106	683	9
835	214	819	454	285	193	507	614	391	278	353	494	702	479	929	4	215	314	432	463
848	82	509	478	172	492	300	90	489	809	667	515	886	203	567	724	586	745	468	766
87	288	289	453	24	293	221	706	360	626	804	244	785	775	54	684	332	831	927	666
549	880	719	241	643	847	75	20	29	814	181	887	614	832	264	340	665	869	317	100
766	471	393	238	352	565	353	615	878	763	51	612	291	463	475	468	622	375	825	226
874	442	531	246	257	799	72	522	459	58	906	420	695	302	589	320	32	70	163	897
136	847	212	627	114	667	225	464	317	463	346	325	593	141	509	523	715	635	859	59
525	378	654	268	533	350	303	826	569	236	189	278	137	360	497	390	848	545	636	222
168	403	221	244	867	225	197	26	559	814	249	490	571	582	38	900	473	277	552	49
665	165	592	879	121	634	678	157	287	206	288	471	491	142	422	108	223	235	391	865
326	925	317	101	441	358	430	738	116	267	397	608	472	330	80	603	850	350	379	869
722	794	897	546	132	313	424	611	386	199	517	889	428	623	467	721	765	405	180	345
49	36	540	399	647	120	702	334	351	733	460	324	337	674	919	53	332	548	629	926
242	243	434	251	647	159	235	670	567	162	776	788	640	493	658	44	772	11	87	203
166	245	785	46	729	285	472	687	663	269	506	464	749	499	589	868	319	181	355	509
255	338	56	884	211	671	706	142	548	82	685	431	486	400	300	901	810	725	566	219
494	449	207	490	228	893	32	264	117	208	795	277	809	788	529	896	430	84	930	71
860	177	511	461	674	253	118	188	327	711	606	147	26	794	796	96	704	868	730	148
189	476	584	680	603	340	495	935	673	704	811	230	762	471	579	445	429	274	348	308
79	440	816	452	508	843	800	537	547	680	634	233	589	385	783	443	446	23	170	12
314	173	745	799	170	606	104	545	5	687	322	567	70	625	212	592	477	554	855	449
32	80	573	532	155	756	738	624	607	615	866	830	918	190	561	660	483	376	619	88
599	675	765	452	269	674	736	587	514	322	595	216	635	369	305	470	307	533	604	634
596	54	185	447	135	641	635	833	156	53	734	686	720	935	703	486	871	457	545	513
637	361	307	476	380	746	818	720	567	148	390	4	688	742	812	438	262	332	407	667
682	490	927	482	484	847	52	109	884	843	886	293	286	47	786	363	654	904	791	457
430	466	301	56	717	576	418	426	317	344	290	316	884	742	404	313	718	603	446	89
838	390	401	123	750	301	869	35	590	290	343	310	366	670	423	438	611	104	372	538
807	937	504	242	19	441	508	169	258	316	148	347	434	590	339	709	75	238	597	600
905	595	149	746	329	547	398	449	652	425	873	551	641	336	152	203	161	375	556	202
339	838	60	43	401	1	753	281	512	859	527	907	639	306	726	388	840	36	225	402
182	842	872	825	130	241	877	432	894	88	684	463	416	888	639	352	75	641	741	690
86	13	936	577	172	673	848	66	774	373	697	322	806	17	585	480	834	622	305	267
585	156	195	640	288	124	318	26	805	471	293	806	250	240	25	211	742	621	642	605
545	388	297	445	527	139	919	749	567	924	927	898	584	524	465	179	605	578	44	375
579	507	444	172	653	551	605	109	586	706	212	550	711	788	72	333	105	71	157	927
206	626	262	544	192	728	285	278	232	867	275	295	630	216	600	720	649	545	130	382
551	360	729	825	586	531	504	411	313	779	256	500	227	921	672	764	664	646	596	121
346	587	545	938	921	775	863	583	869	472	883	867	694	330	428	130	673	584	669	60
17	878	505	7	561	171	113	341	886	660	416	83	843	39	181	798	390	294	61	9
63	599	142	404	445	631	226	620	337	51	366	233	842	46	24	921	795	439	661	794
189	327	176	586	556	3	367	853	357	256	346	529	863	252	689	254	187	721	345	934
935	679	401	810	571	503	536	666	693	807	105	738	181	329	780	941	801	156	287	183
636	138	444	100	876	629	218	872	900	147	168	704	849	465	235	95	809	474	653	251
125	13	823	271	818	336	729	745	651	597	734	91	293	580	94	500	82	807	533	691
328	656	67	732	76	922	158	704	837	624	419	786	774	383	738	919	219	485	697	264
521	17	896	346	531	934	602	636	794	911	507	425	180	629	255	511	94	778	669	19
72	412	699	661	224	484	707	57	29	837	763	152	714	416	882	453	639	357	356	790
270	155	571	626	149	99	391	806	395	252	442	708	455	414	849	115	328	487	277	355
808	606	942	857	17	350	6	797	681	634	132	719	568	377	895	467	62	933	461	308
599	139	697	886	63	291	683	290	487	409	53	277	673	302	882	590	698	869	575	801
371	816	35	632	758	105	727	629	90	52	850	206	899	294	552	677	618	231	478	11
254	748	841	40	411	774	681	783	430	443	405	420	106	358	374	460	551	137	234	687
822	576	84	762	17	288	343	613	185	32	452	100	752	250	905	38	631	498	298	59
686	683	319	500	508	218	242	922	403	685	341	24	192	921	371	334	78	113	498	845
250	885	548	500	571	735	218	18	761	80	654	374	312	492	609	723	384	535	889	611
533	580	222	395	151	337	862	360	143	354	655	854	114	88	875	391	366	709	579	286
619	165	26	883	609	296	872	709	891	410	335	857	909	195	252	881	126	178	678	902
747	690	138	725	190	341	263	352	82	46	485	253	550	30	634	620	562	139	347	54
88	919	586	821	118	192	233	301	138	324	366	572	171	827	282	925	529	497	880	787
52	467	598	384	710	685	385	192	115	588	211	708	75	882	529	222	111	839	898	207
300	70	18	668	908	671	903	536	152	929	609	41	849	398	552	145	147	1	595	660
435	720	67	292	376	429	854	105	452	840	200	145	320	368	741	601	518	504	173	400
286	840	475	107	410	886	675	336	554	807	909	658	755	565	180	275	441	402	773	473
131	897	445	770	791	120	14	405	428	360	368	36	745	317	173	134	875	465	228	262
29	713	145	103	888	162	14	919	761	689	490	884	263	660	710	686	860	612	297	346
316	520	871	185	81	669	729	793	718	96	22	677	671	233	423	311	425	29	720	730
108	710	95	12	585	910	306	474	104	893	339	245	9	164	506	84	209	255	424	116
189	227	531	788	261	762	730	487	373	912	51	247	798	527	716	25	871	317	284	285
759	247	444	726	888	255	212	650	581	203	609	607	226	532	399	262	169	497	899	914
279	623	542	684	371	545	448	587	21	211	566	621	248	712	81	662	145	703	656	116
833	168	774	699	311	562	573	770	131	644	300	19	648	414	741	890	346	281	99	590
853	257	712	279	420	688	357	465	579	856	55	466	556	761	916	417	716	886	774	365
195	196	214	337	217	909	766	939	842	805	390	797	185	845	354	674	238	96	530	230
571	409	192	815	179	341	133	789	613	107	831	561	166	552	930	165	918	574	756	34
418	878	641	148	610	254	788	156	590	231	71	114	600	683	510	94	942	321	761	578
173	35	525	123	381	913	223	165	491	852	66	502	76	55	297	151	213	167	810	904
35	750	791	438	746	851	221	679	896	308	177	153	351	704	834	36	772	528	940	626
148	244	566	519	359	499	504	34	776	227	270	876	422	501	591	939	515	346	103	496
43	637	466	337	69	492	355	724	642	372	442	308	240	906	220	892	517	618	352	268
262	421	403	561	682	135	909	36	834	169	757	572	257	288	505	823	287	455	900	700
187	935	568	194	366	824	817	758	722	184	813	511	643	237	624	835	472	917	396	225
799	384	470	629	602	760	583	897	462	920	145	709	92	377	733	421	18	789	141	252
6	930	591	854	93	401	833	751	943	152	45	834	40	293	511	743	467	583	808	66
477	74	705	265	12	517	748	771	390	454	913	718	325	731	533	781	132	646	65	803
762	875	479	115	880	577	873	559	651	418	726	891	938	794	698	626	646	192	29	627
811	751	396	477	920	441	197	714	188	840	820	238	9	116	319	60	506	879	900	336
212	538	515	488	332	224	490	837	47	276	776	123	813	301	473	547	698	78	734	754
487	931	65	824	466	321	904	160	941	812	936	621	590	146	74	142	856	245	716	670
346	430	35	447	538	335	858	654	212	319	635	122	401	92	674	694	423	321	715	442
23	699	297	326	49	519	784	554	126	375	657	935	183	270	509	851	780	384	575	32
689	342	419	785	61	725	308	750	7	615	772	476	193	62	101	677	314	421	98	463
219	132	566	148	560	895	711	890	331	498	477	178	724	713	849	259	154	384	320	910
426	739	142	793	37	475	566	208	522	220	377	657	688	21	463	296	188	830	151	323
226	331	553	118	832	709	229	716	17	560	88	310	942	82	326	739	374	323	742	162
861	622	735	929	200	429	784	36	58	842	824	229	869	201	618	837	453	830	386	327
816	385	615	798	77	679	356	208	69	267	810	752	299	315	789	746	561	938	700	843
827	89	464	872	111	50	818	665	135	537	216	312	499	869	99	536	713	724	350	600
634	216	459	812	610	636	395	747	756	392	118	123	822	224	941	613	103	710	669	304
419	798	314	326	353	276	699	891	848	608	433	177	755	315	74	700	811	135	553	19
264	183	607	679	27	597	717	144	477	745	502	337	271	701	557	523	790	911	490	826
259	465	736	44	749	732	277	915	580	456	729	372	132	887	345	102	248	214	192	830
223	7	214	784	132	173	628	453	871	501	517	713	355	21	49	262	251	414	486	834
549	608	757	622	483	329	490	127	671	24	44	918	501	298	824	845	17	234	674	800
350	839	581	349	273	277	442	112	220	507	321	50	806	242	748	45	538	232	864	441
486	322	79	360	792	843	118	440	81	390	33	376	155	848	651	370	900	539	675	357
818	101	379	258	29	785	875	288	95	906	4	26	283	601	310	789	635	231	417	922
769	457	580	339	93	822	366	180	388	26	574	497	756	828	881	382	749	151	147	520
865	484	144	161	88	311	373	634	279	460	743	237	574	297	592	408	152	722	204	538
566	638	88	303	167	233	30	22	260	876	612	304	925	572	881	144	48	203	790	686
746	391	495	24	276	841	172	253	647	742	450	250	191	824	381	423	82	220	455	199
398	675	38	913	495	739	158	762	907	203	685	581	543	822	899	507	141	587	683	215
520	170	43	840	182	544	455	11	639	22	166	108	790	387	161	42	816	126	308	805
343	279	602	415	533	259	515	880	669	919	807	457	309	53	392	34	101	359	93	177
557	355	270	919	323	744	370	594	442	857	363	701	322	553	76	727	538	881	768	767
225	25	228	548	195	540	301	175	372	497	738	561	1	729	265	28	522	12	416	385
14	914	840	424	818	800	836	486	122	813	267	652	816	727	552	195	517	784	286	9
700	701	713	521	376	694	594	163	692	1	502	457	202	837	129	793	417	461	42	750
42	208	210	173	898	904	108	371	22	841	632	486	719	160	75	568	345	679	359	175
723	938	213	297	372	443	800	307	181	475	212	573	272	54	351	563	190	71	173	38
111	354	263	503	870	859	871	451	419	835	516	609	204	462	443	857	561	355	53	542
537	718	332	583	584	331	355	700	152	405	939	903	744	693	801	631	50	626	729	382
839	571	184	298	35	890	501	474	362	125	808	910	167	738	565	915	925	715	759	9
940	856	263	898	564	549	721	532	575	497	511	347	381	791	24	337	924	221	91	336
158	824	535	801	563	83	586	201	828	817	676	863	571	652	846	129	399	491	426	140
324	473	309	714	790	915	176	6	912	695	594	669	810	32	156	347	812	629	191	674
778	836	342	261	133	518	248	70	739	519	19	397	117	422	229	228	741	633	420	23
384	519	49	118	539	269	531	142	397	581	155	714	44	613	876	324	516	877	210	506
473	150	645	543	285	502	492	819	430	685	754	68	619	323	518	790	816	624	888	761
38	537	818	135	849	566	869	209	789	820	729	257	227	91	596	286	379	223	139	261
5	434	652	922	330	1	23	459	592	569	817	701	104	614	59	506	441	359	129	346
142	261	605	702	327	722	139	664	546	888	131	47	808	578	848	194	385	307	478	770
942	255	355	911	458	447	561	616	544	875	102	479	334	466	74	82	403	477	220	659
813	90	315	872	618	356	883	697	192	158	811	680	297	148	843	420	235	431	728	478
424	863	552	680	259	579	660	245	294	399	357	257	554	937	935	564	395	647	870	225
332	350	756	582	212	705	703	478	544	313	153	410	894	841	44	430	935	845	719	161
169	905	663	752	147	342	444	527	857	801	492	190	296	474	767	450	605	566	10	544
754	605	532	658	592	829	266	703	793	129	488	669	935	909	430	504	23	757	140	383
566	881	820	358	573	669	831	580	416	465	489	909	915	605	275	467	553	516	687	501
386	316	195	365	483	191	640	89	661	870	883	569	934	387	242	44	167	496	823	851
551	364	241	513	616	32	501	532	455	772	718	611	899	304	662	559	832	590	797	133
13	242	472	623	545	99	620	143	17	288	606	222	260	193	579	184	230	601	477	324
547	881	467	199	351	519	26	202	583	925	318	684	592	177	659	771	850	807	374	173
33	222	520	915	866	14	401	789	707	339	822	570	180	891	741	46	294	874	731	941
274	456	59	81	402	631	914	163	198	443	156	537	360	764	639	819	60	796	518	663
507	362	569	5	283	50	212	730	560	266	689	766	566	339	718	306	494	515	92	572
41	943	646	364	884	257	934	251	446	796	433	922	567	127	675	705	611	291	546	751
702	667	705	727	747	263	300	875	167	270	472	687	611	597	496	220	845	231	887	69
335	505	924	515	720	527	265	286	401	406	721	534	545	881	800	126	757	253	481	289
642	893	730	523	179	779	470	903	125	626	74	124	280	19	106	835	608	592	684	364
802	445	75	898	164	615	757	695	156	514	672	435	80	452	303	940	559	517	937	422
896	785	684	735	704	364	692	348	400	802	644	843	744	898	332	921	430	751	144	786
627	90	287	423	503	172	1	357	438	623	77	501	418	259	271	690	470	864	395	10
889	86	149	272	547	822	761	159	449	264	67	635	419	99	894	566	202	219	862	162
464	382	687	752	625	271	487	585	799	455	558	300	130	522	356	661	143	58	721	544
492	786	150	340	793	631	659	462	38	458	446	380	216	440	9	459	805	332	820	760
844	658	173	205	394	657	337	692	796	551	382	294	186	777	199	100	806	544	36	6
630	448	365	690	427	84	738	198	218	657	541	510	538	616	556	552	277	369	789	656
502	516	335	693	481	288	797	905	19	550	18	530	696	831	114	223	85	198	369	192
600	199	763	668	727	188	728	688	298	943	502	800	293	568	222	932	564	682	617	214
205	348	60	371	166	790	910	355	493	428	919	879	219	508	5	293	850	298	95	871
864	409	239	326	374	460	837	680	842	147	541	587	719	273	890	474	212	398	540	80
754	916	822	186	47	626	443	673	50	691	14	560	251	577	74	643	778	672	896	518
332	235	943	330	94	161	845	503	728	141	778	89	181	545	934	130	164	751	494	938
654	156	743	857	180	282	477	79	729	468	750	402	546	398	847	921	148	856	609	160
856	715	55	886	418	879	664	45	771	161	706	394	424	497	672	649	799	404	608	74
847	675	844	503	814	73	89	70	667	824	65	871	527	791	859	130	513	268	722	137
351	86	233	549	280	520	646	333	435	331	176	207	756	886	806	544	846	10	252	300
438	703	904	201	187	322	418	473	403	726	828	657	363	389	327	569	627	317	37	845
210	262	501	582	824	180	646	135	929	206	379	764	799	89	256	513	234	593	534	352
481	850	647	711	702	452	938	834	735	811	843	535	857	794	832	653	404	536	713	546
487	457	842	73	343	818	777	929	530	499	935	218	807	789	43	684	764	460	734	730
244	97	409	20	583	113	565	72	533	510	625	393	826	886	135	436	384	706	88	412
46	781	849	806	341	51	650	718	332	217	635	680	149	301	109	545	322	318	438	428
912	873	827	240	695	480	113	269	280	625	609	385	312	736	399	709	626	700	11	61
20	803	418	852	117	626	372	428	942	839	154	495	82	121	46	359	51	631	417	131
628	709	556	434	142	350	882	331	751	543	514	809	705	576	36	377	206	436	714	845
391	833	781	295	286	211	138	725	198	538	271	326	129	133	821	88	440	277	237	417
326	928	171	924	780	620	492	204	508	437	677	433	925	15	729	706	463	4	569	30
595	882	901	6	112	540	488	623	214	44	380	740	80	414	861	210	834	132	113	864
701	199	334	508	841	222	426	230	787	266	551	524	450	859	730	75	422	254	616	586
93	373	152	913	900	368	396	803	943	167	417	385	520	265	412	697	594	781	906	767
702	77	122	787	178	492	876	241	849	817	275	259	445	334	700	287	648	465	190	677
277	504	164	262	493	639	54	806	410	796	743	882	912	710	330	179	686	28	708	86
457	464	66	899	837	309	832	79	518	864	278	666	513	192	699	102	55	246	533	887
324	446	636	230	445	466	26	239	831	877	304	8	183	442	211	463	348	493	715	697
243	432	462	554	632	875	208	711	44	482	23	624	424	106	472	138	699	255	206	740
57	590	187	901	38	212	540	687	861	302	374	916	869	604	101	728	12	611	160	228
610	662	240	339	74	852	399	426	626	799	56	628	151	921	800	34	621	266	466	415
74	825	56	937	562	850	398	419	743	135	617	713	518	376	328	886	358	17	476	466
275	297	828	655	305	367	126	91	422	151	374	499	114	852	556	604	923	351	5	268
737	511	891	600	161	360	807	775	861	738	399	449	781	164	94	167	314	810	756	281
19	737	727	867	80	126	631	490	840	618	259	537	211	576	464	527	846	176	745	300
483	778	287	885	543	825	441	915	254	341	570	390	554	820	327	568	139	502	535	782
856	357	55	747	605	838	821	858	324	137	656	943	259	715	652	465	329	424	40	589
116	550	4	19	359	499	84	689	471	808	196	125	811	596	624	148	289	812	422	598
550	894	147	539	542	611	380	854	908	113	390	197	750	205	408	864	118	226	175	594
702	402	342	577	608	56	112	879	74	545	516	338	47	233	634	760	556	558	519	676
462	891	829	410	444	222	529	755	469	720	811	920	420	590	566	364	303	260	788	107
129	670	802	482	414	844	351	659	210	146	34	698	548	627	36	484	649	530	333	306
606	699	177	322	662	436	690	65	534	815	663	366	905	611	227	813	531	638	616	540
873	165	483	398	666	182	301	65	420	827	121	50	729	42	860	783	391	563	636	362
717	316	457	291	128	227	918	143	230	313	505	391	939	149	257	938	339	437	654	811
37	886	798	714	133	170	859	794	211	521	594	138	877	252	518	806	822	544	712	636
410	699	134	628	570	245	684	346	559	466	250	840	811	712	833	892	254	694	587	416
285	370	222	430	40	761	482	915	516	431	640	342	325	389	533	750	704	5	442	434
853	275	529	918	851	655	483	639	436	180	534	532	350	107	893	783	693	186	782	23
527	735	933	37	312	419	362	606	55	440	416	501	607	866	649	89	92	488	205	162
103	296	197	739	85	501	8	786	186	1	460	795	467	218	828	64	717	612	894	911
556	874	459	439	816	458	692	115	733	432	418	377	623	149	358	630	83	731	455	381
760	908	634	107	926	830	204	91	26	846	816	330	654	665	562	268	817	488	754	756
232	328	308	71	267	531	608	158	453	107	370	54	290	802	457	715	234	597	488	388
340	555	430	413	2	385	533	695	694	356	721	240	122	34	671	601	774	470	188	677
357	839	401	859	591	880	125	342	642	932	217	350	660	50	531	442	791	328	154	490
325	409	64	69	138	12	578	583	517	313	340	691	711	577	373	673	604	508	328	552
253	571	375	713	739	370	245	314	49	449	122	738	389	108	728	464	311	690	707	228
673	852	23	649	51	542	665	619	781	730	195	173	264	432	137	633	519	668	560	385
30	291	249	55	169	577	898	593	557	714	740	244	108	579	827	63	283	570	302	391
581	426	159	485	940	868	42	167	897	623	406	76	890	340	160	139	16	630	556	149
662	24	95	937	775	110	661	417	853	574	311	778	467	121	57	936	608	253	466	656
502	499	195	160	763	153	888	895	647	792	367	927	536	857	494	290	541	604	774	617
413	448	689	621	717	39	677	549	661	19	149	125	923	638	382	380	584	499	520	885
676	300	152	765	323	187	54	615	454	587	554	450	443	476	576	417	673	39	412	683
497	310	101	99	512	699	130	589	72	527	681	438	109	766	40	271	103	100	375	678
364	912	792	909	795	337	446	432	25	30	592	248	411	367	582	613	534	687	623	305
80	873	793	407	600	194	555	496	551	471	231	483	927	816	139	651	94	182	319	649
275	495	584	369	839	891	10	172	389	644	144	479	854	677	664	195	883	510	384	475
630	59	22	267	706	600	61	274	98	546	383	725	142	128	304	99	879	886	106	767
