887	167	891	180	468	460	845	761	672	539	381	423	418	674	154	745
734	640	405	348	855	585	336	372	721	630	485	570	294	269	749	386
735	406	757	92	350	258	787	571	891	606	102	586	542	123	672	446
429	411	57	163	494	879	379	532	176	553	764	398	203	887	942	159
549	611	311	653	407	510	585	439	546	96	420	239	140	291	287	836
289	663	144	75	608	691	276	751	617	448	552	553	601	478	761	17
918	477	87	307	685	745	628	392	47	817	408	85	907	231	859	698
607	695	867	484	902	542	248	848	899	676	864	254	443	885	500	504
380	172	126	226	635	521	342	361	520	304	142	907	485	709	107	607
557	569	809	115	692	933	149	453	384	864	41	159	291	746	247	21
164	63	726	910	365	776	609	687	395	602	307	16	96	706	484	773
532	583	569	117	877	725	756	128	678	178	383	267	715	887	524	249
930	495	503	412	303	471	152	20	548	256	563	613	194	893	419	82
883	913	707	694	352	906	383	102	358	407	185	779	573	129	424	750
420	331	775	755	175	431	714	329	81	379	494	717	501	871	855	587
339	415	450	126	254	22	112	263	714	73	595	350	311	538	903	783
914	188	38	251	129	784	292	191	771	566	676	307	27	789	618	25
462	545	558	264	121	169	881	325	228	427	421	213	63	470	698	480
321	873	67	41	51	278	412	254	426	883	752	700	377	799	523	637
846	843	597	513	757	796	806	245	832	138	146	418	329	164	244	156
219	573	21	542	222	393	599	71	7	181	325	778	366	519	92	128
880	624	68	839	770	687	190	524	196	49	287	390	358	817	882	447
449	437	753	342	691	881	781	861	756	412	312	111	416	228	114	709
493	221	455	789	746	492	374	7	632	19	95	823	564	496	483	705
683	825	242	921	634	33	704	766	823	67	641	415	173	606	292	197
598	40	797	575	475	782	702	928	64	49	757	734	716	263	554	104
644	671	834	454	836	676	209	604	253	630	888	553	278	345	891	518
454	764	789	33	355	710	526	296	693	441	557	585	438	418	697	690
92	458	862	557	580	488	363	49	277	569	907	247	384	511	717	430
331	775	771	292	830	48	695	424	721	662	688	784	778	39	779	62
898	369	659	349	352	499	928	258	794	41	468	780	492	841	267	216
896	615	705	95	3	721	227	160	99	748	911	222	639	220	235	502
210	370	467	7	693	573	316	369	534	629	567	446	777	383	362	872
843	519	550	865	355	556	522	886	858	605	281	551	277	738	68	131
590	493	298	708	577	602	663	803	318	852	587	614	812	824	336	914
68	294	518	253	220	202	892	738	150	462	133	486	356	289	451	915
66	176	821	930	456	697	712	603	505	358	578	766	752	615	182	436
164	466	186	518	302	317	447	36	406	12	303	535	471	20	899	399
130	83	638	632	183	637	393	882	752	935	596	531	446	870	720	689
235	296	329	789	712	426	191	10	531	517	722	597	676	519	192	852
929	281	66	689	883	487	10	667	296	306	426	719	666	589	152	538
193	879	549	551	633	762	41	836	90	860	870	242	406	523	457	621
661	857	478	276	509	798	910	158	49	165	831	596	170	607	230	561
409	598	179	537	558	284	698	147	265	759	933	208	453	785	94	415
555	853	676	908	722	69	501	798	509	64	11	538	520	479	346	564
48	479	330	142	578	925	205	487	731	128	899	769	866	512	436	88
466	153	456	841	19	147	708	534	529	816	790	649	286	98	758	70
277	761	331	236	489	507	650	402	135	862	4	750	474	90	603	604
328	490	250	911	95	115	646	325	15	219	600	689	62	320	823	482
306	489	172	632	49	269	766	519	343	187	648	281	382	197	262	776
779	415	117	901	911	256	632	255	512	132	649	881	606	181	303	318
764	791	836	330	916	722	422	810	50	76	666	882	470	86	71	191
917	582	1	727	68	712	406	857	539	318	552	916	70	456	147	708
883	70	1	835	340	715	536	323	522	180	927	186	214	302	85	122
386	570	663	383	373	679	121	179	552	108	875	289	804	88	836	94
567	658	936	177	508	295	91	370	603	382	313	251	282	756	887	366
165	820	555	342	306	334	415	551	233	603	394	576	426	672	450	896
119	903	152	85	621	859	613	893	412	246	835	757	904	884	366	922
356	82	257	940	492	266	407	280	638	506	249	775	151	750	159	201
208	656	464	109	688	138	860	738	125	545	918	5	128	156	309	364
216	66	166	26	834	35	205	381	558	423	136	650	251	233	176	718
673	330	696	79	423	283	390	86	752	333	703	713	238	749	378	152
151	393	583	443	529	411	115	163	616	745	503	167	916	100	819	3
621	461	88	343	744	368	427	757	161	401	657	194	770	860	761	85
720	352	489	896	584	487	457	522	852	391	857	168	876	321	671	806
136	141	386	599	195	644	210	268	884	477	846	700	462	443	72	903
359	258	689	842	279	774	878	129	827	526	664	521	301	848	364	115
466	327	228	892	925	350	800	916	761	107	222	334	663	470	924	291
687	760	888	361	744	303	743	522	316	547	898	354	69	560	133	304
803	227	472	737	775	160	722	850	697	568	574	467	3	713	397	395
236	69	393	690	475	301	73	520	726	426	698	521	857	78	869	943
927	484	299	557	694	177	362	571	53	51	718	793	472	73	788	578
516	341	49	501	748	23	198	792	818	137	202	460	337	164	27	234
414	664	136	117	749	568	8	331	404	879	278	176	697	111	275	375
280	876	783	474	302	256	267	926	607	719	843	459	163	320	275	689
572	271	522	786	516	906	728	182	590	606	257	637	323	819	924	67
935	286	159	76	196	557	882	46	154	338	252	597	73	610	563	388
456	312	557	926	459	135	267	772	803	265	415	404	195	857	121	496
567	308	716	517	620	942	525	173	652	193	276	622	201	926	765	870
220	568	827	223	135	655	789	339	47	350	76	344	612	297	600	650
865	515	385	248	138	937	171	907	834	502	857	507	911	621	622	346
851	286	316	612	357	213	813	575	150	677	936	625	645	749	784	828
84	923	31	762	328	296	488	569	470	382	32	559	548	738	523	481
465	491	621	275	891	509	408	458	583	468	318	938	59	498	602	493
282	466	551	611	422	95	383	93	735	371	178	533	902	205	280	5
910	167	552	122	585	267	634	516	351	581	746	491	513	844	471	35
323	261	318	35	388	725	486	902	668	212	543	488	677	394	286	42
614	650	912	361	594	73	906	922	737	570	701	558	201	133	939	622
902	38	170	913	777	53	14	929	693	626	740	178	658	24	888	342
6	490	53	792	675	864	893	98	182	55	507	556	103	123	242	767
360	368	280	34	430	163	278	262	547	68	568	915	305	701	79	525
840	484	388	752	248	265	783	766	225	56	254	656	525	449	74	939
530	160	509	613	565	910	316	584	691	681	362	430	747	385	441	319
171	617	441	411	516	580	33	359	716	747	840	418	594	726	606	694
812	187	38	847	428	527	43	382	366	606	528	522	728	105	167	255
680	813	511	509	14	756	369	324	932	4	516	605	147	119	742	915
739	279	361	529	644	396	186	731	585	744	256	416	37	760	25	375
501	105	412	302	878	809	825	342	596	218	503	887	754	917	931	631
587	297	96	914	89	438	403	751	575	649	919	671	74	68	880	757
381	264	502	538	629	761	94	536	732	483	547	512	339	212	640	880
673	182	714	727	921	554	316	201	797	858	63	419	506	125	244	123
75	721	794	497	354	38	754	364	51	78	67	43	771	637	858	348
554	428	490	25	339	841	521	897	76	384	403	933	574	439	241	426
295	533	769	854	609	888	142	496	172	105	21	667	682	153	527	768
783	319	912	845	128	169	184	392	590	816	232	138	28	149	245	597
2	513	355	30	814	880	516	143	568	769	799	317	506	852	209	877
717	237	195	131	665	776	635	884	791	873	511	59	170	232	175	150
935	773	463	124	91	802	769	108	51	550	6	304	605	860	99	331
546	299	306	421	432	281	230	508	249	797	138	889	7	754	563	329
586	524	556	532	430	235	584	764	902	875	748	589	418	642	46	534
274	299	688	647	683	482	467	791	739	866	824	856	561	550	472	727
606	651	834	239	120	335	555	829	747	845	353	749	60	84	33	306
437	115	861	793	37	736	271	703	209	555	165	74	185	624	795	449
212	422	598	520	694	254	587	637	121	753	221	905	330	123	640	161
467	480	745	584	838	613	645	537	197	794	17	438	355	311	575	293
555	166	477	168	378	393	884	881	723	192	712	799	259	735	444	267
316	694	401	834	361	430	465	142	371	500	412	895	296	688	211	341
664	497	757	477	731	103	3	184	607	411	177	384	38	726	939	41
798	506	226	388	139	741	869	340	138	233	560	665	180	444	334	428
221	443	792	70	427	724	331	174	810	488	633	269	231	275	713	613
23	194	87	566	479	42	881	1	559	549	681	216	237	789	431	253
613	629	811	16	172	790	534	525	488	241	764	136	124	474	191	199
172	158	20	861	4	624	245	292	717	355	681	486	260	460	558	755
323	251	124	632	181	539	47	286	55	318	66	933	441	12	92	258
513	161	164	555	614	512	694	204	279	669	147	546	60	381	343	526
858	518	685	64	690	607	744	941	933	922	342	110	294	709	228	882
925	845	430	942	818	842	808	338	511	502	166	182	228	498	734	817
881	243	811	35	370	740	841	558	588	353	168	691	724	516	788	515
744	246	677	492	642	445	609	481	654	569	71	797	387	231	150	735
479	254	286	823	379	828	249	420	231	57	263	893	309	773	203	511
606	195	834	322	760	38	607	45	823	31	87	620	627	910	55	571
514	272	18	556	98	407	88	885	737	740	915	96	23	404	273	721
445	678	840	745	137	219	660	354	25	762	87	737	452	622	612	517
927	334	825	81	280	147	546	556	451	25	286	928	152	275	149	63
359	237	384	810	519	760	172	630	184	404	455	652	489	788	596	479
912	442	907	53	416	832	568	540	725	630	344	668	101	771	779	198
451	749	752	210	863	248	26	492	61	402	489	71	398	411	877	166
556	649	319	335	432	813	426	208	741	733	488	609	82	203	672	347
177	587	375	832	29	383	362	521	813	287	412	763	172	898	69	661
434	359	716	436	85	281	101	323	427	317	267	356	895	658	378	814
167	895	637	480	680	156	185	538	933	766	268	71	511	778	16	605
674	448	102	903	485	581	62	16	127	443	741	24	838	863	931	513
737	607	314	99	416	132	803	626	188	922	943	422	556	559	908	911
646	757	284	98	846	301	594	429	364	545	808	892	585	144	306	629
858	705	27	864	143	629	523	917	32	696	144	123	80	181	295	470
294	700	933	669	684	836	786	394	84	368	452	51	384	604	843	518
430	54	584	859	70	443	338	287	164	328	881	17	325	217	525	574
104	532	711	313	732	819	98	599	303	19	621	812	443	432	856	489
642	178	128	400	818	761	907	211	498	362	201	719	931	233	64	374
696	747	640	688	228	871	485	345	299	523	628	300	310	7	497	457
878	378	605	189	282	48	406	888	455	594	471	593	849	439	21	863
727	825	914	334	750	894	835	283	55	833	774	73	710	421	699	471
718	648	713	297	479	342	214	702	346	837	500	24	660	446	689	154
310	665	55	549	20	362	557	85	664	710	726	638	208	439	367	443
652	438	666	203	240	31	740	192	297	369	294	772	426	105	88	463
276	551	35	743	687	634	226	627	813	661	671	920	911	824	328	430
198	488	554	465	789	59	253	661	722	113	450	382	468	299	567	379
841	730	334	936	343	537	922	56	219	478	198	646	103	412	826	290
662	16	356	645	623	731	61	678	293	892	810	823	835	186	468	489
554	854	732	632	61	472	72	516	498	241	100	720	395	755	881	120
58	357	430	814	660	532	115	258	708	176	219	293	911	670	882	655
770	380	345	193	471	859	199	167	21	395	586	890	80	535	579	123
565	175	786	238	302	235	351	745	658	491	731	72	553	146	545	886
609	798	809	535	570	432	589	670	233	631	418	67	662	95	229	422
227	153	495	6	684	763	279	399	573	550	307	800	725	854	423	867
571	396	903	322	815	104	6	550	346	482	717	271	905	408	607	821
243	786	883	806	228	115	121	402	353	62	170	750	78	853	432	90
672	840	475	756	244	329	261	686	579	803	932	364	251	308	930	562
175	169	517	470	168	646	564	655	384	742	691	936	71	343	414	640
12	597	322	351	745	257	921	139	698	623	610	381	259	827	95	634
80	752	707	182	20	12	209	858	618	668	638	490	572	312	477	81
12	491	758	593	108	370	284	727	905	130	253	860	726	633	866	223
726	190	43	459	320	385	298	717	341	423	882	113	334	352	169	671
573	939	507	609	863	686	554	434	300	499	121	288	580	153	181	834
766	705	12	932	579	544	938	577	608	148	196	255	658	218	312	485
38	464	853	166	817	675	614	891	235	234	552	353	844	121	346	635
112	583	938	304	197	168	66	632	872	765	544	527	757	195	173	309
487	356	635	306	608	587	783	607	189	849	856	493	915	78	43	845
537	416	366	410	18	509	446	300	454	294	75	726	336	696	806	307
614	55	34	443	596	93	699	733	597	387	782	253	931	271	838	670
182	446	709	705	776	438	431	274	88	451	899	349	407	277	414	285
261	476	904	226	673	462	11	681	732	857	881	42	513	253	268	75
339	641	811	785	278	766	631	53	706	20	575	540	274	65	341	315
273	456	92	845	337	659	431	365	749	520	559	722	330	896	499	121
194	184	760	890	221	486	581	148	503	835	440	410	743	637	609	492
79	616	309	308	194	804	144	362	738	491	927	836	620	58	782	584
21	291	832	743	430	767	323	554	585	679	925	117	326	930	876	241
621	526	476	548	877	408	488	363	267	504	413	187	238	797	458	360
146	348	831	562	868	610	794	104	85	376	168	244	169	896	145	223
428	673	542	181	10	764	621	196	58	435	716	475	257	755	272	593
352	603	611	578	479	78	507	655	59	211	104	814	620	523	269	529
699	451	446	754	156	34	669	388	820	853	798	367	270	426	639	17
362	478	573	520	768	619	718	694	433	117	717	254	724	394	691	202
278	93	794	3	290	599	442	652	845	408	21	566	664	403	81	714
84	540	285	290	568	243	338	77	73	432	119	672	288	353	248	145
173	894	438	637	606	738	452	121	17	923	871	65	623	407	421	799
508	321	146	274	471	80	377	38	349	282	375	873	259	942	502	466
155	879	23	355	371	120	308	739	731	742	652	594	71	223	380	506
673	571	374	932	912	444	309	218	341	257	622	610	136	349	568	634
425	62	932	382	181	920	916	61	440	368	933	67	787	196	434	342
645	33	196	171	699	646	451	806	72	475	119	127	832	870	274	915
385	875	518	484	335	897	725	714	786	597	250	131	826	59	400	690
821	646	678	708	65	64	553	295	914	595	112	742	239	856	374	308
2	582	421	418	199	809	540	487	183	197	247	779	40	155	606	143
935	678	71	527	350	761	286	917	629	840	343	76	652	240	711	714
82	860	943	236	214	323	60	548	373	113	616	626	398	258	635	52
273	799	498	833	622	333	858	610	770	341	432	626	412	120	226	258
252	630	75	294	363	640	243	295	828	656	680	816	735	821	172	286
838	14	400	244	459	154	455	379	453	676	477	32	598	937	753	129
187	840	245	662	784	720	721	337	397	751	235	723	440	49	686	552
692	858	192	635	327	52	791	375	454	348	21	717	208	656	66	696
496	45	436	488	606	834	221	54	202	136	422	175	201	241	766	492
881	747	236	533	696	345	317	924	295	273	224	201	454	441	99	542
511	914	413	888	407	879	356	239	717	342	288	140	734	533	88	576
631	704	334	907	749	848	640	39	239	752	891	181	407	705	885	281
628	624	276	207	616	515	57	790	743	661	447	17	941	348	814	182
544	741	604	92	318	914	123	23	103	550	98	29	784	174	734	48
335	109	100	155	886	609	193	862	937	768	148	725	337	229	207	98
791	67	393	382	134	525	85	519	475	179	695	499	316	914	576	8
701	426	724	813	684	507	693	635	493	663	344	574	394	791	184	883
365	160	73	90	343	519	6	609	247	511	179	228	180	592	36	740
873	416	734	146	816	499	67	103	480	77	267	90	13	624	210	867
274	509	251	277	884	118	319	406	669	216	765	415	625	425	318	169
385	460	699	111	679	772	724	857	468	91	212	388	369	447	541	467
22	771	87	4	431	762	366	387	501	790	598	6	347	597	186	829
571	24	459	391	752	11	74	509	131	133	935	344	437	147	390	641
360	301	462	787	873	281	791	1	613	259	673	736	893	592	444	162
253	91	372	500	524	826	504	149	305	837	660	411	4	533	507	374
743	697	792	295	213	34	319	469	744	310	459	101	545	703	500	195
902	123	597	473	496	911	143	863	803	618	551	291	879	208	39	897
289	236	10	890	365	685	85	215	720	680	506	483	397	218	91	878
236	114	633	796	586	112	239	612	201	880	662	380	747	285	874	601
442	648	337	643	740	801	606	758	454	239	378	73	395	49	278	221
328	848	234	443	597	818	929	194	884	682	418	586	368	658	628	692
561	45	573	764	637	601	49	453	224	544	178	44	939	23	664	437
546	336	502	832	726	51	769	582	662	555	378	759	748	417	183	484
724	361	517	299	751	908	890	122	630	782	470	183	457	860	469	622
887	377	481	146	283	724	371	116	184	634	71	913	427	79	824	821
379	772	858	766	938	195	104	328	666	287	838	674	607	502	633	588
414	632	242	455	593	723	88	272	686	313	459	248	854	150	710	282
168	318	261	870	322	555	221	149	132	101	926	840	308	609	439	536
9	161	425	686	51	91	465	703	284	717	341	586	154	348	195	5
604	868	61	195	769	97	494	210	779	10	85	98	147	786	652	79
390	75	132	388	369	344	678	583	488	30	270	687	704	314	510	708
43	811	784	753	916	832	497	628	885	486	95	18	170	587	789	551
769	342	795	408	705	651	724	481	479	933	459	493	246	525	352	225
100	542	719	564	86	897	888	685	431	664	714	69	878	141	941	330
797	448	35	172	389	660	421	388	232	532	677	420	315	838	670	620
28	160	704	613	930	571	556	325	321	800	849	295	9	346	27	537
919	557	268	91	275	437	69	80	590	625	842	283	137	643	326	749
745	754	824	197	602	456	282	2	686	805	279	907	729	409	919	696
846	549	805	774	832	180	668	583	51	901	670	239	252	164	189	256
429	483	665	680	88	768	903	822	239	513	197	321	698	184	446	617
465	177	939	909	571	421	581	798	313	696	564	160	659	197	886	202
64	489	400	804	61	809	763	583	802	585	189	667	72	658	427	678
753	617	243	726	451	844	687	170	334	231	291	106	531	609	478	790
665	253	327	862	449	84	561	760	658	661	689	146	362	480	743	106
481	437	449	823	564	181	899	864	656	638	861	266	847	363	772	83
585	462	734	119	658	305	931	542	601	894	832	794	891	898	341	584
772	663	374	864	569	146	496	388	517	849	114	79	940	329	430	626
798	346	552	168	833	87	463	286	106	398	246	586	773	188	581	35
933	810	85	44	119	904	941	92	871	90	537	322	566	162	147	782
933	79	478	202	830	166	358	669	365	370	816	30	430	742	323	283
184	780	335	319	629	411	824	836	693	325	923	15	248	639	776	369
677	661	199	100	307	205	811	347	755	118	286	692	160	789	182	671
219	320	158	780	329	912	766	444	465	155	111	303	194	477	671	525
52	32	72	856	754	229	822	803	62	410	582	48	162	721	468	425
398	303	624	673	197	313	659	744	459	745	862	321	836	716	450	91
794	446	463	102	313	2	297	509	853	724	431	43	380	844	236	302
765	799	382	721	689	691	166	877	48	772	660	232	708	871	396	661
266	109	136	293	405	32	754	282	317	29	875	257	190	659	245	809
144	606	183	196	484	937	620	7	831	779	467	284	335	419	300	520
781	693	254	453	896	376	632	551	901	433	134	589	916	633	222	878
411	831	368	603	538	426	516	722	851	194	391	95	75	189	878	525
416	420	184	117	311	870	485	31	215	364	703	100	318	907	24	614
587	26	670	413	102	621	864	146	551	155	344	339	463	494	837	741
24	263	147	162	344	69	470	665	415	777	663	203	884	11	539	276
758	897	355	161	232	900	9	647	11	649	734	523	262	468	443	489
181	238	160	736	669	129	257	168	885	544	136	392	782	52	287	520
95	285	243	537	847	741	899	664	486	170	617	932	92	763	504	430
605	492	906	838	535	473	220	284	427	225	469	34	855	764	346	393
924	438	47	210	385	18	798	254	127	823	314	571	23	747	568	285
81	41	815	606	180	382	549	69	814	462	213	859	59	861	210	845
532	346	251	265	861	698	44	785	888	282	381	903	196	347	267	923
395	126	32	830	635	675	433	774	147	201	124	277	861	936	939	307
662	154	653	636	668	25	105	752	787	767	633	799	746	679	689	55
104	914	188	150	277	884	5	517	778	510	397	749	667	147	905	132
709	65	886	352	798	227	166	908	267	644	357	197	533	706	361	516
647	669	300	443	923	196	312	351	202	444	539	242	387	493	462	500
280	884	324	808	775	531	860	768	292	731	135	798	462	869	756	501
834	470	533	561	305	574	886	363	391	49	737	403	643	606	668	353
573	608	301	940	543	694	34	194	767	132	337	302	30	274	905	145
462	595	527	422	385	121	522	321	516	16	734	628	831	69	811	723
337	795	610	294	537	741	30	233	119	348	736	614	665	357	605	661
898	354	759	7	811	120	64	740	900	801	906	930	635	8	798	251
191	386	711	487	882	64	102	197	645	341	305	199	624	814	185	524
104	353	588	224	522	748	626	854	75	753	447	297	678	233	211	659
939	840	853	204	516	305	789	167	254	911	906	153	325	695	278	565
813	269	688	255	734	882	314	787	164	374	11	921	267	104	877	96
69	605	202	657	128	256	456	10	18	227	242	461	939	48	862	551
889	814	606	558	859	93	801	524	371	156	71	849	446	415	290	369
371	347	147	224	120	536	172	376	175	834	433	568	422	477	761	87
721	596	314	477	854	745	335	756	261	719	703	354	462	551	687	40
279	198	446	594	879	361	161	571	2	15	401	544	209	274	56	357
62	698	3	307	635	76	676	882	520	355	32	555	344	911	377	484
301	921	523	346	388	460	22	195	845	225	90	185	790	734	679	157
238	252	259	887	28	812	386	860	270	413	201	189	151	587	145	606
938	777	362	292	589	625	642	512	60	821	294	146	615	220	365	125
530	924	738	884	541	650	361	321	419	633	874	773	790	573	414	730
426	376	920	808	480	226	142	218	304	752	321	73	148	47	588	296
852	211	901	226	167	480	785	829	924	324	867	474	194	510	740	341
767	102	817	670	163	354	677	93	659	87	389	865	313	553	161	311
223	711	775	245	78	924	899	332	462	705	704	17	937	521	10	620
22	104	663	898	887	226	408	339	593	672	797	662	48	315	528	185
923	497	131	169	546	305	350	267	554	383	889	271	151	142	650	766
178	818	380	670	606	176	441	428	808	7	909	147	411	599	86	227
334	13	691	78	1	246	260	399	668	489	883	221	5	328	942	361
922	137	452	30	266	538	618	874	818	740	661	247	41	613	38	575
39	33	115	368	77	152	787	667	581	412	62	72	202	238	510	178
114	623	318	768	746	146	827	155	845	449	905	720	509	22	378	898
842	364	173	85	831	612	674	187	353	152	687	613	871	541	483	588
882	521	197	431	346	511	414	409	318	913	513	341	553	299	708	111
660	847	767	727	360	818	189	311	92	465	607	328	912	694	37	866
118	703	420	576	512	689	414	653	13	664	920	578	399	59	665	416
389	915	133	351	191	776	720	937	488	809	119	724	559	801	138	558
915	423	433	743	349	88	470	455	308	175	925	544	98	109	830	467
508	162	213	456	472	419	671	542	22	624	189	863	398	459	130	906
93	843	353	313	774	755	583	389	795	40	768	4	39	120	712	686
277	682	479	897	369	526	226	688	21	871	617	261	319	718	771	88
500	547	808	872	588	453	262	244	658	794	727	18	328	847	590	697
159	221	428	73	70	588	822	27	808	414	310	142	245	316	460	425
373	85	317	279	470	581	582	620	530	170	939	642	248	857	622	65
289	441	526	293	194	219	499	298	183	639	923	74	346	864	393	650
241	468	418	743	838	906	186	800	845	914	694	7	33	885	188	485
369	773	820	640	87	736	657	91	327	7	562	904	34	248	372	762
113	147	733	331	315	658	580	155	662	200	77	156	916	720	668	382
777	906	728	610	428	605	817	601	200	875	136	517	431	237	27	205
63	347	263	184	942	419	550	458	787	338	621	125	170	44	98	67
302	269	65	293	767	330	372	757	882	77	123	355	741	510	763	764
884	208	634	380	407	347	421	505	816	308	328	537	919	738	474	161
124	450	592	785	449	349	255	798	514	793	664	464	401	174	183	159
268	554	566	918	188	580	705	90	579	927	52	35	396	131	857	457
744	78	274	692	591	194	753	832	533	847	349	708	377	582	460	240
212	495	388	472	658	125	300	306	418	839	151	430	683	155	592	326
727	208	342	907	524	387	239	906	309	193	6	542	779	619	819	311
223	880	5	120	645	694	326	299	939	685	68	66	4	367	228	329
144	688	793	445	276	931	50	187	556	887	127	609	155	874	333	490
291	875	731	62	403	886	106	510	331	17	136	474	697	433	41	58
547	748	587	47	269	657	136	667	462	127	124	843	460	108	656	583
698	772	653	816	19	819	546	354	287	286	674	852	497	829	380	834
219	576	320	191	199	658	252	239	131	456	274	846	463	338	580	758
749	101	505	235	142	678	114	5	867	850	299	925	102	928	724	777
382	357	24	44	121	478	617	695	354	925	57	562	755	120	933	415
326	1	727	248	8	294	694	142	489	133	393	193	486	384	305	842
340	938	800	562	341	647	150	254	314	463	898	506	651	327	221	942
877	582	428	31	734	55	240	909	588	732	602	703	281	519	234	56
559	678	49	438	756	633	145	592	765	149	921	594	628	775	322	125
353	312	515	612	181	239	611	518	321	396	150	323	267	250	189	629
332	863	711	287	458	151	223	823	375	42	748	785	463	465	71	338
127	644	44	144	706	778	883	97	628	529	102	486	328	258	402	239
15	687	616	940	258	314	484	96	853	255	114	490	675	489	667	850
173	381	712	100	631	447	470	82	365	472	670	16	702	81	104	389
589	168	790	828	311	73	466	356	395	682	471	838	127	68	480	671
135	335	404	483	938	706	180	133	602	132	322	412	806	284	851	893
129	315	882	531	557	87	824	689	703	288	171	583	793	693	619	397
241	427	304	722	609	593	687	53	670	631	496	796	190	903	145	188
593	103	319	709	27	480	509	249	113	904	885	912	943	276	566	577
122	247	570	8	516	284	912	99	189	386	278	911	505	141	632	858
40	45	216	722	163	262	773	203	390	799	620	848	599	79	490	790
698	531	602	326	321	89	170	661	857	39	705	457	87	756	796	183
940	776	872	849	1	429	739	819	221	572	768	40	905	252	929	865
623	25	23	768	146	280	347	453	612	88	517	181	472	322	198	215
200	104	284	34	726	600	589	107	248	118	779	400	846	392	925	312
328	475	180	605	102	662	458	491	671	495	101	400	639	938	481	402
332	916	583	714	472	600	934	524	5	348	211	368	732	904	297	134
855	269	520	830	450	674	915	813	74	837	215	716	72	562	28	649
480	367	628	557	320	16	102	352	202	819	605	249	466	887	648	460
332	79	140	318	764	704	280	595	520	479	627	919	205	195	385	680
413	78	109	479	329	139	589	695	487	68	286	185	754	310	584	803
254	341	6	310	691	332	838	490	104	576	107	757	594	867	171	784
525	401	57	63	257	787	860	523	353	569	524	503	684	750	816	736
428	308	403	54	686	585	292	347	127	878	814	543	439	593	680	112
699	331	367	195	629	499	155	651	838	190	138	426	83	165	298	362
498	832	232	550	432	100	143	175	633	822	659	121	797	360	575	142
207	271	536	820	750	813	170	898	847	386	11	682	26	454	490	724
656	571	245	606	214	918	755	131	700	637	169	207	676	793	383	286
727	777	718	674	602	527	481	716	919	817	691	60	522	926	289	563
224	821	715	304	859	16	936	820	811	143	747	503	649	439	36	401
923	543	300	884	106	817	328	650	797	185	215	13	659	275	42	485
555	484	856	186	408	468	675	692	853	733	374	466	631	836	141	147
180	934	710	120	99	98	295	283	784	814	310	331	514	666	143	628
185	765	633	190	83	31	62	815	812	248	447	925	369	253	300	400
844	113	105	748	818	443	820	71	756	535	170	253	99	98	722	758
283	796	642	574	357	471	389	75	441	486	920	861	223	180	781	887
488	509	396	927	120	59	846	499	642	212	551	249	203	260	486	398
214	143	909	851	844	653	669	545	212	19	688	539	402	250	187	893
442	787	764	102	639	794	432	644	811	516	481	912	868	311	79	216
89	706	16	592	822	607	366	799	231	399	669	453	365	746	423	361
658	437	712	480	759	802	448	487	668	399	242	485	121	359	358	467
384	354	575	239	833	793	261	82	768	895	493	35	60	267	480	79
142	852	857	695	371	403	273	603	14	514	842	495	607	139	774	788
862	712	850	939	456	128	726	166	82	348	473	190	263	187	753	44
204	590	30	626	423	34	365	885	666	169	671	672	844	751	539	569
414	594	40	484	620	223	324	738	907	817	289	877	364	321	471	773
521	937	345	534	183	79	505	648	63	42	137	775	342	329	451	135
533	800	232	13	241	614	51	223	750	449	702	207	400	544	38	774
541	320	861	681	423	709	150	935	682	800	446	847	490	20	355	679
831	811	170	757	617	623	157	177	524	526	897	649	521	237	616	351
866	41	413	943	294	358	381	444	172	668	698	705	373	119	445	932
536	639	666	315	37	27	307	625	192	405	833	186	653	361	344	624
391	148	564	467	940	808	521	421	71	920	489	579	648	928	672	744
692	817	833	582	292	842	932	129	393	45	8	127	909	52	623	834
284	297	596	799	442	276	139	337	708	582	694	886	936	21	232	806
706	24	456	399	472	365	546	514	445	904	929	740	353	604	557	22
438	116	403	181	674	289	100	777	368	875	580	33	573	816	587	176
918	422	131	660	126	627	223	924	209	372	722	791	259	814	411	514
164	366	118	678	934	344	150	599	734	503	50	84	789	182	12	348
935	297	199	588	938	161	84	140	375	577	852	713	151	764	527	536
49	579	625	793	371	224	406	833	197	837	868	88	584	682	612	55
375	85	891	892	869	346	56	583	711	875	269	755	117	379	813	654
769	509	217	809	843	20	610	107	149	457	692	625	504	9	633	801
516	509	118	586	506	242	466	621	761	465	130	70	357	42	98	110
817	455	123	333	549	325	845	914	742	598	780	878	599	602	776	133
528	267	797	132	146	216	437	450	679	768	66	555	854	729	896	901
289	668	543	447	374	74	246	163	611	361	920	211	425	41	743	519
413	221	61	553	859	565	936	572	777	223	698	787	795	900	746	486
846	265	877	493	374	558	677	869	356	62	864	540	829	929	756	327
185	545	895	144	7	387	475	853	634	22	300	815	248	256	760	435
298	157	276	466	358	712	856	114	94	51	866	64	916	852	521	636
467	429	761	262	837	322	157	1	804	719	299	575	330	412	892	24
136	510	433	823	165	356	598	321	886	690	780	864	472	177	390	683
486	257	751	14	477	356	802	475	862	940	12	268	136	640	577	603
235	820	534	815	858	405	67	109	781	108	283	240	696	460	382	142
331	672	61	898	844	283	921	664	54	303	621	811	626	24	785	146
401	626	610	493	810	896	841	55	925	462	261	378	469	351	638	339
687	170	381	646	350	28	787	584	309	123	287	432	371	587	673	217
81	793	896	519	844	266	560	173	725	53	302	161	248	371	659	823
606	728	818	793	757	226	680	101	360	616	286	295	870	591	17	115
642	71	705	514	787	311	879	434	270	806	310	67	679	9	424	60
146	134	703	641	8	768	128	316	632	898	433	188	759	364	398	652
324	660	429	918	872	816	556	387	144	578	257	770	544	539	822	446
904	179	267	101	343	612	477	699	736	761	903	21	631	494	677	90
470	388	251	778	394	810	28	561	263	149	869	71	829	404	226	634
592	280	660	586	796	652	876	717	706	151	184	323	786	596	616	81
855	47	283	569	199	737	480	643	152	266	392	597	228	584	544	740
841	707	736	668	237	342	865	704	234	600	458	568	293	678	279	380
522	114	137	810	58	151	741	495	516	528	456	791	16	371	49	429
900	533	339	111	81	171	750	332	148	658	93	692	325	133	459	697
829	737	393	41	482	410	409	229	810	110	740	231	746	763	785	575
367	27	600	85	539	594	697	762	713	8	740	858	727	848	910	632
605	809	379	119	392	69	938	130	483	309	743	428	545	216	344	593
827	494	851	599	322	530	509	302	478	824	828	536	617	5	836	732
73	266	672	54	330	472	841	523	929	470	769	282	840	846	258	699
213	550	406	110	545	650	102	868	504	683	714	812	362	148	612	597
272	3	770	505	461	524	345	380	676	849	741	289	131	384	390	252
324	705	125	781	181	458	201	519	438	185	55	208	195	82	160	427
386	941	625	790	723	740	269	892	872	354	119	631	284	79	212	898
410	749	49	351	289	75	828	213	234	312	647	320	818	677	610	82
933	553	150	711	95	499	854	539	920	197	541	422	538	872	650	228
640	401	38	838	183	618	703	775	781	149	40	739	288	68	223	300
99	736	72	119	280	782	389	819	376	805	811	589	130	471	266	637
861	108	813	339	506	773	162	130	620	245	839	365	806	584	475	210
3	753	494	792	316	600	913	921	193	876	817	756	202	940	488	402
554	102	416	569	664	272	74	737	162	308	549	121	738	225	801	2
382	888	339	813	351	304	210	667	714	558	332	607	625	98	5	231
695	624	482	773	55	142	105	724	696	166	730	464	484	469	135	318
240	94	626	579	654	285	735	469	536	392	685	19	648	643	708	901
452	453	370	343	4	129	437	632	28	679	472	794	568	761	600	489
555	304	685	351	636	27	455	327	854	193	117	359	329	561	868	443
745	164	761	626	68	363	587	680	528	117	675	544	448	315	740	160
851	841	842	191	492	917	300	172	690	496	843	120	886	404	77	88
427	282	716	142	826	10	151	25	781	334	928	5	838	208	221	504
831	592	348	878	379	73	45	35	797	925	141	450	833	367	306	767
486	743	488	312	867	660	33	836	909	429	618	730	175	886	233	223
892	121	161	367	523	844	265	555	483	532	42	64	729	755	723	98
861	224	593	300	73	779	615	102	160	561	628	352	722	821	350	482
547	859	406	551	634	282	600	318	592	491	301	399	742	388	327	174
195	391	594	233	502	429	908	689	407	424	920	521	721	350	449	330
155	418	285	17	248	789	927	433	343	437	351	60	300	399	629	471
436	777	791	550	815	697	12	538	489	534	71	170	940	668	703	678
863	858	544	514	568	696	864	512	218	179	478	228	274	195	215	176
592	753	664	886	431	904	377	93	82	390	211	213	89	639	201	716
265	644	532	40	573	171	37	707	623	341	823	401	258	919	595	703
513	183	283	746	186	111	21	761	277	171	121	417	532	443	498	556
502	823	266	51	186	470	641	787	121	181	516	81	262	108	448	110
446	799	920	104	554	711	613	305	939	463	885	261	592	345	569	283
668	329	224	753	147	33	20	407	70	406	187	523	799	620	699	777
858	73	190	478	29	883	278	684	146	526	747	929	769	364	265	484
311	288	52	870	139	313	634	823	441	609	914	469	296	921	735	140
147	233	516	503	644	867	621	243	334	816	429	31	830	36	862	421
317	365	17	524	939	18	127	469	249	491	69	554	269	187	721	12
681	285	18	329	670	913	608	140	399	728	412	192	753	200	847	864
935	636	900	608	98	87	548	780	11	902	275	320	605	761	853	34
729	67	11	389	663	168	442	228	653	470	358	136	698	20	899	727
277	12	545	218	826	39	873	126	523	307	244	546	70	908	230	82
492	720	681	97	431	801	457	78	309	56	570	26	98	552	219	885
754	538	913	828	503	727	844	783	599	653	914	164	545	591	365	76
621	633	813	237	753	622	19	463	33	802	450	449	494	585	460	129
417	463	697	517	307	64	483	214	396	812	402	344	842	910	786	640
780	270	51	203	643	509	739	664	537	150	112	69	505	865	396	790
209	149	943	751	146	218	335	669	515	280	803	184	158	82	299	904
853	351	136	243	60	135	745	913	163	102	868	620	134	735	583	560
302	741	846	250	406	529	168	889	78	256	352	766	199	678	396	605
253	416	52	287	169	743	354	156	11	538	235	145	182	99	652	890
722	379	563	477	464	97	404	928	161	532	729	240	800	615	623	667
698	852	604	487	824	615	837	235	231	419	276	616	39	713	749	579
196	302	516	642	758	30	487	52	5	33	3	638	284	593	900	407
313	335	179	583	374	687	180	700	238	635	938	144	53	24	435	762
24	318	906	912	707	588	60	355	682	935	143	50	384	430	509	873
868	633	5	400	737	397	782	261	924	297	386	892	620	309	176	827
788	416	654	468	587	453	410	83	632	256	885	881	319	668	397	198
671	346	234	582	848	68	462	505	138	210	139	916	556	894	515	312
530	48	200	254	770	171	164	558	576	43	698	605	490	943	230	902
569	354	533	486	402	95	631	78	715	320	449	684	834	147	563	334
843	878	415	99	827	897	509	176	269	497	493	890	275	466	32	622
720	570	813	918	518	738	942	575	92	709	237	585	819	17	275	556
243	747	11	307	269	166	812	475	801	880	703	548	776	809	340	467
427	904	423	930	879	923	36	62	529	649	831	587	233	799	24	769
583	558	424	15	479	648	98	18	491	677	862	194	122	81	460	347
160	390	883	495	865	828	754	857	551	847	100	494	325	13	468	676
658	536	822	657	771	911	816	401	380	931	552	364	647	372	195	756
859	40	216	617	882	630	913	915	553	90	305	189	640	840	25	269
590	143	892	612	544	18	748	662	77	388	811	266	45	332	139	823
641	171	616	595	476	195	430	159	812	697	814	660	591	376	294	249
724	594	791	866	124	113	163	768	26	850	877	336	516	71	226	887
22	473	643	702	11	893	546	65	32	935	557	806	450	624	832	166
557	563	677	578	678	163	930	103	160	440	387	554	318	74	535	196
551	311	876	9	244	52	737	76	750	674	5	114	837	595	540	545
856	13	591	532	730	395	535	843	336	384	655	312	200	35	322	308
346	584	44	47	133	743	283	65	904	621	291	859	234	63	494	391
894	500	13	638	939	708	777	346	223	725	40	895	637	244	756	312
620	737	544	78	648	862	272	147	14	220	228	540	720	578	809	114
805	451	358	593	631	874	416	7	454	227	639	24	623	685	400	461
648	129	449	285	357	287	619	853	23	377	277	353	901	235	213	517
499	395	240	227	844	318	619	303	656	688	800	836	162	804	149	64
675	892	282	16	664	635	427	421	37	259	576	107	304	932	637	8
808	630	450	922	129	638	156	499	582	469	665	769	577	677	232	698
166	550	120	463	672	843	656	631	589	591	764	886	208	84	252	614
664	133	912	758	813	421	320	739	128	595	267	699	861	525	683	424
52	466	829	168	264	134	522	698	36	818	615	356	250	341	660	257
179	681	622	518	545	815	132	453	383	610	865	710	317	646	169	371
663	867	740	178	935	747	479	647	434	404	818	671	292	62	393	130
81	651	519	853	843	250	311	485	604	902	229	3	793	374	663	913
153	49	475	229	155	880	514	721	296	861	811	826	611	777	595	304
260	204	263	238	668	78	281	105	218	901	698	579	482	755	256	898
797	270	838	225	469	31	615	595	689	306	487	73	269	49	411	572
446	11	288	607	498	240	298	107	69	550	903	666	227	717	652	316
63	579	420	919	741	74	235	859	214	573	340	450	190	227	928	584
894	881	880	193	794	4	561	76	895	87	400	781	317	734	338	741
654	385	337	602	516	33	615	530	134	880	257	878	94	418	823	122
29	294	728	930	70	789	899	518	280	444	785	446	649	167	808	663
49	764	501	772	416	80	193	94	664	618	265	600	893	726	755	134
396	316	796	113	742	666	598	47	629	282	473	694	225	481	697	129
633	42	311	572	799	794	23	463	423	543	464	248	496	493	841	370
787	914	724	470	472	400	394	828	251	649	518	184	128	731	930	240
626	939	130	367	593	276	324	671	897	95	497	596	780	7	891	228
892	573	273	430	393	775	25	635	148	295	480	198	121	545	938	360
442	391	606	156	545	756	250	205	796	847	267	57	63	501	75	335
342	206	41	48	339	332	201	678	235	842	872	843	204	509	740	157
818	631	846	442	102	657	258	90	390	27	364	182	72	662	408	549
506	146	267	915	591	313	258	134	304	571	214	779	669	619	782	232
83	842	26	80	919	138	304	616	907	768	653	823	622	623	574	49
247	680	876	668	608	850	155	892	453	545	679	165	914	256	913	340
430	771	429	422	719	198	942	199	592	925	920	591	233	687	1	461
233	44	615	111	866	207	241	333	171	428	269	49	168	563	552	786
400	852	439	67	254	16	424	835	833	784	256	164	350	150	612	78
518	167	903	723	495	882	849	705	80	923	673	579	381	253	181	396
214	594	115	335	403	932	830	103	382	128	558	137	496	668	25	284
315	404	308	837	779	443	602	453	367	127	235	354	237	862	934	144
757	483	662	746	628	148	708	848	470	130	282	518	305	585	128	737
264	252	366	685	318	841	261	472	884	440	891	398	774	697	122	282
756	168	42	64	269	918	434	835	315	198	422	883	794	372	425	552
938	790	391	654	215	114	913	333	340	474	778	534	483	756	204	50
720	384	544	112	697	653	535	229	827	56	297	921	428	285	459	415
584	777	241	689	77	575	297	447	415	526	157	938	894	207	386	661
888	279	577	648	526	276	518	266	764	856	48	793	71	671	774	644
388	27	693	82	16	283	145	322	763	818	742	239	925	120	340	138
268	327	401	801	693	72	265	664	246	768	600	449	441	808	479	128
60	286	571	231	771	86	95	205	935	339	315	657	19	923	659	673
343	905	498	570	597	707	859	331	210	776	402	336	527	260	840	62
428	311	684	896	471	434	893	460	409	449	701	510	746	37	797	501
297	305	96	456	661	97	135	910	68	273	840	369	898	255	851	696
303	234	538	213	728	744	26	784	264	648	417	829	392	696	120	495
686	782	483	267	830	799	675	577	367	834	527	687	461	767	670	769
173	232	694	385	410	168	439	685	136	150	736	178	367	462	594	633
252	242	437	405	614	12	616	206	711	69	117	477	270	551	699	823
726	888	132	478	123	687	879	515	884	274	86	869	774	720	572	889
126	31	570	382	908	917	555	688	575	315	903	516	826	316	816	790
752	829	117	509	553	28	588	555	58	163	92	730	482	129	156	755
818	270	550	454	816	296	203	365	479	262	445	380	542	662	742	797
204	846	516	885	88	109	376	875	769	128	395	796	666	900	114	765
761	932	772	871	578	575	160	76	550	188	614	44	438	229	733	689
889	560	184	128	457	186	503	487	40	669	476	208	585	430	471	339
634	397	123	658	161	9	396	849	183	689	767	447	697	604	114	78
598	905	642	573	454	922	448	486	528	637	282	603	290	720	344	478
505	232	106	589	873	172	585	152	674	835	502	214	895	538	244	118
491	305	460	613	381	670	539	747	207	248	303	586	9	773	286	632
511	59	520	189	261	78	171	138	329	339	192	541	502	737	270	888
76	709	91	322	302	328	461	551	191	255	224	802	698	293	474	727
351	744	197	113	341	474	480	805	44	656	750	101	803	382	527	819
864	690	810	756	257	593	33	131	32	351	378	425	81	483	452	332
878	424	71	105	782	314	779	81	237	876	228	282	566	661	787	297
824	882	115	309	870	549	302	77	14	73	450	313	526	72	552	726
105	199	111	638	566	526	221	633	714	88	393	583	929	746	614	425
908	15	211	321	41	105	5	271	722	661	882	644	126	60	686	810
558	274	809	567	370	729	506	257	193	628	167	407	606	846	720	434
584	763	397	924	601	225	691	926	226	563	786	476	714	83	117	699
270	759	409	182	176	183	853	166	108	766	586	713	556	245	564	769
861	727	935	827	112	338	699	393	109	638	386	580	874	532	378	23
380	646	571	9	299	809	691	220	311	824	737	578	6	535	526	199
50	882	622	326	492	836	30	564	831	519	877	351	471	268	180	587
890	107	695	230	814	555	456	493	32	397	155	323	575	77	580	349
839	24	540	184	742	516	452	628	780	939	6	64	496	673	827	132
282	58	657	26	183	67	133	886	499	99	887	196	86	802	583	371
480	937	372	432	284	148	680	450	669	920	380	496	822	228	165	348
52	752	677	332	719	206	281	934	730	579	113	548	93	462	897	317
608	912	573	175	75	439	323	12	354	867	114	840	939	168	880	641
96	337	756	112	284	82	671	663	532	236	408	49	63	107	404	22
19	492	525	719	314	134	747	142	629	385	502	442	736	58	441	429
291	671	181	352	244	516	918	313	249	361	81	613	622	134	839	455
255	789	248	355	140	454	260	818	585	478	813	342	845	12	73	366
556	546	917	662	843	942	107	698	861	730	146	10	849	28	663	612
900	195	178	140	510	129	834	256	871	314	477	394	116	145	872	917
562	204	502	899	202	18	834	81	402	497	589	381	283	350	116	909
139	559	436	204	310	341	687	443	770	175	909	777	127	683	399	583
154	295	37	400	685	757	184	521	932	703	859	691	448	92	842	265
640	326	825	113	851	381	231	622	230	785	347	28	731	847	822	766
179	174	229	266	906	817	926	518	40	462	136	723	874	605	287	102
375	94	782	4	93	110	412	333	226	457	220	584	256	454	101	3
771	782	599	319	910	914	390	738	655	785	143	524	875	588	252	166
668	46	931	277	581	332	639	391	569	201	114	556	596	851	230	833
141	666	76	785	617	229	728	637	399	200	793	324	467	755	844	316
188	38	163	921	934	333	680	86	601	750	338	758	707	282	906	471
522	86	331	881	322	492	920	337	823	584	940	229	515	300	362	649
140	828	191	116	99	507	770	439	818	465	294	510	349	532	499	927
754	147	89	555	521	702	605	162	45	470	488	463	268	18	553	214
333	340	223	332	434	201	543	685	460	432	427	891	507	299	2	631
830	632	265	176	146	753	223	129	641	171	32	57	857	107	678	937
454	842	24	693	194	161	848	831	845	784	419	577	614	280	585	472
814	401	493	564	829	129	470	141	896	324	164	364	764	618	579	4
749	40	295	461	240	297	620	190	369	596	830	844	829	858	881	247
432	482	381	564	671	520	371	790	372	691	699	156	215	322	810	244
117	98	687	460	667	573	283	728	905	645	4	511	542	168	680	441
338	213	737	157	726	927	439	312	565	641	774	115	671	151	521	453
303	25	150	902	683	878	834	759	222	652	69	729	214	811	46	252
806	460	139	581	96	869	851	362	78	44	873	442	837	558	10	21
511	332	711	286	733	672	308	724	120	539	942	669	622	115	599	506
31	32	426	578	278	362	111	585	442	871	920	459	934	727	228	579
94	260	912	387	705	697	23	250	213	303	521	427	937	572	430	527
112	280	483	336	181	648	203	228	679	907	66	806	273	379	746	649
386	348	751	845	465	848	308	923	865	879	116	442	627	589	398	511
906	181	431	467	194	569	51	669	479	193	880	301	251	71	256	207
680	671	17	747	517	610	679	485	902	762	854	623	735	334	570	121
144	378	112	54	157	760	141	500	258	419	567	909	476	102	764	438
659	591	521	437	195	245	693	217	271	159	621	789	344	741	858	390
752	721	144	118	734	547	788	134	883	350	370	34	201	262	559	498
330	466	818	925	419	188	203	647	549	540	500	457	503	163	858	701
752	908	772	317	210	206	824	211	686	2	447	362	711	580	565	923
841	924	255	923	293	883	620	178	387	886	103	822	253	270	600	28
177	917	29	745	410	679	375	301	568	52	796	837	485	169	384	546
817	632	296	900	864	865	552	167	315	583	448	771	682	211	191	1
502	300	711	549	563	435	866	4	6	386	679	809	668	832	680	233
805	761	279	537	277	348	200	363	625	153	787	911	595	435	446	769
829	71	295	553	887	470	599	222	152	115	244	861	61	184	883	348
18	235	41	127	485	188	808	474	281	583	703	126	462	234	851	177
545	940	583	95	534	51	321	171	858	646	631	455	760	371	723	736
682	493	723	424	606	842	763	212	766	810	660	201	504	829	911	313
903	940	135	243	96	462	156	359	555	98	328	887	943	858	446	281
92	5	869	76	918	704	634	432	723	928	602	323	37	707	479	645
554	232	331	180	693	765	396	197	210	912	590	406	304	825	889	143
482	274	715	143	12	34	348	775	216	159	838	865	157	796	809	10
552	481	541	774	799	603	160	108	573	150	118	932	792	719	660	269
258	296	816	197	566	692	302	412	172	250	889	761	462	176	589	834
196	940	574	842	545	783	212	163	790	327	365	514	209	125	62	929
627	506	750	665	367	585	697	397	96	857	461	757	12	736	120	448
921	621	725	648	176	249	30	802	684	188	339	748	883	299	804	668
300	187	508	250	697	743	652	922	290	800	266	695	639	147	603	823
859	359	338	414	630	516	898	90	218	217	822	675	620	318	418	241
884	830	253	349	129	752	422	404	85	659	943	594	9	552	113	342
308	20	482	134	246	826	36	61	311	30	604	465	641	316	746	372
502	525	466	506	374	641	576	645	786	417	933	91	411	816	355	838
655	68	204	620	831	196	254	808	213	760	804	546	618	781	143	499
681	251	669	505	568	809	936	47	706	525	932	387	622	231	182	204
844	21	371	790	523	875	492	358	811	923	681	78	597	420	34	744
723	59	582	566	699	692	819	409	198	304	369	689	788	114	650	569
706	300	578	533	683	132	605	752	19	937	850	901	135	621	104	317
42	867	515	681	400	245	62	175	778	234	90	648	419	541	355	686
423	706	664	254	521	721	117	19	455	3	453	339	557	425	769	360
526	854	856	514	226	342	708	917	435	787	411	88	223	350	719	79
816	354	737	202	610	687	402	231	868	331	104	562	520	435	67	479
120	112	489	818	289	282	245	88	381	548	507	515	82	122	924	524
248	158	544	314	510	297	343	326	141	852	759	895	405	937	654	694
688	241	454	555	72	553	569	400	503	91	13	73	393	583	111	128
450	98	138	706	817	147	806	416	302	214	321	756	342	495	406	769
376	384	769	690	119	204	73	188	242	420	672	117	116	19	571	214
208	617	581	303	41	390	672	297	637	658	105	68	610	647	654	586
511	214	696	671	763	54	864	61	2	703	523	179	926	277	916	893
592	666	496	89	155	247	217	278	915	754	648	435	440	773	905	323
494	697	43	404	299	464	332	716	342	776	839	940	449	569	738	934
873	899	326	510	95	411	845	446	787	943	539	105	705	744	464	240
283	233	406	730	563	481	315	240	138	890	170	198	621	717	237	780
940	381	873	26	882	681	936	406	435	466	323	531	310	767	488	842
336	76	137	824	461	845	176	476	66	223	399	177	669	123	246	410
319	464	590	907	475	271	356	365	884	376	342	515	680	61	631	172
293	715	62	806	388	839	147	234	686	596	855	257	277	527	285	444
868	119	857	389	851	165	149	775	445	496	698	485	789	34	109	471
348	159	745	113	453	90	556	340	848	574	13	526	311	714	552	577
2	650	143	125	191	669	427	480	302	821	583	582	873	348	858	170
680	909	273	217	742	689	139	360	772	678	627	117	920	927	887	162
8	713	257	48	176	730	44	519	900	690	835	928	473	308	425	97
463	851	288	139	776	100	867	863	702	217	271	898	528	655	522	432
695	738	486	185	274	72	359	613	680	172	191	52	156	311	78	478
506	731	446	438	867	821	932	53	848	210	740	27	165	634	914	467
572	782	634	705	347	483	725	788	640	588	236	388	55	865	748	401
936	635	867	621	233	701	662	465	712	493	77	193	530	10	673	925
863	786	56	720	308	76	663	237	634	762	305	355	377	406	268	215
200	731	847	685	102	784	722	789	128	337	498	730	823	353	408	29
865	546	691	631	3	385	928	23	197	635	518	524	400	184	368	581
377	632	234	817	484	769	670	451	703	570	899	790	287	189	316	606
547	675	106	836	661	786	182	241	36	177	509	29	762	216	203	467
360	171	509	188	6	925	368	735	51	454	516	203	532	647	819	54
639	514	881	912	275	24	873	437	827	836	277	942	926	512	637	769
723	911	184	901	92	891	381	649	840	218	162	160	785	212	668	462
220	103	96	331	627	892	312	880	799	299	151	624	19	783	658	893
727	580	129	731	597	337	738	281	215	166	243	291	274	929	407	600
542	860	932	533	351	669	19	725	312	448	74	63	122	308	283	568
313	762	863	55	289	816	401	324	501	81	730	701	553	115	173	223
829	581	900	894	506	163	306	830	403	667	375	120	761	683	479	845
761	463	267	291	45	834	218	589	566	105	413	653	297	665	573	430
234	832	909	531	258	489	142	269	48	605	451	882	394	45	137	848
836	665	631	429	226	931	293	397	148	738	332	20	436	723	695	784
761	330	440	890	361	489	415	297	840	712	478	200	39	213	35	403
476	405	158	269	772	737	151	580	902	861	725	180	850	732	239	399
512	197	612	928	490	583	290	359	918	330	514	460	155	190	855	212
513	851	527	71	210	766	884	127	584	101	544	873	401	811	719	24
495	434	504	313	937	691	528	93	98	269	710	133	9	649	938	805
799	20	325	446	263	318	466	903	102	236	680	592	823	254	220	330
679	394	827	341	365	555	641	45	425	326	229	379	444	480	225	502
312	9	812	297	554	354	75	822	151	745	383	642	596	207	99	497
336	249	653	846	176	774	863	747	119	650	419	544	683	782	333	659
8	260	841	896	377	868	679	374	356	167	627	440	27	542	44	540
310	870	110	844	748	766	935	796	640	5	859	357	653	268	204	869
370	60	741	240	403	574	921	268	547	453	434	519	509	310	56	163
392	336	721	516	784	85	6	733	438	859	523	545	115	274	920	213
374	278	551	265	224	873	326	668	594	477	470	348	350	193	481	858
249	57	160	454	601	662	514	1	453	904	151	539	172	527	301	933
599	745	562	628	513	572	331	577	876	481	761	853	275	345	755	59
758	545	49	141	523	131	332	345	871	213	852	256	795	772	880	31
528	164	462	112	91	84	165	759	638	220	293	32	403	878	769	683
458	335	558	912	215	336	595	138	815	321	396	744	389	754	24	482
5	325	638	279	40	889	550	374	773	733	868	34	805	778	369	441
61	408	775	280	942	177	831	71	443	65	101	409	657	241	287	783
618	755	933	570	154	87	83	320	71	45	889	455	153	359	197	811
90	819	603	459	598	159	325	684	354	925	3	718	500	815	215	22
932	686	462	344	834	220	770	493	875	612	504	332	94	608	302	691
380	190	644	236	107	70	18	255	407	301	560	600	88	641	351	557
54	726	97	641	743	70	299	941	635	151	594	143	704	766	511	248
746	740	726	439	510	100	376	31	390	331	435	712	943	139	538	16
927	797	816	180	189	163	606	202	429	277	779	711	672	863	127	440
889	883	729	297	939	649	803	93	764	424	57	451	580	91	288	560
704	359	316	129	453	853	253	206	255	644	85	794	311	314	237	814
139	260	635	478	599	577	585	7	450	50	522	215	738	440	597	149
663	52	918	761	290	767	938	157	98	121	136	113	902	342	649	748
141	151	799	671	222	444	589	490	275	371	208	854	541	692	245	83
740	646	860	546	496	155	703	45	182	644	214	929	206	394	360	340
52	870	880	223	636	704	137	303	349	860	410	312	416	885	777	766
105	573	709	238	722	194	566	465	209	389	667	559	495	344	300	797
943	644	699	710	706	863	750	17	321	616	259	56	737	83	395	682
828	112	383	60	541	768	917	764	862	907	483	330	625	350	612	738
357	177	709	662	311	855	818	153	762	790	874	339	724	891	772	47
793	277	632	55	764	840	630	799	658	311	907	731	914	882	144	780
135	175	320	841	767	889	226	543	177	329	566	601	573	818	698	746
239	208	115	362	136	549	732	195	611	446	850	552	420	711	921	105
568	253	371	611	541	576	757	561	603	685	138	220	169	933	209	843
771	285	926	105	80	287	410	256	552	260	755	592	345	668	329	167
43	482	176	592	752	276	139	671	162	784	146	245	876	435	585	23
856	239	647	186	410	214	532	780	227	874	103	865	500	44	1	687
118	500	154	585	22	343	456	243	793	16	300	609	328	896	191	787
843	802	764	879	545	848	878	779	516	447	334	161	849	324	136	642
32	165	355	726	356	437	1	17	910	727	187	515	711	511	765	79
367	743	734	853	588	538	641	831	715	570	443	683	399	69	810	20
295	874	766	515	721	528	788	108	389	559	691	229	659	678	648	547
450	229	482	188	328	297	508	412	697	541	437	699	481	734	737	718
761	821	819	307	892	917	474	279	220	25	852	157	882	530	927	866
656	721	229	5	547	455	264	297	561	260	610	407	97	797	47	126
35	481	121	196	137	294	749	316	18	184	427	415	357	341	542	863
941	453	211	886	474	738	937	468	32	70	599	736	714	803	131	514
427	273	901	815	279	243	386	377	213	753	790	787	178	136	540	344
548	58	16	885	336	85	656	687	359	523	929	122	446	530	141	570
127	267	558	45	665	365	182	943	223	754	737	915	478	539	788	308
806	341	697	350	60	626	373	345	532	682	104	408	31	862	162	450
911	195	930	540	492	655	186	836	227	99	795	72	233	730	112	164
468	319	171	865	238	532	565	758	777	554	751	597	217	385	13	900
465	300	386	583	578	777	316	295	605	286	796	333	655	881	384	523
866	588	107	126	550	129	312	441	851	912	181	103	929	76	52	575
146	902	191	514	640	26	118	249	366	379	132	412	105	24	811	283
643	634	160	638	259	776	512	414	660	515	742	860	219	904	457	509
177	336	610	165	396	498	35	706	771	174	37	655	201	367	213	114
371	374	744	262	369	413	127	541	396	155	843	512	345	620	865	184
48	677	28	708	101	257	931	446	42	33	350	743	156	344	303	467
414	614	376	481	340	826	668	825	96	327	918	214	51	307	669	6
513	165	885	93	24	867	814	286	178	781	173	875	181	886	122	502
344	370	354	659	285	649	868	509	540	219	789	244	760	231	165	667
439	395	564	575	245	889	146	877	615	407	379	216	90	898	825	804
327	882	899	934	457	275	600	336	445	119	111	319	571	716	697	762
194	744	687	753	337	902	911	622	203	765	581	117	475	863	239	866
620	911	311	680	638	74	535	688	604	583	451	469	547	75	649	277
493	660	250	524	23	358	326	429	350	361	153	446	879	180	883	273
805	250	625	95	148	451	510	187	771	671	351	259	766	582	337	382
905	275	520	610	733	887	67	248	208	147	211	298	351	926	86	620
157	901	753	320	274	733	266	636	339	398	306	214	533	595	677	305
830	156	256	360	847	511	144	604	680	148	822	593	782	455	897	574
442	132	732	635	178	798	545	894	472	822	656	890	378	799	221	910
825	562	164	698	72	818	863	160	694	716	49	638	258	932	629	146
325	330	218	937	41	195	317	750	434	618	784	797	440	146	579	860
548	67	370	352	681	303	586	285	66	521	637	788	373	392	72	761
192	60	519	515	826	57	592	517	769	895	904	12	9	930	851	274
223	119	599	691	747	147	212	457	7	797	641	590	419	844	940	133
201	849	167	633	933	381	717	893	133	254	928	874	319	394	104	679
881	692	236	287	335	465	550	583	63	827	265	16	704	270	570	170
194	359	187	414	731	880	469	590	433	157	432	694	2	717	760	565
99	137	453	401	222	27	264	697	696	830	189	432	70	402	169	668
360	308	902	139	423	219	509	373	897	341	539	666	384	727	356	65
514	405	392	930	865	523	799	302	528	454	733	581	521	176	338	108
903	342	195	107	576	212	530	928	714	880	86	827	129	386	516	336
768	903	683	299	435	218	325	196	842	312	301	757	65	378	522	319
681	177	379	73	432	876	316	895	441	167	509	582	475	452	425	827
505	463	934	168	208	669	480	564	604	406	447	932	943	35	82	565
828	119	154	890	470	383	486	826	403	199	880	226	277	389	679	251
470	491	587	123	304	212	531	890	733	881	480	504	404	357	495	937
255	550	755	563	435	591	460	393	4	232	923	743	78	799	548	111
649	776	897	224	119	829	702	237	814	329	351	185	758	924	857	431
736	109	917	911	407	58	125	76	18	447	167	583	595	395	524	641
614	939	722	903	492	339	134	213	597	858	724	194	729	306	765	375
799	760	294	823	778	768	303	784	868	923	886	269	247	855	315	528
317	544	600	922	187	226	56	773	712	205	592	856	149	449	369	260
646	113	845	896	681	713	514	830	294	201	782	234	614	21	934	858
338	758	493	918	803	173	731	230	656	401	876	645	695	141	82	847
540	13	237	852	637	904	543	447	483	137	648	479	528	912	728	755
536	858	313	675	131	852	788	305	213	737	866	307	135	557	218	191
199	667	819	284	160	171	660	328	796	458	661	433	225	732	101	786
511	704	26	647	937	824	843	152	252	460	262	900	495	718	203	793
643	490	484	582	188	652	172	492	744	268	414	93	507	901	621	267
471	345	330	567	698	942	157	554	550	652	318	495	183	874	174	344
336	539	852	257	936	21	602	560	744	496	490	580	465	91	695	302
664	581	744	280	621	68	332	702	835	405	335	610	39	129	650	336
160	433	559	144	177	726	810	210	821	425	892	697	695	556	146	567
849	514	434	745	487	213	541	97	566	230	524	810	801	167	232	699
565	33	416	273	100	435	458	360	260	410	772	160	394	145	380	600
365	598	914	728	769	896	380	237	744	709	657	758	225	53	853	104
721	911	858	662	871	138	148	847	422	436	179	145	870	665	353	639
622	453	404	14	220	443	799	22	43	267	183	904	81	723	884	858
855	131	49	40	123	502	424	457	700	119	274	650	890	919	870	927
40	796	258	400	228	170	941	190	220	730	657	910	860	652	907	308
371	586	131	817	313	830	277	892	336	504	573	748	648	179	512	603
588	774	238	115	572	349	787	902	704	914	907	381	620	504	824	733
431	473	89	290	324	161	701	407	195	282	510	475	814	449	503	769
74	937	915	204	920	761	11	13	192	137	633	246	755	784	263	381
17	630	645	327	211	802	788	876	289	837	910	277	227	306	674	394
82	112	880	842	272	456	293	565	749	770	667	74	231	257	43	325
874	54	884	164	350	281	32	598	315	82	622	827	905	195	203	533
339	521	702	507	865	306	340	739	243	820	394	212	196	681	642	374
873	899	896	306	229	314	774	739	836	815	216	461	76	871	304	570
778	318	378	476	526	453	519	423	933	840	492	727	410	41	510	490
169	273	690	156	407	319	105	76	448	409	238	730	907	717	853	622
212	379	167	518	163	585	497	810	745	398	158	27	663	816	460	247
179	96	841	429	356	817	904	650	32	726	896	531	529	95	451	706
472	525	853	299	203	936	534	878	404	222	888	528	533	297	117	264
640	643	256	488	102	372	305	235	679	268	214	379	405	267	517	152
879	872	117	344	940	755	534	685	291	934	926	499	426	384	738	123
461	938	405	757	486	186	291	532	189	570	913	785	249	684	884	801
576	67	120	704	592	431	524	350	626	200	580	780	280	906	37	533
785	644	708	588	667	584	193	490	907	111	80	455	922	347	251	178
226	751	838	287	342	113	453	389	56	881	233	124	766	331	25	341
471	211	874	458	357	160	863	123	577	911	220	599	28	258	322	219
236	607	908	537	411	272	61	127	886	142	589	331	73	796	312	824
206	61	219	26	599	460	250	320	397	205	534	404	483	165	554	57
225	198	163	624	441	618	471	138	382	7	89	926	296	451	105	670
558	733	406	147	836	114	112	843	390	609	689	162	697	117	24	690
782	556	414	128	566	578	368	369	878	341	636	476	942	696	554	547
722	826	914	167	292	283	755	501	741	218	689	695	43	732	941	611
521	625	537	165	23	243	920	709	875	438	747	650	214	777	739	106
670	90	79	309	553	905	906	756	360	262	769	595	601	761	189	527
775	634	291	261	884	533	369	610	118	432	451	353	393	312	807	638
826	772	76	854	147	762	633	302	584	678	254	674	369	294	587	667
502	726	895	448	210	734	259	35	571	202	741	924	522	471	395	812
499	179	189	721	898	404	203	331	841	30	469	810	36	768	600	16
259	251	15	470	618	788	916	911	317	327	686	543	572	367	386	884
210	126	442	723	888	242	547	570	506	94	213	164	573	907	779	541
176	151	395	160	595	799	90	437	563	362	403	896	434	467	910	68
314	153	407	719	384	435	843	315	883	548	180	61	382	173	155	113
431	399	366	278	766	376	768	529	780	663	608	737	906	776	586	420
289	870	910	263	46	266	771	348	555	402	409	439	5	392	846	425
416	74	412	652	639	646	400	667	261	538	209	243	808	238	720	37
303	545	17	262	931	228	857	278	365	117	65	446	435	628	357	261
24	58	496	757	254	104	125	33	76	699	129	679	628	722	564	29
869	599	813	558	321	744	252	925	738	351	697	121	757	792	285	722
807	845	6	913	184	600	797	736	609	259	291	383	397	536	555	338
318	411	234	273	713	471	883	262	501	551	280	880	377	256	209	250
219	815	427	826	327	824	140	560	246	293	179	443	578	332	42	3
436	71	766	882	81	933	509	206	99	598	259	356	578	499	498	919
677	17	820	839	787	786	765	133	324	929	602	310	174	887	300	396
34	231	307	843	144	515	381	941	418	318	724	278	89	299	244	283
470	472	178	11	792	892	669	28	511	718	137	320	300	819	449	31
745	937	115	25	708	747	815	94	595	637	53	67	812	187	509	370
461	57	185	489	351	854	898	26	211	545	442	389	709	121	872	594
20	311	588	202	812	88	225	771	279	513	507	691	411	692	247	230
670	436	129	782	766	573	527	46	862	697	778	193	926	914	646	916
912	666	184	673	832	300	245	928	573	81	909	244	560	112	749	800
81	161	338	508	200	211	722	839	18	770	550	917	50	355	184	563
104	766	24	694	59	817	309	264	42	379	337	713	180	662	940	917
664	193	61	496	653	552	545	67	887	801	776	326	905	183	225	299
96	683	937	126	189	413	633	244	155	913	417	268	403	256	169	732
791	785	299	532	253	906	574	39	232	557	457	480	695	851	117	492
812	795	667	759	253	241	297	428	301	359	563	921	54	803	351	58
111	38	846	10	871	273	725	285	823	234	280	224	414	203	437	491
107	183	136	738	780	457	756	297	938	927	893	820	713	433	901	67
724	645	58	409	280	557	618	662	667	36	579	714	537	568	541	344
73	751	437	555	460	12	432	543	614	615	605	904	97	182	800	915
326	669	722	759	438	441	298	294	864	777	521	783	830	820	554	328
459	753	84	19	534	364	632	161	132	63	47	127	297	705	246	358
213	605	549	17	664	240	217	720	596	487	355	656	283	102	933	758
664	155	720	871	199	194	298	563	845	230	57	587	787	458	795	248
182	477	626	172	246	178	801	372	739	258	306	180	15	884	942	683
492	294	934	835	774	725	362	308	796	683	440	839	552	577	713	568
834	924	29	608	472	95	174	143	637	138	166	98	468	49	450	411
747	509	847	611	587	115	483	121	728	463	549	564	157	86	862	512
297	68	268	633	39	239	730	547	748	595	57	904	376	638	721	941
855	304	930	509	576	896	910	42	254	546	919	744	653	172	660	661
596	692	338	108	145	116	904	230	223	862	17	197	468	481	805	866
856	370	522	748	849	666	294	12	819	890	66	811	299	290	119	244
729	559	208	760	930	282	452	561	739	688	470	79	667	884	206	685
763	394	422	57	810	243	867	718	837	510	351	364	813	630	770	160
10	203	580	407	594	520	277	845	934	33	701	721	410	499	536	561
660	394	835	17	779	33	848	635	540	508	87	421	884	333	784	935
813	755	516	686	346	740	391	705	723	774	811	515	694	852	294	429
371	631	804	332	843	75	336	526	206	457	493	763	827	559	649	302
559	218	907	466	856	395	889	940	479	720	661	646	435	108	896	383
89	559	337	313	62	595	267	214	934	604	322	564	667	736	388	428
773	372	835	341	500	319	890	768	177	530	917	386	527	521	491	409
557	335	927	200	97	37	538	65	429	514	309	517	19	505	432	778
497	49	399	868	261	252	933	118	407	499	492	893	39	712	366	299
537	509	30	651	358	667	552	402	612	682	319	483	870	300	7	796
228	104	514	373	485	193	206	458	695	360	467	687	387	170	916	626
900	221	113	642	274	932	690	413	124	588	714	197	713	767	834	139
89	282	732	23	270	303	20	807	897	868	890	606	847	179	896	227
232	229	601	914	222	497	653	859	338	108	125	428	347	218	660	881
662	36	917	318	671	885	244	742	795	460	740	69	866	734	502	826
319	786	881	515	343	217	355	708	857	290	936	269	849	82	345	930
95	38	367	360	70	140	233	664	155	466	744	827	605	333	662	102
116	724	138	84	440	430	516	778	669	767	687	856	225	140	705	39
261	851	422	504	77	822	645	690	711	244	196	782	585	190	887	521
759	204	282	154	707	510	84	361	934	869	383	399	165	308	296	295
489	759	104	471	514	122	886	37	341	508	699	144	589	483	853	482
829	38	45	185	766	664	580	659	282	417	789	337	330	175	695	827
312	823	457	737	247	79	154	899	834	554	275	538	470	194	1	83
872	76	434	482	878	388	865	214	862	80	237	500	115	104	795	305
173	517	765	937	513	249	634	833	6	935	482	889	316	858	188	865
289	823	340	788	804	461	745	407	297	263	568	396	759	143	935	816
325	799	743	748	561	253	892	753	35	571	361	613	834	2	827	513
133	520	95	43	745	371	199	45	850	250	720	398	28	192	289	580
909	493	405	385	828	853	102	172	683	833	719	669	154	185	314	888
797	204	144	817	159	485	422	304	65	635	647	167	764	662	70	695
388	813	376	18	766	894	272	236	291	612	753	548	641	785	818	20
549	407	775	687	254	320	563	514	774	583	422	869	350	186	189	302
590	658	687	28	632	805	345	442	767	591	138	905	338	379	300	920
97	328	372	677	634	637	771	654	272	33	940	921	207	168	327	365
847	175	169	435	492	766	418	793	101	694	104	929	367	797	860	74
64	56	71	663	451	563	113	781	747	224	478	212	109	690	481	57
389	296	491	311	614	789	18	100	791	279	712	291	577	64	262	174
4	141	48	798	641	937	72	572	133	195	176	451	727	350	931	605
705	791	748	442	204	438	380	869	652	215	664	836	638	118	133	739
28	665	221	908	107	395	372	148	581	769	590	711	592	135	802	675
340	364	309	622	232	932	362	239	243	316	779	341	216	541	702	306
205	71	347	873	558	783	35	470	638	237	753	328	176	823	607	735
74	650	136	524	282	532	149	27	156	437	126	844	666	763	724	119
136	212	574	317	222	83	788	743	84	332	635	891	25	577	712	434
291	694	503	148	705	59	106	254	815	834	310	50	634	643	826	385
484	803	437	318	516	547	491	124	8	347	385	916	4	341	144	41
82	268	122	339	854	596	205	706	221	332	231	363	825	876	128	49
40	212	901	410	706	494	278	426	846	418	91	912	811	454	302	884
445	914	699	119	105	624	67	478	284	772	928	589	81	162	332	642
509	708	216	661	843	365	60	280	511	377	729	622	16	584	55	493
682	431	283	236	117	291	128	617	481	908	29	366	346	569	74	341
187	568	719	771	777	369	394	629	330	181	382	821	435	680	667	815
129	441	221	482	462	877	29	409	671	923	241	438	498	460	723	879
781	70	469	938	100	344	302	183	333	106	400	583	631	808	738	227
593	28	453	464	233	120	920	454	117	386	924	906	826	81	194	864
762	326	205	835	593	239	610	127	93	824	486	340	167	40	80	251
57	819	384	504	892	659	110	176	713	911	707	220	25	593	644	328
506	807	221	471	750	587	609	732	431	99	174	110	158	138	319	897
212	279	280	568	411	766	713	163	380	525	350	695	237	708	724	13
15	699	28	358	73	64	324	495	187	897	448	381	562	665	213	764
425	74	551	922	26	767	540	109	183	876	397	550	872	467	590	302
375	496	411	151	700	572	101	342	178	470	880	51	118	735	897	336
98	190	406	643	157	344	638	597	900	819	881	233	815	184	185	691
654	359	687	711	578	167	406	86	389	291	411	337	424	753	423	658
806	925	879	130	129	149	66	687	310	458	619	904	611	108	120	316
535	791	180	694	140	262	632	110	833	103	353	741	518	721	820	449
570	836	378	418	493	727	713	876	918	345	671	683	591	278	279	743
